3 0.488365 0.778881 0.0342475 0.0889994 0.87727
3 0.901603 0.576074 0.0452255 0.0622759 0.857313
3 0.492638 0.68823 0.0291618 0.0765586 0.852718
3 0.55801 0.588925 0.0299788 0.0748701 0.851731
3 0.565023 0.730084 0.0295405 0.0928382 0.849171
3 0.551425 0.443731 0.0233372 0.0489026 0.839814
3 0.60046 0.295075 0.0158943 0.0307103 0.838669
3 0.772911 0.385705 0.0290943 0.039376 0.83268
3 0.941919 0.649849 0.0527811 0.0830377 0.800182
3 0.497855 0.567192 0.0239547 0.0596305 0.799594
3 0.501966 0.484898 0.0230394 0.0593791 0.772085
3 0.708565 0.322731 0.0216063 0.0388145 0.764687
3 0.590768 0.116282 0.0113023 0.0167161 0.763211
6 0.607685 0.824967 0.0240553 0.0859593 0.753498
6 0.613436 0.961175 0.0246696 0.075314 0.726148
3 0.582915 0.187456 0.0141809 0.0230601 0.724565
3 0.886796 0.488861 0.0560402 0.0461504 0.688588
3 0.580725 0.215842 0.0135105 0.0277006 0.675425
4 0.481651 0.878521 0.0347878 0.100599 0.63684
3 0.512384 0.357475 0.0198832 0.0369359 0.545552
3 0.589506 0.0631997 0.0106171 0.0169697 0.537021
3 0.582638 0.0883244 0.0123794 0.021254 0.535188
3 0.510887 0.268557 0.0152689 0.0325089 0.520017
3 0.877292 0.516347 0.040342 0.0539141 0.482001
9 0.564378 0.287287 0.00874964 0.0225562 0.398618
3 0.481566 0.879179 0.0348913 0.0998569 0.396523
1 0.674066 0.28648 0.00590343 0.0196867 0.379667
0 0.479745 0.486397 0.00772762 0.0334122 0.366848
3 0.579883 0.0423628 0.00787735 0.014321 0.361027
3 0.547312 0.020395 0.00723705 0.0120073 0.340666
9 0.563539 0.288878 0.00666084 0.0228851 0.329517
8 0.144419 0.807494 0.231984 0.379328 0.327775
3 0.651551 0.145305 0.0136725 0.0208137 0.308887
4 0.511267 0.266164 0.0163126 0.0375233 0.286224
3 0.511448 0.239491 0.0143524 0.0295752 0.273959
1 0.564674 0.276325 0.00817026 0.0194456 0.262772
