3 0.510509 0.940623 0.0544937 0.106836 0.892912
3 0.388268 0.81188 0.0401809 0.101222 0.880982
3 0.400133 0.614219 0.0369349 0.0660522 0.868861
3 0.399407 0.706435 0.0299048 0.0692569 0.86466
3 0.483684 0.70606 0.0340815 0.0637458 0.862545
3 0.319605 0.717961 0.0371693 0.0777364 0.857294
3 0.500519 0.620375 0.0299036 0.0511152 0.85546
3 0.465618 0.538711 0.0219442 0.039936 0.853734
3 0.420969 0.556892 0.0241379 0.047864 0.819359
3 0.458356 0.428147 0.0167021 0.0305834 0.812962
3 0.291997 0.832613 0.0493492 0.0999765 0.789113
5 0.376796 0.952928 0.0461237 0.0897464 0.777992
3 0.431867 0.499183 0.0209374 0.0384045 0.753946
6 0.571684 0.904235 0.0458976 0.0960927 0.651712
3 0.402406 0.397295 0.013796 0.025184 0.550804
3 0.39643 0.482756 0.020106 0.0439947 0.547292
3 0.50951 0.530664 0.0206104 0.0466517 0.520311
4 0.509533 0.530576 0.0207693 0.0463908 0.510042
9 0.585958 0.824092 0.0336437 0.0414025 0.472336
5 0.379276 0.55982 0.0274497 0.0634969 0.419703
4 0.420549 0.393555 0.0149807 0.0295237 0.409277
9 0.469714 0.875013 0.0171186 0.0650767 0.409029
6 0.476913 0.490725 0.0134651 0.033952 0.373753
0 0.427498 0.642964 0.00886707 0.0376698 0.368921
0 0.458107 0.621346 0.00948442 0.0387593 0.335968
1 0.442036 0.440823 0.00649138 0.0219435 0.334477
3 0.490474 0.337736 0.0160234 0.0214276 0.300682
9 0.496461 0.80526 0.0143845 0.0503005 0.29709
3 0.538996 0.745716 0.035363 0.0930617 0.270028
7 0.402869 0.530954 0.0163525 0.0447225 0.252365
0 0.613513 0.836357 0.011297 0.05388 0.250801
