3 0.70367 0.874904 0.0626351 0.128714 0.907856
5 0.543716 0.927451 0.0723534 0.145099 0.907103
3 0.668019 0.747264 0.0529362 0.103433 0.906691
3 0.453477 0.769951 0.0387081 0.105642 0.886401
3 0.512334 0.637916 0.0332264 0.0724303 0.883658
3 0.2093 0.451658 0.0388634 0.0610728 0.881605
3 0.145009 0.611851 0.0492234 0.0882879 0.878403
3 0.648579 0.654033 0.0459143 0.0818622 0.875489
3 0.185075 0.627983 0.0536272 0.109213 0.874517
3 0.453456 0.485644 0.0277201 0.0531313 0.870056
3 0.629621 0.565167 0.0405901 0.0640892 0.869621
3 0.209378 0.546131 0.0434184 0.0744809 0.868369
3 0.456025 0.909305 0.049342 0.146787 0.867061
3 0.4838 0.283999 0.0192759 0.0325346 0.8652
3 0.453715 0.656921 0.036583 0.0913288 0.864479
3 0.353196 0.260417 0.0197323 0.0319702 0.863264
3 0.500955 0.50631 0.0290773 0.0570494 0.854923
3 0.185505 0.509959 0.0380895 0.0634293 0.850913
3 0.240653 0.382283 0.0323022 0.0480304 0.847325
3 0.453091 0.547997 0.0314196 0.0688193 0.846041
3 0.372506 0.181614 0.0154286 0.0237124 0.829221
0 0.811337 0.918717 0.015023 0.0607975 0.828629
3 0.38169 0.325327 0.021849 0.0448749 0.825893
3 0.479342 0.237254 0.0175271 0.0316805 0.817304
3 0.60338 0.50862 0.0373049 0.0579445 0.814736
3 0.449654 0.422657 0.0245883 0.0510461 0.814318
0 0.826823 0.952495 0.0134388 0.0536587 0.812589
8 0.449281 0.238621 0.0255654 0.0817218 0.812395
3 0.448631 0.337741 0.020145 0.0392522 0.806277
3 0.492083 0.20002 0.0140697 0.024449 0.805571
3 0.447899 0.376973 0.0215732 0.0410355 0.805309
3 0.552645 0.40358 0.0268029 0.0464247 0.804716
3 0.577893 0.379787 0.0237145 0.0392147 0.799094
3 0.59084 0.458263 0.0418443 0.0488237 0.790159
3 0.450608 0.30373 0.0192318 0.0334093 0.787145
3 0.468841 0.152066 0.0132843 0.0224145 0.78374
3 0.573961 0.241265 0.0385487 0.0290728 0.757312
4 0.252276 0.334058 0.0338985 0.0618925 0.753902
3 0.390358 0.140601 0.0135696 0.0200979 0.742042
3 0.568569 0.339536 0.0256904 0.0412377 0.737113
3 0.582468 0.266715 0.0196613 0.0307323 0.730932
0 0.700468 0.964396 0.0190561 0.0660117 0.723019
3 0.588215 0.417028 0.0298321 0.0443393 0.707431
3 0.491818 0.142845 0.0126551 0.0203376 0.705471
2 0.0922835 0.664792 0.0204964 0.0377691 0.700937
3 0.397123 0.206071 0.0168324 0.0303807 0.699866
3 0.502008 0.162442 0.0184896 0.0211704 0.686422
3 0.54607 0.217697 0.0358237 0.0288376 0.684679
3 0.584181 0.215216 0.0359756 0.0249952 0.673355
3 0.384851 0.294188 0.0225562 0.034492 0.671635
3 0.302998 0.228374 0.0204598 0.0328512 0.658797
0 0.0100413 0.829787 0.0169029 0.0608639 0.65371
3 0.396443 0.231834 0.0170482 0.0364109 0.645892
3 0.312128 0.20648 0.0171155 0.027236 0.640504
3 0.321675 0.181047 0.0143222 0.0263768 0.638558
9 0.573908 0.693983 0.0113087 0.0432624 0.638547
3 0.389935 0.265314 0.0188832 0.0309022 0.636046
3 0.471141 0.0884624 0.00906315 0.0187812 0.630716
3 0.556302 0.288087 0.0182497 0.0303358 0.623287
3 0.543529 0.357355 0.0232403 0.0407848 0.6232
4 0.50869 0.22681 0.01803 0.0376028 0.619285
3 0.281764 0.267146 0.0232948 0.0353851 0.60987
9 0.752468 0.584266 0.0262629 0.0306592 0.604538
0 0.726712 0.562279 0.00968119 0.0393797 0.598961
1 0.5741 0.682506 0.0118849 0.0390927 0.58518
3 0.293682 0.247953 0.0209503 0.0321415 0.577118
3 0.331853 0.155784 0.0155121 0.0282371 0.570697
0 0.204993 0.663895 0.0128291 0.0495187 0.563214
9 0.15782 0.557311 0.0229099 0.0401372 0.560115
3 0.38372 0.110401 0.0128523 0.0153063 0.55247
3 0.555183 0.186978 0.0290583 0.0234801 0.545565
1 0.529854 0.431096 0.00750446 0.0347315 0.534108
3 0.502954 0.0914069 0.0119389 0.0150098 0.530729
3 0.342872 0.135638 0.0148073 0.0249487 0.530413
3 0.378546 0.0629513 0.012325 0.0151565 0.517733
3 0.521037 0.174109 0.0273657 0.0254647 0.517171
3 0.401452 0.0652212 0.00965029 0.0134251 0.508058
2 0.515937 0.36805 0.00818691 0.0260757 0.505993
3 0.395285 0.244301 0.0176563 0.0252366 0.495784
1 0.515722 0.359068 0.00715189 0.0286216 0.493945
3 0.384224 0.119755 0.0117694 0.0203785 0.489888
3 0.551875 0.270035 0.0182924 0.0297634 0.489822
1 0.613154 0.64006 0.0116191 0.0407063 0.487297
3 0.353629 0.108415 0.0106532 0.0173197 0.483735
3 0.398101 0.0820211 0.00921536 0.0152632 0.481446
3 0.511864 0.203642 0.0156462 0.028716 0.474464
9 0.316198 0.283927 0.0074585 0.0241112 0.462884
3 0.448631 0.131828 0.0111626 0.0198299 0.459743
2 0.611806 0.657491 0.0111783 0.0381354 0.45933
3 0.527283 0.112438 0.0117076 0.0194253 0.456053
9 0.65847 0.53725 0.0288076 0.0313771 0.456033
9 0.935335 0.981595 0.0334831 0.034374 0.453342
0 0.707312 0.575502 0.0122724 0.0323667 0.452609
3 0.413597 0.0474904 0.0103759 0.0136685 0.44557
3 0.543834 0.198062 0.0364159 0.0236638 0.433731
3 0.511053 0.195897 0.0173934 0.0249663 0.428748
9 0.913502 0.93917 0.0298856 0.0482571 0.426778
1 0.316216 0.27772 0.00708551 0.0222305 0.42466
9 0.612573 0.654135 0.0108186 0.0456532 0.416517
3 0.154233 0.104573 0.021584 0.0217173 0.414441
3 0.332091 0.161069 0.0138271 0.028246 0.41193
3 0.562344 0.312033 0.0193571 0.0360956 0.408054
3 0.276864 0.289635 0.0212831 0.0383744 0.40617
3 0.358135 0.0883245 0.0140751 0.0146329 0.39645
3 0.530608 0.186206 0.0202184 0.0221415 0.395219
2 0.127692 0.526788 0.0186309 0.0295946 0.392196
3 0.586764 0.320061 0.0168488 0.0285346 0.391935
3 0.361397 0.0830658 0.0128007 0.0145766 0.390192
3 0.550432 0.188557 0.0379042 0.0242155 0.363398
3 0.204918 0.0895527 0.0159371 0.016602 0.362346
2 0.129889 0.520679 0.0187836 0.0328197 0.35742
3 0.167816 0.0945277 0.0154612 0.0168215 0.354572
9 0.155123 0.46804 0.0187927 0.031772 0.352161
0 0.546956 0.157876 0.0064188 0.0201371 0.352105
3 0.187316 0.0773826 0.0135818 0.0187972 0.350642
0 0.527267 0.352285 0.00816822 0.0293864 0.342033
3 0.385356 0.124146 0.0120219 0.0185608 0.338108
9 0.909092 0.933498 0.0355949 0.044914 0.330761
2 0.222744 0.349192 0.0108906 0.0243859 0.323306
3 0.150294 0.106431 0.019514 0.022422 0.323177
3 0.349031 0.118539 0.0111904 0.017134 0.320882
9 0.937205 0.975634 0.0346628 0.0465442 0.319088
3 0.495091 0.0655297 0.0141359 0.0150164 0.317483
3 0.44759 0.106689 0.0115592 0.0206897 0.3164
3 0.344026 0.133062 0.0141603 0.0236689 0.313572
3 0.510704 0.112824 0.013363 0.0199279 0.313403
3 0.208931 0.0631927 0.0120574 0.0131715 0.309113
0 0.615186 0.346643 0.00738869 0.0313796 0.306857
3 0.115653 0.135759 0.0270567 0.0216725 0.306285
3 0.383813 0.0447239 0.0113108 0.0150086 0.300967
3 0.372811 0.0679738 0.0118324 0.0115298 0.298333
3 0.404968 0.159152 0.012256 0.0210924 0.29746
9 0.919454 0.943898 0.0311733 0.0472706 0.297395
3 0.516485 0.136712 0.0127443 0.0232417 0.297279
3 0.450886 0.0655213 0.0107431 0.0137159 0.294279
9 0.154238 0.482291 0.0195397 0.0273831 0.290448
3 0.411723 0.0465465 0.0109497 0.0142686 0.289517
3 0.320762 0.186486 0.0143578 0.0247858 0.280038
0 0.534663 0.251731 0.00691983 0.023723 0.2795
3 0.465273 0.0671265 0.00719872 0.014972 0.268935
3 0.449027 0.0686037 0.0107688 0.0156254 0.268457
2 0.529652 0.435404 0.00797672 0.0334574 0.258184
3 0.330864 0.168482 0.0128425 0.0220277 0.258118
3 0.577933 0.233194 0.0373531 0.0274071 0.257071
0 0.701208 0.957085 0.0149008 0.0633824 0.254945
2 0.202251 0.344906 0.0111151 0.0243461 0.254256
