3 0.690226 0.340538 0.0669162 0.0497044 0.832105
3 0.531327 0.319282 0.0674765 0.0513826 0.795678
3 0.437993 0.323612 0.062891 0.0471583 0.794569
0 0.357403 0.818321 0.0165235 0.0631233 0.749059
3 0.0660792 0.416684 0.0831798 0.0641807 0.739974
0 0.732837 0.711582 0.0165251 0.0588942 0.738476
3 0.772941 0.448941 0.0850281 0.0716979 0.735935
3 0.584574 0.451914 0.0787361 0.0679988 0.723448
9 0.326166 0.927359 0.0390528 0.0863359 0.705968
3 0.951299 0.4411 0.0792234 0.0629714 0.69345
3 0.0241824 0.463975 0.0482767 0.0619087 0.68477
3 0.143639 0.432819 0.087914 0.0589723 0.660887
0 0.325482 0.843039 0.0164804 0.0679776 0.619941
4 0.699507 0.44829 0.0753594 0.0687216 0.611735
9 0.0400844 0.920356 0.0358888 0.0781152 0.605721
0 0.3429 0.680612 0.0177241 0.0610921 0.598127
9 0.870985 0.783844 0.0419592 0.0554637 0.57805
0 0.613116 0.699545 0.0157714 0.0541987 0.563214
9 0.0870172 0.699463 0.0361427 0.0610604 0.561696
9 0.123274 0.628083 0.0278197 0.0581557 0.485885
9 0.194113 0.850532 0.0393808 0.0771585 0.480431
9 0.702279 0.604875 0.0196543 0.0530382 0.456288
9 0.372316 0.60028 0.0404194 0.0443497 0.452975
9 0.822933 0.645612 0.0222872 0.0572405 0.432382
1 0.908652 0.581104 0.0165344 0.0502641 0.429045
3 0.510889 0.4255 0.0436409 0.0562323 0.395045
9 0.744334 0.618869 0.0178446 0.0570049 0.383144
1 0.190445 0.821475 0.0172396 0.0517604 0.376636
9 0.770896 0.629761 0.0238424 0.0474918 0.360729
3 0.957874 0.360465 0.0683968 0.044668 0.355958
9 0.356338 0.515255 0.0163437 0.0508309 0.348987
9 0.307266 0.635224 0.025908 0.0535833 0.345164
1 0.743752 0.605389 0.0156686 0.0543898 0.330103
9 0.908524 0.583959 0.0175819 0.051522 0.317587
1 0.824292 0.641503 0.0190887 0.0525406 0.31225
0 0.564081 0.641225 0.0131008 0.0516686 0.304747
9 0.317764 0.632935 0.029423 0.0549706 0.29244
9 0.721752 0.582073 0.0188255 0.0454414 0.284691
1 0.0416638 0.653933 0.0235541 0.0617632 0.278104
1 0.644531 0.655855 0.0224211 0.0383033 0.271797
3 0.497703 0.425478 0.0703167 0.0578971 0.267982
0 0.18274 0.403427 0.0172009 0.0510793 0.267428
1 0.839183 0.561106 0.0111025 0.0363118 0.266477
0 0.319633 0.493745 0.0133939 0.0511583 0.26185
1 0.773963 0.629305 0.0172638 0.0468662 0.260624
9 0.258155 0.705819 0.0504489 0.057687 0.257559
0 0.89088 0.682788 0.0164397 0.0539017 0.253065
9 0.852471 0.917557 0.0484657 0.0569797 0.252098
0 0.274336 0.705216 0.0174115 0.0594626 0.251388
9 0.321854 0.630719 0.0207647 0.056976 0.251309
