3 0.48344 0.720424 0.0405161 0.0600671 0.870478
3 0.372508 0.648956 0.0338655 0.0547238 0.86067
3 0.44338 0.795307 0.0438561 0.0749079 0.859438
3 0.215287 0.740441 0.0307342 0.0757005 0.85421
3 0.171042 0.415196 0.0166754 0.0282214 0.850018
3 0.3538 0.497017 0.0244562 0.0333103 0.839013
3 0.425533 0.617193 0.0297918 0.0445227 0.834969
3 0.398697 0.572821 0.0302382 0.0439677 0.833113
3 0.45486 0.672576 0.0343877 0.0502387 0.810984
3 0.314748 0.428102 0.0189261 0.0295117 0.787458
3 0.338611 0.474059 0.0229809 0.0298063 0.772502
3 0.26502 0.348383 0.015609 0.020706 0.704304
3 0.141575 0.378356 0.0157641 0.027209 0.672659
3 0.228436 0.286586 0.0148934 0.0195262 0.636985
3 0.215193 0.265736 0.0127121 0.0193656 0.614812
3 0.198844 0.270378 0.0115712 0.0190292 0.603858
4 0.299233 0.399869 0.0187015 0.0306208 0.58767
3 0.203651 0.2506 0.0105633 0.0147447 0.586718
3 0.240325 0.303432 0.0136189 0.0179399 0.568195
3 0.147309 0.613873 0.0243908 0.0487364 0.557204
3 0.408314 0.633894 0.0240976 0.0459911 0.551312
3 0.260716 0.335187 0.0166596 0.0206584 0.540291
3 0.25066 0.319595 0.0140506 0.0191416 0.535934
3 0.374187 0.53049 0.0262907 0.0352701 0.519804
3 0.276906 0.366078 0.0151663 0.0227619 0.519167
4 0.167263 0.777084 0.0399129 0.113918 0.487379
3 0.151644 0.662253 0.0255069 0.0545693 0.481882
4 0.239206 0.357116 0.0170044 0.0343652 0.476059
3 0.288922 0.382825 0.0168964 0.0256754 0.466687
3 0.194007 0.225873 0.0101123 0.0140922 0.399973
3 0.13515 0.440798 0.0207916 0.0290936 0.355062
0 0.781132 0.283048 0.00481885 0.0198475 0.351818
3 0.42333 0.624175 0.033848 0.0455827 0.347559
3 0.146879 0.575465 0.0219915 0.0419957 0.323907
0 0.896887 0.251235 0.00628662 0.0182332 0.311884
3 0.156236 0.192152 0.00876872 0.0157086 0.309064
3 0.167491 0.779273 0.0396538 0.112354 0.295348
3 0.28681 0.497098 0.0185801 0.0365746 0.291853
3 0.283415 0.371271 0.0208508 0.0197987 0.29062
0 0.803844 0.235474 0.00491664 0.0185154 0.288889
3 0.227973 0.284069 0.0134811 0.0159649 0.286779
1 0.42906 0.545178 0.0107401 0.0239202 0.276635
3 0.274852 0.367546 0.0140502 0.0208402 0.26674
9 0.429229 0.549932 0.0129168 0.028519 0.259071
3 0.261912 0.338542 0.0168996 0.0228722 0.250328
