3 0.53913 0.903237 0.0685289 0.188643 0.913219
3 0.520953 0.387308 0.0337708 0.0646125 0.873922
3 0.797373 0.85177 0.119485 0.152362 0.865409
3 0.487218 0.208487 0.0321351 0.0401578 0.837646
3 0.416021 0.181641 0.0295071 0.0445708 0.829556
3 0.513656 0.240005 0.025429 0.0477669 0.828606
3 0.106964 0.864096 0.171497 0.128769 0.823525
3 0.510186 0.159958 0.0187317 0.0297371 0.811378
7 0.294982 0.567822 0.049203 0.111996 0.794715
6 0.648323 0.807681 0.0517183 0.120297 0.794308
3 0.288012 0.422536 0.0759866 0.0628487 0.785456
3 0.50888 0.130735 0.0171898 0.0289907 0.762826
3 0.472692 0.110808 0.0185996 0.0304187 0.75932
3 0.131829 0.766684 0.146619 0.109206 0.757054
3 0.206061 0.596477 0.0995491 0.0676712 0.732553
3 0.186493 0.661582 0.124816 0.0949217 0.721698
3 0.536122 0.092266 0.0156095 0.0255093 0.695641
3 0.235739 0.533295 0.0900985 0.070351 0.661244
9 0.181461 0.953747 0.0460446 0.0876845 0.656306
1 0.657859 0.545738 0.0125993 0.0497968 0.651331
3 0.475156 0.0621769 0.0126829 0.0237111 0.628524
3 0.330472 0.282624 0.0629196 0.0458206 0.627733
4 0.690621 0.749649 0.0516516 0.150688 0.606307
3 0.465857 0.0847295 0.0126715 0.0238062 0.602885
3 0.303855 0.363098 0.0633762 0.0543228 0.600947
9 0.659279 0.560068 0.0182894 0.0475766 0.599305
3 0.898713 0.117708 0.0194972 0.0247235 0.542882
1 0.442062 0.163508 0.00740509 0.0233433 0.516664
9 0.442337 0.172212 0.0071447 0.0235508 0.498984
3 0.503529 0.0922178 0.0148806 0.0253198 0.498101
3 0.718718 0.492301 0.104972 0.0791879 0.489853
3 0.504393 0.101393 0.0158311 0.0256343 0.479217
3 0.367257 0.19037 0.0438111 0.0385818 0.450659
3 0.8422 0.0826897 0.0166929 0.020584 0.443353
3 0.770701 0.678762 0.110073 0.103608 0.437046
1 0.641404 0.772755 0.0193983 0.0538588 0.43226
3 0.505655 0.0551645 0.0133658 0.0227794 0.430328
3 0.913674 0.0996024 0.0431088 0.0286261 0.428466
4 0.974845 0.161235 0.0235555 0.0348923 0.414628
3 0.346322 0.23934 0.049223 0.0428335 0.350683
7 0.690448 0.749284 0.0511511 0.150508 0.328275
3 0.924192 0.107934 0.0409225 0.0228719 0.321797
3 0.35289 0.219453 0.0474692 0.0370711 0.312125
4 0.728712 0.578056 0.101745 0.0880198 0.308254
0 0.572484 0.201549 0.00752285 0.0331851 0.287302
1 0.639491 0.776985 0.0319187 0.058512 0.285926
3 0.447373 0.0468214 0.0154293 0.0236459 0.275978
3 0.289079 0.3694 0.0817405 0.0552272 0.268333
3 0.363491 0.201875 0.0453463 0.0333141 0.257372
9 0.603275 0.332831 0.0120175 0.0330809 0.256342
