3 0.532763 0.917332 0.0521696 0.153922 0.90844
3 0.526937 0.673141 0.0356464 0.0802209 0.875748
3 0.501185 0.4641 0.0216974 0.040626 0.847775
3 0.447817 0.488694 0.0223238 0.0464843 0.805078
3 0.497382 0.350494 0.015766 0.0260914 0.796966
3 0.433516 0.685241 0.0372926 0.0838242 0.746087
1 0.632494 0.941471 0.0191856 0.0604233 0.653081
1 0.482941 0.542414 0.00853834 0.0331438 0.631839
1 0.534085 0.455228 0.00677586 0.0221223 0.577104
3 0.51204 0.326279 0.0125327 0.0233555 0.570648
3 0.453805 0.539234 0.028928 0.066931 0.552463
9 0.63235 0.962151 0.0199993 0.0698309 0.490195
1 0.61777 0.79105 0.0139917 0.0563995 0.473629
1 0.557988 0.580027 0.00937831 0.034964 0.441599
3 0.527322 0.343124 0.0148003 0.0257642 0.412199
9 0.534142 0.462607 0.00769994 0.0298131 0.405209
5 0.332157 0.800027 0.0393716 0.101525 0.392656
9 0.477829 0.68339 0.0112321 0.0569715 0.378534
9 0.557886 0.592023 0.00927124 0.0356973 0.378201
9 0.482766 0.553257 0.00829697 0.0337769 0.371928
3 0.543386 0.341065 0.0136515 0.0239595 0.365914
3 0.456151 0.390783 0.0182352 0.0340115 0.343922
1 0.477823 0.675697 0.0104614 0.0443285 0.343448
3 0.527018 0.319057 0.0143072 0.0233934 0.335767
3 0.479268 0.312904 0.0109121 0.0185498 0.329514
9 0.618397 0.797563 0.0150077 0.0596013 0.297642
3 0.496216 0.249304 0.00787468 0.0162242 0.276544
0 0.464639 0.841479 0.0141253 0.0597758 0.263144
7 0.332237 0.800215 0.0397805 0.101341 0.260244
3 0.523694 0.29894 0.013113 0.0203491 0.250737
