0 0.616249 0.806324 0.0300976 0.146914 0.851358
0 0.539669 0.325161 0.0215454 0.111413 0.814053
0 0.59457 0.631949 0.0312326 0.128647 0.780209
5 0.376718 0.458717 0.0841456 0.222843 0.777695
0 0.519491 0.0818984 0.0147093 0.0725811 0.777244
5 0.296912 0.0465262 0.145121 0.0930525 0.766921
9 0.386435 0.259098 0.030164 0.0946451 0.759919
7 0.567384 0.243666 0.0335291 0.105889 0.759207
3 0.378972 0.0315894 0.0622292 0.0618697 0.727421
0 0.536862 0.138083 0.0180625 0.0763314 0.711624
6 0.311094 0.194963 0.0963505 0.0835916 0.650335
0 0.487644 0.0218803 0.0125855 0.0428486 0.63875
9 0.421316 0.80874 0.0369351 0.142195 0.607792
0 0.403577 0.707355 0.0320245 0.13181 0.589939
0 0.647498 0.543638 0.0275696 0.117591 0.564827
0 0.581743 0.0837727 0.0141991 0.0637703 0.517803
0 0.438334 0.0230011 0.0136673 0.0460021 0.504845
9 0.541353 0.0802553 0.0208536 0.0670648 0.337524
0 0.58497 0.131205 0.0147188 0.0598052 0.331291
6 0.0764221 0.0143525 0.0409617 0.028705 0.307342
9 0.00800905 0.10754 0.0160117 0.0517573 0.284917
7 0.103946 0.103676 0.0815062 0.080333 0.2742
