3 0.253609 0.76409 0.202129 0.262646 0.899872
3 0.488275 0.716751 0.111324 0.194096 0.89336
3 0.922297 0.860858 0.155407 0.277529 0.811819
7 0.623071 0.765246 0.105769 0.27307 0.809305
0 0.565214 0.617554 0.0247593 0.12009 0.756265
0 0.379774 0.506276 0.0115902 0.056424 0.712091
6 0.106834 0.779229 0.0881052 0.186503 0.663078
2 0.418172 0.575215 0.0248964 0.0684486 0.598118
0 0.715289 0.680816 0.0241585 0.0882901 0.591057
0 0.0144447 0.544538 0.0236287 0.104393 0.536173
1 0.331721 0.536209 0.021914 0.0816125 0.517758
2 0.0135454 0.594533 0.0270907 0.0920994 0.515473
2 0.507858 0.512983 0.0357037 0.0396233 0.488932
1 0.43661 0.50312 0.0180253 0.0437666 0.486559
1 0.418896 0.559735 0.0222094 0.0928431 0.456619
4 0.729629 0.604356 0.143605 0.128251 0.44953
3 0.7274 0.605675 0.143117 0.129364 0.441613
2 0.33163 0.557544 0.0212619 0.0571856 0.429816
0 0.285133 0.53964 0.012696 0.060645 0.428844
1 0.109217 0.715676 0.0506133 0.157292 0.422942
1 0.359392 0.499114 0.011807 0.0542116 0.420523
1 0.310147 0.577761 0.0210291 0.073414 0.402784
3 0.794659 0.681881 0.141754 0.149343 0.402599
3 0.232617 0.558772 0.0770307 0.0919532 0.402418
1 0.441575 0.489913 0.0130397 0.0461841 0.374694
4 0.799227 0.683873 0.14836 0.152023 0.361133
3 0.539451 0.430701 0.027404 0.0308933 0.359396
6 0.123592 0.757903 0.125816 0.190767 0.348819
3 0.283738 0.654634 0.148796 0.113167 0.318829
2 0.0628933 0.58069 0.056136 0.060988 0.306202
4 0.916859 0.854256 0.165189 0.287451 0.299372
9 0.0639725 0.579104 0.0574142 0.0661426 0.295462
9 0.0766468 0.575457 0.0336181 0.0713259 0.288701
3 0.541591 0.46147 0.0346871 0.0341414 0.285202
3 0.269228 0.671388 0.176139 0.141754 0.279736
0 0.359829 0.500886 0.0109081 0.0570689 0.275458
3 0.53675 0.437595 0.0260983 0.0299743 0.270822
1 0.442335 0.477251 0.0128185 0.03934 0.268748
3 0.540321 0.435281 0.0306273 0.030211 0.261552
