3 0.911486 0.926862 0.0891393 0.145321 0.917111
3 0.48188 0.873866 0.0578062 0.170176 0.911458
3 0.840054 0.713645 0.0465889 0.110416 0.896825
3 0.453891 0.720547 0.102771 0.100068 0.88802
3 0.749165 0.362848 0.0351414 0.0569682 0.869759
3 0.926448 0.619604 0.0993464 0.0709149 0.867286
3 0.805981 0.446631 0.0772025 0.060072 0.861876
3 0.945164 0.678609 0.0878666 0.0770789 0.85978
3 0.331709 0.819401 0.0790728 0.14482 0.853804
3 0.516577 0.486946 0.032682 0.0787169 0.852917
3 0.302197 0.548172 0.0820473 0.0616152 0.846864
3 0.321352 0.484168 0.0716542 0.0626346 0.841899
3 0.294502 0.611241 0.102833 0.0784911 0.837641
9 0.135165 0.882095 0.0487313 0.0533244 0.836089
3 0.531174 0.289552 0.0250309 0.0532944 0.833726
3 0.631729 0.0978344 0.0157491 0.0249855 0.818737
3 0.336405 0.451696 0.074421 0.0585122 0.812361
3 0.901037 0.386553 0.0690475 0.0521886 0.808726
3 0.86727 0.329577 0.0615468 0.0397063 0.796534
3 0.765886 0.168791 0.0443126 0.0289064 0.795433
3 0.662558 0.154653 0.0191259 0.0288792 0.794247
3 0.58838 0.109511 0.0162952 0.0248584 0.791179
3 0.628831 0.174681 0.0178167 0.0281158 0.790676
3 0.838392 0.285377 0.0561222 0.0369516 0.788114
3 0.347194 0.423472 0.0745178 0.0535313 0.786343
3 0.411726 0.237629 0.0294081 0.0524292 0.772788
3 0.360093 0.392893 0.0638758 0.0569698 0.766594
3 0.374263 0.370467 0.0675348 0.0503818 0.765117
3 0.880529 0.356716 0.0622982 0.0453332 0.756562
3 0.635117 0.217238 0.0199776 0.0334808 0.7535
3 0.872512 0.179436 0.0402096 0.0287258 0.733485
9 0.170194 0.764756 0.0247615 0.0648495 0.722872
3 0.391285 0.0984823 0.0301691 0.0259144 0.701171
3 0.837853 0.23389 0.0503469 0.0384196 0.689014
3 0.570046 0.0577065 0.0128221 0.0216848 0.680581
0 0.864454 0.223132 0.00867193 0.0301427 0.658676
3 0.858231 0.304329 0.0602007 0.0423464 0.641586
0 0.41657 0.421711 0.00940152 0.0412947 0.602833
9 0.384593 0.268954 0.0190523 0.0233134 0.599854
3 0.854445 0.297386 0.0609326 0.0414281 0.596423
0 0.442863 0.288383 0.00894048 0.0381433 0.583194
9 0.946766 0.396721 0.0145126 0.0306736 0.571556
3 0.861099 0.31076 0.0577179 0.0375596 0.541208
4 0.833211 0.258341 0.0555084 0.0410195 0.535987
9 0.0919845 0.980315 0.0558785 0.0381758 0.52024
3 0.468082 0.167821 0.0184897 0.0327232 0.518642
6 0.699403 0.325917 0.0152044 0.04072 0.505145
0 0.751194 0.205321 0.0101241 0.0273535 0.499582
0 0.748362 0.204632 0.00925329 0.0248835 0.497541
0 0.432075 0.31188 0.00838412 0.0346307 0.491871
9 0.567489 0.212309 0.00716055 0.0277554 0.463366
3 0.427198 0.123972 0.0293054 0.025803 0.460706
3 0.835029 0.257376 0.054302 0.0408909 0.460313
0 0.430105 0.419783 0.00906736 0.0365857 0.453142
3 0.375024 0.158301 0.0250125 0.0379304 0.449046
1 0.567939 0.206144 0.00663048 0.0252349 0.42955
3 0.738861 0.111603 0.0326467 0.0249703 0.427572
9 0.429344 0.579789 0.0302435 0.0371153 0.418566
3 0.494575 0.170824 0.0229477 0.0304648 0.415544
9 0.420207 0.169557 0.00972501 0.0190448 0.362778
3 0.472088 0.149816 0.029888 0.0244673 0.343136
3 0.872149 0.335568 0.0575558 0.0342467 0.33388
3 0.469453 0.136092 0.02848 0.0258081 0.328889
0 0.864111 0.221382 0.0066067 0.0277363 0.315055
9 0.67039 0.101454 0.00541077 0.0193364 0.309373
9 0.567309 0.210192 0.00962484 0.0281038 0.304094
3 0.486775 0.200809 0.0457403 0.0376565 0.278237
3 0.843897 0.291585 0.0593844 0.0418734 0.276275
3 0.386809 0.100707 0.037385 0.024603 0.274126
0 0.436131 0.262796 0.00978892 0.0294475 0.26805
3 0.816948 0.171948 0.0370197 0.0302651 0.265957
1 0.670552 0.0972238 0.00505142 0.018463 0.262214
3 0.737033 0.108324 0.0343084 0.0258306 0.257683
