3 0.0906677 0.941075 0.0777651 0.113832 0.899258
3 0.353417 0.751923 0.0371635 0.0733556 0.87569
3 0.535445 0.609192 0.0216242 0.0364741 0.864061
3 0.422719 0.588444 0.0211311 0.0365801 0.850655
3 0.519114 0.729775 0.0293988 0.0539371 0.844476
3 0.754755 0.871556 0.0598951 0.0862135 0.83998
3 0.120163 0.795126 0.0551983 0.0769185 0.834572
3 0.694105 0.716345 0.038489 0.0519419 0.760694
3 0.378341 0.609921 0.0222963 0.0505442 0.74999
1 0.233992 0.942838 0.0152982 0.0475722 0.726067
9 0.554174 0.754539 0.0109706 0.0356028 0.72491
1 0.272507 0.848658 0.0127667 0.0404704 0.716997
3 0.246944 0.638915 0.0227748 0.0495818 0.695399
1 0.279651 0.780131 0.0114629 0.0390411 0.676041
3 0.313253 0.930603 0.0550144 0.130086 0.663674
9 0.272101 0.867944 0.0142041 0.0475321 0.631877
1 0.553916 0.73852 0.0102503 0.0315077 0.62077
9 0.278689 0.79697 0.0127858 0.0405324 0.606545
4 0.349972 0.540325 0.0190919 0.0360119 0.598604
1 0.344945 0.654653 0.00918961 0.030093 0.589121
9 0.23366 0.963665 0.0170597 0.0624027 0.579573
9 0.572406 0.740426 0.0109749 0.0329881 0.565674
1 0.303421 0.700795 0.00961587 0.0286082 0.563973
9 0.30217 0.718606 0.011124 0.0369175 0.548916
9 0.344502 0.666602 0.00951179 0.0328483 0.515619
9 0.314702 0.647646 0.00929251 0.0273443 0.512961
9 0.390664 0.574772 0.00737991 0.0195656 0.502237
1 0.378357 0.539224 0.00595252 0.020767 0.495908
9 0.240074 0.582756 0.0210117 0.0238598 0.494744
3 0.409558 0.681179 0.0287357 0.0685488 0.493231
1 0.390568 0.563927 0.00690111 0.0181339 0.435722
9 0.46567 0.46837 0.00697556 0.0168744 0.425879
9 0.183783 0.743163 0.0160926 0.040505 0.416808
1 0.572448 0.730919 0.00973129 0.0349006 0.41349
3 0.350009 0.540369 0.0191489 0.0361452 0.411862
9 0.696368 0.965357 0.0274485 0.0452242 0.386751
4 0.312918 0.930995 0.0545535 0.13044 0.343227
3 0.837452 0.976243 0.069479 0.0440336 0.341566
9 0.105825 0.845957 0.0262747 0.0492191 0.322764
3 0.530158 0.476075 0.0124371 0.0201987 0.310557
9 0.0861838 0.886112 0.02315 0.0423574 0.305748
9 0.377899 0.54664 0.00685104 0.0180169 0.300406
9 0.390306 0.570655 0.00623665 0.0236699 0.298867
9 0.391558 0.48453 0.00496054 0.0163085 0.281946
3 0.397446 0.413273 0.0152937 0.0180444 0.278915
9 0.696038 0.850707 0.0158872 0.0439321 0.278219
1 0.821802 0.944286 0.017157 0.0474754 0.276103
3 0.363892 0.50832 0.0169971 0.0262036 0.271797
9 0.302431 0.711501 0.0107139 0.0386305 0.263959
7 0.407176 0.480278 0.00959072 0.0230705 0.261194
