8 0.867881 0.688369 0.0745202 0.150708 0.883092
5 0.950436 0.720121 0.0823074 0.151789 0.877237
3 0.6192 0.86259 0.0508299 0.0774693 0.871624
3 0.572591 0.848819 0.0567463 0.0696645 0.869609
3 0.145969 0.776073 0.0595213 0.0571601 0.855341
3 0.0291149 0.529813 0.0354531 0.0346271 0.829098
3 0.0984294 0.420339 0.0293881 0.0256068 0.815074
3 0.0699971 0.423254 0.0286765 0.0254642 0.804927
4 0.140652 0.488927 0.0444219 0.0384512 0.804759
3 0.0207805 0.441512 0.0190831 0.026007 0.789722
3 0.112508 0.407121 0.0303354 0.0278569 0.775804
3 0.761571 0.361514 0.028754 0.022472 0.770808
3 0.14451 0.407666 0.0270937 0.0238403 0.751736
3 0.0851562 0.540662 0.0493782 0.0322118 0.751595
0 0.0955897 0.665153 0.00784016 0.0297903 0.721886
0 0.0523017 0.598284 0.00840123 0.0336136 0.714946
0 0.0154056 0.580582 0.00738118 0.0270698 0.708364
3 0.17218 0.393344 0.0317534 0.0247405 0.688945
3 0.986749 0.368839 0.025927 0.0216015 0.659915
3 0.988367 0.714094 0.022991 0.107192 0.653325
3 0.009883 0.488722 0.019766 0.0316145 0.650394
3 0.861595 0.365775 0.0277645 0.0215722 0.644729
0 0.402121 0.619079 0.00828844 0.029969 0.64409
3 0.180645 0.365562 0.0227051 0.021493 0.598969
0 0.439889 0.634298 0.00819186 0.0307477 0.574804
0 0.502386 0.642311 0.00787475 0.0298846 0.572463
3 0.00743976 0.380152 0.0148795 0.0220228 0.561638
0 0.0272409 0.603011 0.0083998 0.0277769 0.560428
0 0.393137 0.621723 0.00650549 0.0291401 0.537695
3 0.0294546 0.38388 0.023362 0.0226624 0.536876
3 0.0603371 0.397721 0.0255523 0.0264257 0.531484
0 0.39406 0.606144 0.00646533 0.0287444 0.522365
3 0.15905 0.401047 0.0269822 0.0228882 0.52117
3 0.0206478 0.353023 0.0157497 0.0196266 0.512631
0 0.545691 0.654498 0.00775851 0.035919 0.510855
0 0.359668 0.603883 0.00670785 0.0329555 0.483828
3 0.0129424 0.396038 0.0250227 0.0222319 0.470624
3 0.0186117 0.397093 0.0328738 0.0229079 0.467981
0 0.370302 0.60299 0.00639238 0.0328883 0.463736
0 0.00714445 0.60188 0.00879593 0.03199 0.456707
3 0.699916 0.358842 0.032301 0.0219966 0.439506
3 0.066521 0.399184 0.0282942 0.0244019 0.438589
3 0.0286456 0.395515 0.0290502 0.0245651 0.43338
3 0.0471865 0.381128 0.0210888 0.0213635 0.433137
3 0.0524449 0.397418 0.0276075 0.0252938 0.42673
0 0.131131 0.540708 0.0067148 0.0295398 0.421051
0 0.132365 0.544809 0.00753589 0.0299514 0.401924
3 0.0754734 0.543716 0.0309575 0.0331113 0.380879
0 0.0055797 0.586828 0.00876911 0.0240721 0.371854
3 0.065346 0.355932 0.0220343 0.0201577 0.36961
0 0.438565 0.62076 0.00733014 0.0292534 0.368157
0 0.37216 0.610098 0.00695484 0.0307997 0.363471
0 0.0222864 0.604964 0.00749142 0.025964 0.360698
0 0.377223 0.615481 0.00805884 0.0291114 0.354809
0 0.424904 0.626699 0.00747299 0.029159 0.345813
3 0.349806 0.981157 0.05035 0.0345819 0.330044
0 0.348635 0.593522 0.00977049 0.0298631 0.323213
0 0.305077 0.566466 0.00667971 0.0265197 0.318709
0 0.206383 0.384375 0.00723653 0.0179113 0.318121
3 0.0731223 0.401886 0.0275521 0.0249045 0.316719
0 0.012593 0.605568 0.00670094 0.0269553 0.306574
0 0.515021 0.656741 0.00812934 0.0276809 0.303118
3 0.0378259 0.343566 0.0149411 0.0219011 0.287605
4 0.150187 0.370583 0.0263277 0.027055 0.287459
0 0.00449472 0.423471 0.00838739 0.0252119 0.285844
3 0.0134944 0.382779 0.0213377 0.0235775 0.284649
3 0.0567826 0.384801 0.0274055 0.0232527 0.278304
0 0.114877 0.650631 0.00812897 0.026603 0.276462
3 0.091925 0.359955 0.0167135 0.0210083 0.271169
3 0.0372326 0.348752 0.0151919 0.0187298 0.264769
3 0.109556 0.362369 0.0206728 0.0213726 0.264134
0 0.518882 0.661374 0.010197 0.0282978 0.263822
0 0.306032 0.563128 0.00697441 0.0316223 0.263262
0 0.35855 0.584981 0.006643 0.0296397 0.26272
0 0.391693 0.610498 0.00845117 0.0263614 0.259208
0 0.375376 0.619346 0.00714044 0.0295137 0.258983
0 0.138392 0.342006 0.00517898 0.0174134 0.25312
