5 0.343088 0.691919 0.11235 0.378522 0.880926
3 0.151468 0.118034 0.0666318 0.0845893 0.810685
0 0.446917 0.593355 0.023994 0.109738 0.77691
6 0.618767 0.542616 0.0876201 0.11109 0.764639
0 0.424919 0.60651 0.0211491 0.105535 0.738533
7 0.648903 0.815728 0.115444 0.368544 0.694714
7 0.433608 0.0921555 0.0286501 0.0733294 0.687013
9 0.509205 0.374072 0.023284 0.0848829 0.686283
0 0.453765 0.061749 0.0112406 0.0502182 0.675897
0 0.420919 0.495751 0.0241236 0.0842438 0.611824
1 0.509246 0.356188 0.0231154 0.0746316 0.591202
0 0.621309 0.95589 0.039888 0.0851207 0.547042
0 0.472803 0.0772228 0.0133595 0.059766 0.539771
0 0.466226 0.0835309 0.00943087 0.0509271 0.50405
6 0.355498 0.302849 0.117587 0.095803 0.470168
7 0.575186 0.349765 0.0631104 0.0850203 0.438803
3 0.526949 0.0257286 0.0324739 0.0514572 0.420553
7 0.528118 0.025251 0.0350225 0.0505021 0.413393
0 0.42757 0.578174 0.0238501 0.116318 0.41181
6 0.590071 0.468147 0.0734274 0.0895271 0.373435
7 0.583898 0.424398 0.0729252 0.104354 0.372595
7 0.531348 0.0644979 0.0349135 0.0514911 0.360287
3 0.0266918 0.0288975 0.0533837 0.0540208 0.358989
1 0.0506173 0.0541 0.0192479 0.0455747 0.333936
0 0.6123 0.316916 0.0178987 0.0625403 0.328631
6 0.648586 0.621127 0.0706512 0.0775198 0.313134
6 0.531115 0.0636488 0.035359 0.0501809 0.312138
7 0.528963 0.0431434 0.0357977 0.0619447 0.277512
7 0.545926 0.0834511 0.0504956 0.0525711 0.262073
6 0.441991 0.0343939 0.0300078 0.0544653 0.255937
