3 0.0656464 0.908267 0.107489 0.0795589 0.91621
3 0.204044 0.929808 0.0608802 0.11892 0.909264
3 0.276107 0.741309 0.0387654 0.0686275 0.894789
3 0.141905 0.769752 0.0876543 0.0696114 0.881244
3 0.641849 0.731085 0.0357238 0.06297 0.862504
3 0.48017 0.534844 0.0214214 0.0369622 0.857837
3 0.251491 0.607466 0.0340876 0.0553487 0.84607
3 0.506682 0.511452 0.0205341 0.033005 0.842864
3 0.587035 0.51322 0.0194666 0.033894 0.8398
3 0.310078 0.481177 0.0216115 0.0333677 0.832355
3 0.601648 0.58743 0.0263925 0.0419049 0.810068
3 0.294738 0.511879 0.0230749 0.035673 0.804404
3 0.590645 0.634138 0.0268099 0.0502457 0.774805
3 0.483709 0.34145 0.0112974 0.0182098 0.77085
4 0.62737 0.529658 0.0211727 0.0396896 0.768574
3 0.573812 0.462166 0.0179401 0.0279327 0.765289
3 0.498334 0.312671 0.00950871 0.0132882 0.757871
3 0.501155 0.35945 0.0129458 0.0199804 0.735764
3 0.341724 0.43988 0.0253618 0.0303766 0.719842
3 0.370399 0.371951 0.0263926 0.0204163 0.690827
4 0.579308 0.484842 0.0196409 0.0342409 0.657304
9 0.617644 0.956825 0.0150935 0.058936 0.638712
4 0.682649 0.457053 0.0185659 0.0380135 0.581837
3 0.552799 0.377597 0.0138979 0.0204536 0.535495
3 0.502345 0.272043 0.00786724 0.0119635 0.521736
3 0.396779 0.31199 0.020963 0.0164461 0.507704
2 0.783638 0.803775 0.0387185 0.0391235 0.498416
3 0.52701 0.325158 0.018479 0.0188532 0.493653
3 0.385484 0.336811 0.0231193 0.0185994 0.488919
3 0.431033 0.306127 0.00988865 0.0128275 0.481114
3 0.400422 0.31433 0.0211163 0.0146982 0.473938
3 0.502111 0.291857 0.00846214 0.016507 0.460348
3 0.548546 0.360321 0.0149469 0.0190564 0.450903
3 0.389548 0.333704 0.0248057 0.0211573 0.447695
1 0.617525 0.952648 0.0149426 0.0513562 0.438054
0 0.617825 0.638108 0.00684261 0.0344769 0.406919
3 0.472128 0.285139 0.00939283 0.0139335 0.402685
9 0.262338 0.519402 0.0134575 0.022934 0.391749
3 0.37176 0.37061 0.0201437 0.0203805 0.390857
3 0.483784 0.255377 0.00788975 0.0121297 0.39003
3 0.405975 0.295833 0.0191284 0.0138401 0.389027
3 0.532349 0.289118 0.00961434 0.0147356 0.37684
3 0.358108 0.392708 0.0187604 0.0257617 0.374608
3 0.483406 0.27455 0.00799942 0.0171076 0.373309
3 0.702293 0.469882 0.0235381 0.0287882 0.371094
3 0.442072 0.264058 0.00867615 0.0123306 0.357179
3 0.5265 0.277619 0.0135895 0.0135033 0.356428
3 0.406971 0.291972 0.0192282 0.0154742 0.350665
3 0.553631 0.308571 0.0109116 0.0153598 0.343788
3 0.631893 0.4604 0.0248083 0.024882 0.330711
3 0.3448 0.410777 0.0183827 0.0240892 0.328099
3 0.444226 0.2966 0.00911655 0.0155897 0.327805
3 0.515488 0.256386 0.0086894 0.0114854 0.318602
3 0.556162 0.328426 0.0138687 0.0164873 0.318411
3 0.543913 0.340876 0.01494 0.018266 0.307882
3 0.422423 0.345432 0.0117495 0.0205897 0.304061
3 0.446337 0.242428 0.00602064 0.0106967 0.299531
3 0.422703 0.319531 0.0128283 0.0177681 0.295009
3 0.44146 0.25972 0.00850868 0.0115775 0.290396
3 0.191189 0.324329 0.0202513 0.0183978 0.289633
3 0.571419 0.303932 0.0140649 0.0149511 0.285094
4 0.423458 0.33548 0.0118034 0.018723 0.28192
3 0.427091 0.260261 0.00880642 0.0130092 0.281414
3 0.410567 0.274916 0.0156315 0.0165024 0.279476
3 0.417476 0.262404 0.0117403 0.0106976 0.273238
3 0.360978 0.386359 0.0167558 0.0243491 0.271127
3 0.545517 0.291041 0.00899906 0.0138291 0.270226
3 0.472556 0.370366 0.0118724 0.0187915 0.269375
2 0.271725 0.619184 0.00804215 0.0337819 0.264332
3 0.494021 0.238518 0.00671597 0.0120936 0.259657
