0 0.426459 0.558724 0.0184065 0.107541 0.819428
0 0.409357 0.516799 0.0189153 0.0911652 0.810246
0 0.395938 0.706012 0.0274508 0.126028 0.803401
6 0.647494 0.351697 0.0949873 0.0849599 0.790274
4 0.379742 0.302187 0.0593182 0.152163 0.779067
3 0.917463 0.156027 0.0613861 0.0704955 0.778146
0 0.428034 0.0553267 0.00955088 0.0502557 0.749295
9 0.540927 0.343677 0.0202116 0.0791701 0.732805
3 0.858265 0.0916435 0.0571571 0.0793535 0.716827
5 0.191556 0.888237 0.209785 0.22132 0.691889
3 0.154225 0.057744 0.0525462 0.0594515 0.677049
7 0.510597 0.829498 0.0878502 0.297771 0.670652
0 0.404163 0.599247 0.0206858 0.10912 0.647024
0 0.492502 0.0685822 0.00973529 0.0476592 0.640221
0 0.435649 0.196195 0.014971 0.0673368 0.611149
9 0.911869 0.947917 0.0538208 0.1023 0.555475
9 0.602979 0.591275 0.038548 0.125012 0.527085
5 0.397963 0.0506961 0.0329916 0.077082 0.523994
9 0.015145 0.105635 0.0175993 0.0491505 0.513877
9 0.951203 0.204687 0.0363884 0.0514189 0.504109
0 0.425601 0.017341 0.0113765 0.0346819 0.46276
0 0.423971 0.018542 0.0104945 0.0370841 0.451914
6 0.516162 0.0781594 0.0369411 0.0489777 0.436525
6 0.52878 0.147268 0.0344383 0.0605959 0.357196
3 0.3983 0.0534053 0.0333422 0.0720352 0.318138
9 0.866359 0.654914 0.0568241 0.0832081 0.301251
6 0.504379 0.0260983 0.0432835 0.047369 0.254386
