3 0.495944 0.643955 0.0750777 0.134701 0.924613
5 0.128524 0.891759 0.257047 0.216482 0.915918
3 0.49843 0.482564 0.0625347 0.0873588 0.903068
3 0.596108 0.508478 0.108825 0.0909788 0.88431
5 0.502759 0.35613 0.0572668 0.118115 0.838018
5 0.568489 0.103152 0.0216608 0.0553022 0.836204
6 0.95929 0.871284 0.0808292 0.093712 0.799119
9 0.876658 0.58444 0.047221 0.0562901 0.795646
5 0.481558 0.223861 0.0848162 0.135873 0.792891
3 0.592186 0.191407 0.0515928 0.0392767 0.791799
6 0.728321 0.747432 0.0621072 0.140141 0.789264
0 0.687891 0.742976 0.0214445 0.083666 0.786756
3 0.583758 0.318351 0.0316025 0.057031 0.765789
0 0.664441 0.761226 0.0202226 0.0860968 0.732647
5 0.452564 0.19616 0.0429962 0.0746401 0.706886
3 0.589379 0.22243 0.0368025 0.0399756 0.692068
0 0.980709 0.919034 0.0341556 0.0876706 0.680363
3 0.529946 0.125573 0.0186061 0.0306257 0.615316
5 0.164346 0.542658 0.06951 0.134087 0.583321
5 0.536247 0.0918401 0.0220897 0.040721 0.580184
5 0.363745 0.27843 0.0605755 0.0708292 0.570846
3 0.615848 0.182121 0.0402208 0.0393676 0.534491
5 0.599253 0.0965113 0.0197287 0.0406273 0.530751
6 0.862112 0.800478 0.0777361 0.204007 0.530175
0 0.582487 0.132516 0.00563202 0.0297563 0.508064
5 0.479257 0.137032 0.0277662 0.0482908 0.504963
1 0.65048 0.634717 0.0159337 0.0529104 0.499859
5 0.479957 0.144769 0.0319059 0.0404056 0.452557
6 0.653296 0.707064 0.0717512 0.13377 0.437409
5 0.244914 0.424799 0.151819 0.144771 0.409343
3 0.587755 0.0251004 0.0152622 0.018237 0.40211
5 0.552311 0.0581846 0.0207247 0.0386848 0.388332
0 0.753276 0.328093 0.012617 0.0550068 0.387654
3 0.514533 0.0370311 0.0219911 0.0181645 0.379776
3 0.592037 0.260426 0.0263019 0.0584452 0.351519
3 0.588203 0.161481 0.0334063 0.0327053 0.346532
3 0.567654 0.030223 0.012317 0.018412 0.295775
5 0.479242 0.130225 0.0254343 0.0379937 0.294122
3 0.601809 0.0305757 0.0237832 0.0200739 0.292931
3 0.496512 0.0986537 0.0138512 0.0267626 0.259886
3 0.501125 0.0517958 0.0252582 0.0231275 0.259177
