6 0.621897 0.774473 0.156901 0.173351 0.88432
6 0.680819 0.386447 0.0910303 0.132821 0.871769
5 0.671884 0.571278 0.258274 0.260224 0.861695
0 0.245669 0.413561 0.0374869 0.125356 0.832685
0 0.845117 0.681544 0.0394631 0.116281 0.813763
0 0.387714 0.351485 0.0327612 0.113659 0.795715
0 0.24551 0.293682 0.0268002 0.103426 0.785038
0 0.202385 0.354577 0.0391025 0.116423 0.773055
0 0.263118 0.287599 0.0287009 0.11145 0.75205
0 0.622879 0.346048 0.0275453 0.107207 0.747122
0 0.458707 0.461591 0.0259338 0.112249 0.713847
9 0.424279 0.8039 0.0464278 0.177884 0.683235
0 0.158763 0.438995 0.0321907 0.107003 0.674607
6 0.116116 0.680276 0.103732 0.24612 0.668727
6 0.853704 0.33901 0.105396 0.11217 0.633526
0 0.155429 0.0705245 0.0233728 0.0974234 0.633388
0 0.0572722 0.955243 0.04396 0.087267 0.57642
0 0.0233288 0.77585 0.0466577 0.130381 0.573545
0 0.777953 0.315137 0.0192706 0.0671487 0.53566
0 0.257154 0.289671 0.034461 0.107191 0.529077
6 0.539442 0.514633 0.102898 0.123487 0.522526
1 0.420766 0.742905 0.0366499 0.0844845 0.519265
0 0.396887 0.236083 0.0271814 0.101415 0.500856
9 0.396918 0.240831 0.0279918 0.105198 0.495061
9 0.436479 0.298344 0.0495416 0.0892862 0.481685
9 0.110805 0.0484012 0.0524827 0.0645767 0.460525
1 0.847213 0.285477 0.0236225 0.0820634 0.453673
1 0.0461413 0.412309 0.0476036 0.118161 0.41157
1 0.670452 0.330644 0.0245758 0.0923579 0.383269
1 0.418416 0.724088 0.0338568 0.0920464 0.379532
1 0.396968 0.237476 0.0272583 0.103118 0.374652
9 0.550636 0.509963 0.0793466 0.11352 0.336847
9 0.350815 0.0408926 0.0199894 0.0817852 0.335614
0 0.431537 0.292278 0.0218435 0.102737 0.332169
9 0.989512 0.212172 0.0209761 0.0646858 0.328965
1 0.512567 0.589804 0.0414374 0.0947914 0.290584
1 0.433197 0.289289 0.0228304 0.094436 0.278434
0 0.16828 0.227226 0.0258267 0.096698 0.275137
0 0.483628 0.497724 0.0310338 0.0968455 0.273829
1 0.83566 0.291471 0.0365744 0.0768097 0.271226
6 0.854023 0.456489 0.126084 0.188961 0.266652
