3 0.366975 0.926322 0.0542665 0.140922 0.907582
3 0.517133 0.474986 0.0255026 0.0412732 0.850864
3 0.376046 0.778337 0.0332665 0.0718262 0.835859
3 0.709478 0.620441 0.0653126 0.0585794 0.822995
3 0.688826 0.681883 0.0487505 0.0814506 0.81388
4 0.554984 0.640584 0.0395691 0.0707164 0.766431
3 0.446844 0.404372 0.0181376 0.0361177 0.763558
3 0.618788 0.63475 0.0390476 0.0714766 0.7581
3 0.405015 0.481463 0.0235561 0.0443794 0.723291
3 0.38864 0.598823 0.0315631 0.0580821 0.71452
3 0.446476 0.295703 0.0103325 0.0196259 0.671135
1 0.48723 0.662037 0.0111979 0.0422503 0.614158
3 0.683663 0.586372 0.061805 0.0491375 0.597124
1 0.52623 0.735708 0.0131739 0.0460944 0.58672
3 0.546424 0.586156 0.0276329 0.0564601 0.58597
9 0.526171 0.75044 0.0133787 0.0494428 0.537507
3 0.674738 0.563152 0.0646029 0.0498227 0.532418
1 0.424953 0.879228 0.0167209 0.0550991 0.476894
3 0.420948 0.352473 0.0167768 0.0318542 0.469997
1 0.487256 0.445157 0.0069624 0.0241479 0.46116
3 0.383097 0.654109 0.0273973 0.058656 0.441182
1 0.449256 0.62933 0.0110393 0.0355964 0.389926
1 0.511077 0.602475 0.00983289 0.0383113 0.384621
3 0.68768 0.59285 0.0628353 0.0528844 0.37277
9 0.42125 0.658004 0.0105665 0.0456705 0.36743
9 0.488617 0.675936 0.0118477 0.0413476 0.36443
1 0.43446 0.452345 0.00671578 0.026936 0.363565
2 0.423401 0.895009 0.018225 0.0799731 0.327576
1 0.421306 0.651692 0.0102238 0.0423718 0.309526
9 0.511787 0.613282 0.0114998 0.0333837 0.307568
9 0.423894 0.890622 0.0177496 0.0777188 0.306385
3 0.66285 0.521658 0.0509303 0.0378078 0.301214
3 0.437179 0.261529 0.00889378 0.0150135 0.28998
9 0.488786 0.458816 0.0101114 0.0208028 0.287704
1 0.485881 0.448788 0.00926323 0.0255549 0.282357
3 0.450416 0.27044 0.0117327 0.0164815 0.281908
3 0.678942 0.5697 0.0641645 0.0421175 0.276062
1 0.498022 0.553246 0.00905275 0.0349786 0.251588
3 0.445288 0.241759 0.00754217 0.0131554 0.250932
