3 0.667182 0.785668 0.0544713 0.0766788 0.886344
3 0.402716 0.845489 0.0390219 0.0777751 0.881647
3 0.722838 0.878285 0.0725769 0.0989102 0.879378
3 0.409304 0.716232 0.0295101 0.0566817 0.863059
3 0.339962 0.69579 0.0362406 0.0503615 0.856944
3 0.517882 0.657096 0.0287281 0.0433897 0.825
3 0.516532 0.732406 0.0329479 0.0560203 0.80538
3 0.92383 0.593531 0.0414227 0.0357561 0.756521
3 0.303839 0.480597 0.0140337 0.0209689 0.723127
9 0.464325 0.635038 0.00926895 0.0240516 0.711114
1 0.103433 0.768556 0.0112822 0.0447154 0.696994
3 0.245291 0.517734 0.0210413 0.0253462 0.646561
1 0.476376 0.722763 0.0101694 0.031605 0.637818
3 0.0905477 0.568314 0.0286783 0.0344254 0.631577
3 0.467363 0.468355 0.0130285 0.0205819 0.614799
1 0.464488 0.628176 0.00856495 0.0248423 0.582995
3 0.371616 0.406727 0.0147569 0.0139197 0.548268
1 0.48191 0.625031 0.00741482 0.0267426 0.538528
1 0.261155 0.630679 0.00981312 0.0239182 0.53231
3 0.313557 0.473221 0.0123355 0.0169981 0.530023
1 0.193023 0.699768 0.0109175 0.036893 0.493496
1 0.464399 0.62302 0.00704727 0.0243305 0.485749
9 0.163927 0.658174 0.020458 0.0284997 0.484632
3 0.368891 0.579185 0.0272919 0.0390654 0.482651
9 0.462923 0.751933 0.0117054 0.0396118 0.463962
1 0.461999 0.73974 0.0115049 0.0352542 0.447103
9 0.213078 0.564252 0.0102909 0.0240273 0.402189
9 0.261233 0.637862 0.0099829 0.0257301 0.399444
0 0.192818 0.546647 0.00675999 0.0266762 0.383013
3 0.430645 0.382641 0.00762596 0.0123885 0.375683
3 0.837478 0.551541 0.0326534 0.0283373 0.364428
3 0.814803 0.541655 0.0285149 0.0257441 0.35208
1 0.263396 0.630443 0.0107127 0.0237716 0.347952
1 0.474367 0.720648 0.0112547 0.0279429 0.336255
3 0.13683 0.568727 0.0474385 0.0368948 0.331291
7 0.115878 0.645314 0.0454956 0.0396966 0.32937
9 0.446891 0.502043 0.00629114 0.0181795 0.329273
3 0.397146 0.383259 0.00723581 0.0111663 0.32594
1 0.463267 0.739097 0.011104 0.0305186 0.321095
9 0.206399 0.525626 0.0137834 0.0214951 0.31987
9 0.482022 0.633063 0.00891485 0.023348 0.318937
1 0.446698 0.497409 0.00593262 0.0174043 0.310331
3 0.764741 0.509833 0.0318089 0.023445 0.306144
9 0.117665 0.680082 0.0230126 0.0332553 0.304118
0 0.132409 0.613289 0.0072773 0.0307582 0.293584
2 0.192417 0.710428 0.0119558 0.030816 0.290117
9 0.476011 0.732085 0.0107915 0.0369393 0.2814
9 0.341912 0.458377 0.00411215 0.0166083 0.273366
1 0.192563 0.545974 0.00681397 0.0280584 0.26667
7 0.420248 0.436684 0.00692272 0.0181442 0.266474
3 0.376 0.406312 0.0105955 0.0131698 0.265689
1 0.462773 0.744743 0.0102905 0.0403941 0.261284
3 0.310887 0.475948 0.0157502 0.0209679 0.259685
3 0.920549 0.565806 0.032653 0.0281904 0.258139
7 0.368965 0.579152 0.0278776 0.0397185 0.256053
1 0.482649 0.618966 0.0097229 0.0231848 0.250187
