3 0.57357 0.778388 0.0721691 0.135823 0.920977
3 0.606999 0.618882 0.0593006 0.100336 0.909277
3 0.603703 0.514654 0.0605688 0.098346 0.900488
3 0.187269 0.383634 0.0376556 0.0676393 0.875774
3 0.139558 0.136409 0.0252084 0.0411557 0.865089
3 0.173549 0.315361 0.0327716 0.0623238 0.857256
3 0.150254 0.187775 0.0269651 0.0490922 0.85058
3 0.163053 0.23762 0.0265912 0.0491235 0.841474
3 0.115664 0.0816561 0.0326685 0.0407733 0.838708
3 0.416265 0.318602 0.0423919 0.0819485 0.825424
5 0.491916 0.283027 0.0590706 0.120374 0.803133
5 0.773792 0.808471 0.151432 0.280319 0.798012
3 0.506052 0.364704 0.0651182 0.0847076 0.779816
4 0.325426 0.0365142 0.0288505 0.0596861 0.734082
3 0.118716 0.0366149 0.0212494 0.033711 0.689683
9 0.122134 0.38387 0.0146126 0.0401384 0.657182
2 0.662688 0.922838 0.0191622 0.076826 0.647572
0 0.108354 0.218185 0.00815325 0.0324112 0.603827
0 0.494893 0.482462 0.0111992 0.0431485 0.531093
3 0.113832 0.0128236 0.0206184 0.0256472 0.52352
1 0.662992 0.905138 0.016985 0.0468378 0.498189
0 0.102365 0.167229 0.00806918 0.0323382 0.498153
9 0.164161 0.414361 0.0114909 0.0453182 0.43783
7 0.679858 0.644536 0.094985 0.13493 0.416511
0 0.333923 0.150188 0.0076215 0.030935 0.374259
9 0.0769563 0.0816771 0.0123234 0.0245347 0.359983
0 0.103475 0.170634 0.00833714 0.0360744 0.341443
9 0.419181 0.177968 0.00875854 0.0312985 0.318128
9 0.0775655 0.0663272 0.00934214 0.0237846 0.271291
