3 0.301105 0.875838 0.0906003 0.209309 0.921856
3 0.515783 0.700119 0.0553421 0.127025 0.890941
3 0.36768 0.331311 0.0326442 0.0562719 0.858824
3 0.941331 0.859705 0.11616 0.205113 0.837337
4 0.606569 0.404061 0.05869 0.0718452 0.83713
3 0.487646 0.466677 0.0393778 0.0724299 0.823412
3 0.579177 0.343816 0.030345 0.0490414 0.817142
3 0.466369 0.214707 0.0214654 0.03436 0.806283
3 0.679081 0.328718 0.0286312 0.0452981 0.806184
3 0.509988 0.305979 0.0265511 0.043424 0.800055
3 0.557162 0.236244 0.0223132 0.0330518 0.797706
3 0.520116 0.190211 0.015534 0.0292449 0.763536
4 0.666692 0.289584 0.0281597 0.0565264 0.759315
3 0.777946 0.230107 0.022611 0.0323481 0.7241
3 0.738925 0.345145 0.0601387 0.0478113 0.711718
4 0.794423 0.324749 0.0532794 0.0520425 0.71121
3 0.941759 0.637701 0.113099 0.0954103 0.666258
0 0.970907 0.384691 0.0132862 0.0474882 0.599831
0 0.412533 0.364438 0.0106411 0.0480535 0.597454
3 0.495825 0.156391 0.0149131 0.0230196 0.572263
1 0.552242 0.439113 0.012145 0.0465571 0.571748
3 0.532518 0.167407 0.0122709 0.0228161 0.538588
3 0.467948 0.148936 0.0147986 0.0246638 0.527539
3 0.701404 0.248517 0.0369707 0.0295969 0.515359
3 0.497782 0.182496 0.0166751 0.0289046 0.495851
0 0.986132 0.407591 0.012806 0.0482105 0.477352
3 0.494758 0.189956 0.0196481 0.0310625 0.447622
3 0.455384 0.102187 0.0112444 0.0183168 0.425208
3 0.903307 0.562704 0.095628 0.0822644 0.416217
0 0.203197 0.365379 0.0101233 0.0426386 0.406498
3 0.644257 0.173677 0.0234428 0.0236736 0.387852
3 0.549542 0.210282 0.0194997 0.0306007 0.366566
3 0.477516 0.116626 0.0102869 0.0194438 0.36544
3 0.546049 0.192888 0.0160288 0.022337 0.347647
0 0.943931 0.387669 0.0112011 0.0329129 0.339254
9 0.835568 0.29609 0.0188293 0.0247149 0.333589
0 0.972952 0.383942 0.012382 0.0455336 0.308313
3 0.704827 0.22552 0.0308662 0.0277139 0.304716
3 0.704772 0.220197 0.0312325 0.0244764 0.280334
3 0.899684 0.576219 0.105966 0.10789 0.277254
9 0.196956 0.442877 0.0162117 0.0362329 0.276038
3 0.769189 0.293696 0.0428077 0.0388362 0.270669
3 0.498617 0.126801 0.0105905 0.0204168 0.270643
3 0.838199 0.614323 0.0715698 0.119127 0.263705
3 0.885701 0.591648 0.133401 0.139144 0.261712
3 0.468748 0.158528 0.016824 0.0261977 0.258831
3 0.476374 0.126003 0.0107166 0.0188733 0.253758
