3 0.586203 0.509993 0.08503 0.088095 0.831529
6 0.384753 0.941965 0.0425255 0.110272 0.77664
6 0.314416 0.671875 0.0493778 0.0509032 0.735762
0 0.527501 0.280981 0.00822723 0.0363693 0.72572
6 0.615107 0.631299 0.0512649 0.0559633 0.680382
3 0.493689 0.00956242 0.0195621 0.0191248 0.674463
0 0.457973 0.33111 0.0118629 0.0365966 0.645644
9 0.38263 0.17893 0.0146818 0.025105 0.63079
0 0.464728 0.236974 0.00826672 0.0373519 0.591252
0 0.53443 0.454301 0.0103597 0.0398672 0.569917
0 0.520392 0.971161 0.022361 0.0573816 0.529872
0 0.474186 0.420488 0.0108925 0.039391 0.526994
6 0.497252 0.155926 0.013229 0.0374223 0.524154
0 0.535129 0.225515 0.00776978 0.0341246 0.509616
9 0.448341 0.428996 0.0168211 0.0442778 0.489481
9 0.520375 0.971115 0.0227867 0.0571618 0.434399
0 0.370606 0.265729 0.0075568 0.0252002 0.415864
1 0.519066 0.336092 0.00988559 0.0378138 0.400902
6 0.473485 0.0958202 0.0104602 0.0326769 0.398302
7 0.52726 0.176578 0.0141461 0.0317827 0.392789
7 0.52811 0.16874 0.0146832 0.0375366 0.374763
0 0.540771 0.829786 0.0165668 0.0560652 0.367638
0 0.515624 0.792807 0.0164598 0.0678901 0.348764
9 0.573482 0.441626 0.0128603 0.0455753 0.343893
0 0.46557 0.180762 0.00702209 0.0275924 0.333285
9 0.506187 0.264731 0.00939089 0.0349039 0.333065
2 0.519184 0.340581 0.0104759 0.0357836 0.329444
9 0.401826 0.15308 0.0159547 0.0259883 0.321866
1 0.505905 0.258125 0.00836294 0.0278038 0.307119
1 0.507181 0.262091 0.0107162 0.0327784 0.306041
6 0.259685 0.872608 0.0762711 0.0572245 0.283555
9 0.6084 0.332414 0.0196642 0.03232 0.282849
9 0.598196 0.378279 0.020952 0.0340708 0.282356
7 0.438537 0.19883 0.014713 0.0356736 0.273533
1 0.514439 0.168304 0.00889323 0.0280001 0.26857
0 0.535092 0.140418 0.00772113 0.0254459 0.266289
9 0.518255 0.338964 0.0116281 0.0369647 0.256338
6 0.587698 0.243646 0.0335635 0.0330987 0.255539
