0 0.755905 0.780778 0.0288775 0.111684 0.797564
1 0.42252 0.687402 0.0259697 0.0569401 0.797367
0 0.708631 0.900537 0.0341835 0.142692 0.790137
0 0.603195 0.363629 0.0152299 0.0715892 0.76352
0 0.779259 0.810551 0.0345425 0.11432 0.759891
0 0.635075 0.295668 0.0151584 0.0676955 0.75682
0 0.800845 0.503335 0.0250461 0.0955101 0.753964
0 0.675041 0.812187 0.0300472 0.133593 0.752945
0 0.860092 0.542146 0.0226659 0.0884541 0.744266
0 0.819289 0.334482 0.0167335 0.0732635 0.729471
0 0.719163 0.142449 0.0100275 0.0459071 0.726306
0 0.879918 0.231324 0.0152843 0.0568958 0.716987
0 0.748238 0.901491 0.0313196 0.0844272 0.710373
0 0.611633 0.268798 0.0144598 0.0663956 0.709647
0 0.706812 0.146665 0.0105225 0.0440694 0.702963
0 0.882427 0.536402 0.0264145 0.0883401 0.697125
0 0.593134 0.0853407 0.00729559 0.0383503 0.696527
0 0.117716 0.724502 0.0295027 0.122646 0.686142
0 0.463139 0.275002 0.0123272 0.0658791 0.682089
0 0.537112 0.160009 0.00843277 0.048129 0.673003
0 0.649138 0.305958 0.0148422 0.0537048 0.659896
1 0.171623 0.4313 0.0196208 0.0555055 0.659495
0 0.888678 0.166167 0.0120789 0.0454215 0.649418
0 0.374478 0.350689 0.0149062 0.0703931 0.644911
0 0.533524 0.366324 0.0138134 0.0673568 0.638265
0 0.518429 0.365825 0.0159457 0.066952 0.607612
0 0.0579438 0.668986 0.0258498 0.106966 0.602769
0 0.489572 0.133842 0.00885813 0.0418094 0.598173
1 0.104511 0.47583 0.0257602 0.0540514 0.594595
0 0.35885 0.25836 0.0112666 0.0636888 0.593759
0 0.857597 0.225435 0.0209248 0.0563669 0.591725
0 0.483893 0.228621 0.0134824 0.058075 0.579815
1 0.150617 0.459059 0.0220788 0.0569845 0.562805
0 0.68196 0.106921 0.00925634 0.0389801 0.560511
0 0.892378 0.292733 0.0194129 0.0646418 0.558416
0 0.54193 0.163311 0.0126797 0.0522954 0.554196
1 0.544997 0.717987 0.0338665 0.092691 0.552626
0 0.500527 0.244433 0.0115433 0.0542883 0.551419
0 0.526474 0.198526 0.0103557 0.0521517 0.537604
0 0.336743 0.341757 0.0129948 0.0583687 0.536272
0 0.828697 0.183699 0.0119819 0.0463449 0.534727
0 0.510978 0.130004 0.00902786 0.0427774 0.534721
0 0.52074 0.0620748 0.00794552 0.0334215 0.529452
0 0.938937 0.217136 0.0148327 0.0527343 0.528596
0 0.472544 0.201182 0.0106898 0.0525144 0.524857
0 0.545947 0.236311 0.0137089 0.0547685 0.515256
0 0.602002 0.0875108 0.00892397 0.0361477 0.510379
0 0.575598 0.131739 0.0113557 0.0450291 0.508472
0 0.533487 0.244594 0.0126495 0.0536095 0.508087
0 0.336908 0.264082 0.0117767 0.0622877 0.499896
1 0.682506 0.231728 0.019976 0.0463231 0.498601
0 0.696389 0.0905531 0.0095787 0.0413086 0.497105
1 0.071669 0.429882 0.0237661 0.0635303 0.493062
0 0.501386 0.336611 0.0136103 0.0708325 0.488866
0 0.918659 0.109993 0.00866241 0.0350966 0.479987
0 0.791091 0.133837 0.0110553 0.0453713 0.471656
1 0.857442 0.962381 0.0304695 0.0752372 0.465919
0 0.347026 0.260311 0.0112188 0.0603283 0.459901
0 0.527392 0.309715 0.0150847 0.0646876 0.449112
0 0.36155 0.425082 0.0175721 0.0757949 0.446487
0 0.580315 0.0470978 0.00650518 0.0303869 0.445861
1 0.0645549 0.446443 0.0196289 0.0479158 0.430874
0 0.552439 0.132179 0.00995443 0.0440382 0.426538
0 0.849456 0.186482 0.012825 0.0405555 0.416528
0 0.59685 0.309373 0.0166032 0.0672101 0.416037
1 0.243569 0.321743 0.0144973 0.0376553 0.415268
0 0.81223 0.0829745 0.0084627 0.0410375 0.412954
0 0.430085 0.212372 0.0130386 0.0567458 0.412537
1 0.456525 0.417075 0.0167259 0.0608655 0.411255
0 0.314372 0.424464 0.014553 0.059818 0.409506
0 0.0801942 0.708414 0.0253039 0.113529 0.407486
0 0.502272 0.405303 0.0170668 0.0738071 0.406912
0 0.411347 0.220806 0.010688 0.0550856 0.405104
0 0.902267 0.277322 0.0164215 0.0611307 0.402961
0 0.925666 0.216217 0.0140908 0.0478566 0.402583
1 0.0732732 0.476758 0.0277592 0.0543621 0.396123
0 0.545729 0.161599 0.00921761 0.0516207 0.394868
9 0.680829 0.234327 0.02594 0.0445717 0.39398
0 0.410443 0.512991 0.0168875 0.0800592 0.388401
0 0.682968 0.103895 0.00935992 0.0373858 0.385845
0 0.570769 0.0733559 0.00810336 0.0347838 0.3858
0 0.517969 0.306669 0.0111858 0.0626072 0.385571
0 0.755778 0.100151 0.00933766 0.036219 0.379019
0 0.488184 0.227988 0.0114447 0.0636956 0.365516
0 0.497119 0.241844 0.0103404 0.0585685 0.362548
0 0.535492 0.238138 0.0116802 0.0528983 0.357528
1 0.577091 0.255347 0.0172739 0.0412069 0.353046
0 0.555865 0.111199 0.0103666 0.0361153 0.353032
0 0.562984 0.0746114 0.00853738 0.0352586 0.349696
0 0.509295 0.128694 0.00896862 0.0415688 0.349115
0 0.498428 0.41354 0.0138678 0.0755956 0.344911
0 0.350162 0.43943 0.0243582 0.0672492 0.340033
3 0.711092 0.0453256 0.0200439 0.0256089 0.337545
0 0.925568 0.114565 0.0114588 0.032477 0.336647
0 0.290651 0.131919 0.00968251 0.0476634 0.33425
1 0.0706082 0.468315 0.0248704 0.0665909 0.315959
0 0.781063 0.0550591 0.00861377 0.0330477 0.314184
9 0.353984 0.110131 0.0174559 0.0256831 0.313679
0 0.7964 0.0905734 0.0112427 0.040028 0.311386
0 0.452575 0.151705 0.00954083 0.0448235 0.307695
0 0.343421 0.437042 0.0128632 0.0680779 0.306197
0 0.0396367 0.309258 0.01962 0.0640662 0.30601
0 0.0139705 0.310779 0.0244332 0.0669617 0.299928
0 0.922317 0.099511 0.0101868 0.0393391 0.296907
0 0.476258 0.148053 0.0120622 0.0455922 0.293962
0 0.968117 0.53198 0.0411394 0.0896491 0.287901
0 0.464355 0.159203 0.010878 0.0503316 0.287759
0 0.582827 0.281805 0.0167238 0.0497169 0.286144
0 0.857343 0.962108 0.0302712 0.0735655 0.284497
0 0.476808 0.188382 0.0124195 0.0452277 0.280826
0 0.522345 0.2354 0.0139797 0.0579861 0.274231
0 0.48975 0.1645 0.00903302 0.0488484 0.272334
0 0.1071 0.180026 0.0147331 0.0644572 0.270399
0 0.901458 0.0924524 0.00984901 0.0253778 0.267577
0 0.474137 0.145694 0.0108053 0.0442655 0.264575
0 0.561048 0.196358 0.0103659 0.0505274 0.263388
0 0.350371 0.356727 0.0146487 0.0526305 0.262107
0 0.366389 0.67032 0.0180363 0.0969142 0.251913
