3 0.205752 0.441625 0.0426809 0.063776 0.766723
3 0.255006 0.438008 0.035256 0.0504461 0.763939
3 0.687703 0.52091 0.137128 0.109432 0.755101
9 0.534345 0.656287 0.0504444 0.118201 0.710799
3 0.732319 0.548938 0.117083 0.122639 0.708299
6 0.594243 0.603425 0.123708 0.110917 0.679709
2 0.510351 0.500088 0.0426975 0.0478382 0.677036
3 0.645942 0.493417 0.105531 0.0822915 0.672151
6 0.416568 0.553014 0.0529364 0.0984961 0.659252
6 0.798798 0.697936 0.107622 0.146061 0.586117
0 0.604339 0.430073 0.0111828 0.053183 0.582636
3 0.121023 0.45039 0.0317497 0.0601754 0.576476
1 0.295667 0.469042 0.0153404 0.0558392 0.575272
3 0.402376 0.479676 0.0675873 0.0762219 0.567302
0 0.113097 0.842888 0.0572607 0.203767 0.510373
1 0.23387 0.688363 0.0483988 0.152411 0.499874
2 0.226902 0.74549 0.0687013 0.177098 0.487373
1 0.11228 0.810135 0.0531105 0.268635 0.482309
2 0.295847 0.481727 0.0163301 0.0433025 0.48223
6 0.174137 0.558631 0.0296704 0.0782015 0.478408
1 0.534705 0.625969 0.0446911 0.128517 0.461424
3 0.199581 0.436014 0.0407189 0.0535528 0.434868
1 0.225976 0.741505 0.0653558 0.18456 0.412434
3 0.100477 0.482195 0.04277 0.0762815 0.401778
3 0.205852 0.379514 0.0194345 0.0287085 0.389707
2 0.52001 0.45742 0.0271961 0.0360875 0.388188
1 0.405394 0.533137 0.0268485 0.0884488 0.384584
1 0.537227 0.6058 0.0404682 0.16136 0.367464
3 0.0196739 0.890827 0.0393062 0.218337 0.343348
0 0.327708 0.460544 0.0140604 0.0561261 0.342863
9 0.727101 0.64438 0.0671235 0.107675 0.339558
3 0.187671 0.417383 0.0285331 0.0382016 0.329569
1 0.165602 0.511194 0.0261801 0.0621694 0.327164
7 0.0521437 0.568203 0.0707973 0.126498 0.327031
2 0.575805 0.466177 0.0219251 0.0408947 0.311832
1 0.16336 0.503407 0.0247383 0.066312 0.309869
2 0.222599 0.764929 0.0798492 0.177423 0.298393
2 0.543611 0.466302 0.0248195 0.0379556 0.290861
1 0.285467 0.433702 0.012026 0.0475521 0.287835
1 0.234667 0.674006 0.0398316 0.126858 0.280774
1 0.413681 0.540607 0.0322721 0.0972653 0.267437
2 0.464924 0.445533 0.0224705 0.0332467 0.260566
3 0.18948 0.403236 0.0289421 0.036913 0.256062
