3 0.482735 0.863571 0.0455259 0.0821364 0.846282
3 0.247654 0.573111 0.0194793 0.0372053 0.808619
3 0.18866 0.534561 0.0191135 0.0279894 0.790935
3 0.0833555 0.630157 0.0295992 0.0440928 0.772173
3 0.166027 0.525821 0.0200357 0.0283661 0.765464
3 0.253283 0.416983 0.00994206 0.0172767 0.736633
3 0.38982 0.590987 0.0212337 0.0350655 0.697065
3 0.196987 0.494749 0.0188529 0.0234072 0.682625
3 0.348784 0.468401 0.0132936 0.0194001 0.677674
3 0.269094 0.429775 0.0109123 0.0192149 0.674348
3 0.35189 0.484196 0.0139982 0.0214788 0.646299
3 0.305468 0.44664 0.0123575 0.0205973 0.610621
3 0.282505 0.384576 0.00842864 0.0137109 0.60486
3 0.330382 0.425339 0.0101042 0.0146736 0.560544
3 0.363549 0.521797 0.0157278 0.0254571 0.528279
3 0.372313 0.544068 0.018545 0.028321 0.526305
3 0.212306 0.420581 0.0167551 0.0143765 0.416613
3 0.338432 0.448405 0.0128656 0.0226573 0.40482
9 0.494281 0.819058 0.0193347 0.0383735 0.365225
3 0.255203 0.353263 0.00681582 0.00938122 0.320039
3 0.362353 0.518157 0.0167917 0.0293638 0.319059
3 0.349788 0.471566 0.0135214 0.0197373 0.312428
3 0.193383 0.431677 0.0205891 0.0161923 0.293959
3 0.314753 0.376466 0.00839148 0.0125619 0.264564
