3 0.35599 0.775361 0.0424162 0.10139 0.872539
3 0.520123 0.572215 0.0405951 0.0620117 0.839645
3 0.507318 0.509516 0.0260952 0.0440761 0.82583
3 0.537418 0.624415 0.0363139 0.0754478 0.768665
6 0.484555 0.685013 0.0192675 0.0655545 0.739586
3 0.444234 0.349998 0.012749 0.0241503 0.707604
3 0.481024 0.380077 0.0169861 0.0290003 0.700996
3 0.486502 0.407025 0.0171718 0.0277496 0.68575
9 0.51679 0.723073 0.015481 0.0523048 0.678836
6 0.492898 0.62234 0.0227409 0.0637872 0.583073
9 0.414026 0.728763 0.0136936 0.0525336 0.579121
3 0.499401 0.480073 0.0252699 0.0411895 0.574787
1 0.414287 0.71255 0.0137545 0.0457767 0.57278
1 0.516016 0.715361 0.0143849 0.0449788 0.520708
9 0.391135 0.875914 0.0148266 0.0821758 0.497501
3 0.565071 0.735474 0.0354941 0.0915202 0.49232
3 0.49593 0.461452 0.0239494 0.0364353 0.491214
1 0.450862 0.635808 0.0109884 0.0400001 0.490186
3 0.397113 0.464879 0.0210206 0.0424666 0.488322
3 0.390442 0.429764 0.0175953 0.0373623 0.464964
3 0.465735 0.333719 0.0124277 0.0225588 0.446347
1 0.470133 0.4547 0.00768328 0.0280974 0.424047
9 0.434415 0.572083 0.0103655 0.0390828 0.408085
9 0.40849 0.534476 0.0115015 0.0299808 0.373939
3 0.419268 0.260601 0.00711193 0.0135771 0.355352
0 0.456419 0.372679 0.00479908 0.0215157 0.354619
3 0.496992 0.474543 0.0261126 0.0485992 0.335826
4 0.475293 0.35067 0.0156792 0.0288166 0.330003
1 0.416702 0.388547 0.00524464 0.0215698 0.322258
9 0.418151 0.395363 0.00653219 0.0238538 0.258567
3 0.267957 0.262414 0.0169071 0.0157444 0.250286
