3 0.38013 0.735151 0.0565537 0.161873 0.908477
3 0.159104 0.950397 0.0991579 0.0967342 0.900399
3 0.464242 0.186617 0.0331981 0.0965992 0.841328
4 0.52556 0.369812 0.0303851 0.103683 0.829595
3 0.612187 0.649278 0.0891072 0.0930854 0.824642
0 0.452063 0.56044 0.0113396 0.0402919 0.811891
9 0.238869 0.767706 0.0243563 0.0577806 0.805007
4 0.72849 0.752821 0.0735881 0.147913 0.754335
9 0.832191 0.701127 0.0156525 0.0584763 0.727416
0 0.473024 0.548171 0.0107252 0.0417042 0.723693
0 0.490168 0.882206 0.0144617 0.0531809 0.722147
5 0.664853 0.939654 0.0822185 0.117862 0.718069
0 0.692149 0.722936 0.0121004 0.0376489 0.703504
9 0.798352 0.694614 0.0230402 0.0545968 0.676131
9 0.266963 0.62082 0.0153138 0.0545237 0.662317
0 0.619958 0.870138 0.0121788 0.0344415 0.630727
0 0.542122 0.94848 0.0185857 0.0416801 0.622072
9 0.932287 0.75018 0.0193093 0.069967 0.620371
0 0.420547 0.431498 0.0117996 0.0334515 0.615101
0 0.681254 0.724827 0.0130888 0.0397605 0.613049
9 0.910593 0.748776 0.0177253 0.0654026 0.584284
0 0.533712 0.208936 0.0132274 0.0448824 0.58242
9 0.441334 0.33156 0.012941 0.0424446 0.578674
0 0.644152 0.860502 0.0132582 0.0294542 0.568181
9 0.123021 0.879075 0.0345022 0.0627119 0.561641
0 0.456005 0.103148 0.00747277 0.0375811 0.560417
0 0.29074 0.212118 0.0104498 0.0391706 0.559784
0 0.436764 0.685082 0.0112036 0.0343647 0.559565
9 0.885868 0.719295 0.0159015 0.0671778 0.548777
0 0.531807 0.210807 0.0123432 0.044363 0.516111
0 0.409005 0.143299 0.0108278 0.0392404 0.494661
5 0.432372 0.915051 0.0779557 0.169898 0.486951
9 0.433168 0.78355 0.0134689 0.0526895 0.468009
9 0.308866 0.0877037 0.0205491 0.0353238 0.449314
9 0.857846 0.713775 0.0154222 0.0657233 0.432715
0 0.316353 0.523954 0.0128707 0.0467627 0.417009
0 0.537928 0.952092 0.0173152 0.0397919 0.408751
6 0.303136 0.453666 0.0195041 0.0523875 0.405006
3 0.72857 0.754726 0.0738552 0.148162 0.388581
0 0.405983 0.145596 0.00850202 0.0376803 0.373228
0 0.267206 0.462627 0.0107686 0.0388068 0.353372
7 0.598912 0.9464 0.0486873 0.103233 0.352075
9 0.32263 0.030993 0.0102756 0.0320503 0.345986
9 0.847251 0.707173 0.0153109 0.0613804 0.337551
0 0.454847 0.221275 0.0131981 0.0348737 0.337387
6 0.50147 0.308679 0.0268787 0.0691368 0.334252
0 0.311573 0.522369 0.0111539 0.0485699 0.331432
9 0.852403 0.711338 0.0221153 0.0639558 0.328703
0 0.400709 0.252458 0.0111856 0.0387801 0.300018
0 0.463087 0.23765 0.00968915 0.0418102 0.287042
9 0.911801 0.740415 0.0193176 0.0768339 0.286066
6 0.499021 0.181481 0.0206674 0.0591474 0.271763
9 0.342114 0.013184 0.0253284 0.0257639 0.256113
