3 0.469065 0.685505 0.0393505 0.107084 0.876727
3 0.42691 0.483111 0.0250017 0.0482859 0.821805
3 0.410349 0.35149 0.0177343 0.0346856 0.748257
0 0.422883 0.738793 0.0116423 0.0622236 0.737984
6 0.519148 0.712035 0.0306934 0.0719519 0.716194
0 0.42419 0.804127 0.0136461 0.0719055 0.683948
9 0.512485 0.829399 0.0167501 0.0636217 0.63183
1 0.512691 0.813132 0.016966 0.0517504 0.57227
9 0.452629 0.618529 0.0108377 0.0446216 0.546333
0 0.365005 0.765754 0.0122476 0.0556512 0.539871
9 0.453989 0.961663 0.020575 0.071702 0.532274
0 0.398075 0.766019 0.0136782 0.0610355 0.511287
1 0.453297 0.940371 0.019339 0.0728773 0.489703
1 0.48979 0.540365 0.00875673 0.0307922 0.427117
9 0.422979 0.907443 0.0205299 0.0747745 0.426503
9 0.48964 0.557386 0.00931358 0.0318072 0.409885
0 0.556443 0.961933 0.0148773 0.0677212 0.391065
1 0.458437 0.546448 0.00910378 0.0375713 0.385324
9 0.497402 0.499111 0.0123331 0.0320343 0.376718
9 0.457702 0.556855 0.0103037 0.0363675 0.3747
9 0.45797 0.550912 0.00986176 0.0392279 0.371748
1 0.465916 0.500911 0.00753307 0.0316837 0.368984
1 0.452098 0.601726 0.00975514 0.0369025 0.342497
6 0.387977 0.453317 0.021175 0.0394977 0.3161
1 0.425153 0.370486 0.00660019 0.0243653 0.306247
9 0.467618 0.402176 0.00731392 0.0256878 0.292756
1 0.4683 0.320297 0.00502663 0.0201002 0.275979
5 0.411447 0.305591 0.0142847 0.0356551 0.275535
9 0.518388 0.5918 0.013467 0.0363255 0.274343
7 0.443972 0.258644 0.0130705 0.0247983 0.258526
