3 0.612147 0.632249 0.0498266 0.0550183 0.867085
5 0.568983 0.248256 0.0483583 0.0480546 0.843023
3 0.51782 0.307213 0.0436613 0.0283318 0.80327
5 0.143606 0.345559 0.0776814 0.0544514 0.759322
8 0.120122 0.541637 0.0401179 0.116561 0.758566
5 0.237382 0.274372 0.117808 0.0724929 0.741909
3 0.0208026 0.328591 0.0412568 0.0342069 0.649123
3 0.12072 0.18193 0.00922951 0.0115057 0.645453
3 0.98765 0.936514 0.024699 0.0799479 0.559761
3 0.13452 0.180059 0.00881744 0.0111718 0.480492
8 0.0386299 0.839168 0.0772412 0.309347 0.472679
3 0.158073 0.171831 0.00844126 0.0120278 0.427463
8 0.0861934 0.201865 0.01569 0.0264893 0.418727
3 0.153693 0.159945 0.00766852 0.0103551 0.382529
3 0.239288 0.177866 0.00946684 0.0109991 0.362319
5 0.074933 0.488201 0.0437479 0.101711 0.337803
3 0.101751 0.1538 0.00908341 0.0099372 0.319454
3 0.191628 0.172666 0.00906915 0.0107989 0.318886
3 0.0646624 0.185073 0.0108596 0.015482 0.294483
3 0.189379 0.172626 0.0105472 0.012195 0.254935
