3 0.214559 0.838614 0.0324751 0.0373044 0.854593
3 0.108625 0.867149 0.0297023 0.0476298 0.854416
3 0.55015 0.97846 0.0569595 0.04308 0.854411
3 0.239052 0.823483 0.0377818 0.0427792 0.852584
3 0.0703328 0.865631 0.0276778 0.0449615 0.843383
3 0.185459 0.850559 0.0343609 0.0420633 0.839741
3 0.0347461 0.878079 0.0274857 0.0486028 0.839546
3 0.683831 0.925868 0.0519722 0.0481198 0.838455
3 0.765611 0.781576 0.0403319 0.0333483 0.8355
3 0.807237 0.773684 0.0379326 0.0279144 0.816681
3 0.685051 0.963551 0.0496609 0.0478418 0.813567
3 0.0786758 0.830621 0.0504282 0.0368609 0.76522
3 0.129806 0.768643 0.0421956 0.0328803 0.713312
3 0.0455789 0.77725 0.0459237 0.0344537 0.68729
3 0.222053 0.746549 0.031953 0.031277 0.686009
3 0.205958 0.735992 0.0307273 0.0299769 0.672041
3 0.12904 0.698235 0.0300348 0.0296022 0.653882
3 0.284919 0.756419 0.0250221 0.0390739 0.631377
3 0.0498787 0.719864 0.03792 0.0264214 0.629642
3 0.110604 0.806974 0.0457601 0.0340902 0.600103
3 0.174051 0.713068 0.0324522 0.0281708 0.593788
3 0.139127 0.701794 0.0235205 0.0264236 0.59339
3 0.0693109 0.795958 0.0371178 0.0300612 0.574017
3 0.192537 0.725523 0.0303299 0.0268439 0.556519
3 0.104705 0.763505 0.0322595 0.031386 0.552489
3 0.0607599 0.794589 0.0450274 0.0307908 0.552009
0 0.103293 0.687216 0.00598234 0.0233576 0.531674
3 0.0579731 0.733626 0.038067 0.0281694 0.529454
3 0.0328724 0.697515 0.0437982 0.0292792 0.529271
3 0.0779558 0.746617 0.0390463 0.0310398 0.510721
0 0.769933 0.726994 0.00496979 0.0217397 0.509431
3 0.0303314 0.657061 0.0342046 0.0210707 0.494048
3 0.177704 0.716092 0.0322151 0.0268762 0.489621
3 0.74171 0.716928 0.0294245 0.028864 0.478551
3 0.0287771 0.684911 0.0423133 0.0274843 0.472686
0 0.242866 0.730846 0.00575891 0.024596 0.45312
0 0.112221 0.658099 0.00511695 0.0205231 0.442567
3 0.100552 0.797246 0.0526929 0.0345252 0.440062
4 0.240268 0.767256 0.0365592 0.0402295 0.438688
0 0.209037 0.791188 0.00617582 0.0256431 0.428346
3 0.168613 0.710756 0.0287833 0.0283056 0.428091
3 0.0190545 0.65193 0.0323221 0.029197 0.424928
3 0.186752 0.722236 0.0285694 0.0270026 0.423299
3 0.695344 0.674112 0.024114 0.0271685 0.422338
3 0.0509771 0.796391 0.0341054 0.0297574 0.420897
3 0.0935997 0.760603 0.0408972 0.0303448 0.416965
0 0.217139 0.703748 0.00590915 0.0253432 0.412476
3 0.0858754 0.75372 0.0345541 0.0308315 0.412188
3 0.0753552 0.740518 0.0362591 0.0293909 0.409024
3 0.0322736 0.703365 0.0419715 0.034786 0.4054
0 0.0935077 0.690831 0.00577342 0.0234014 0.403476
3 0.0217799 0.6545 0.0326164 0.023417 0.393964
3 0.0680972 0.740165 0.0391994 0.0295612 0.388656
0 0.645466 0.726593 0.00522326 0.0229645 0.385583
3 0.0545122 0.727239 0.0349128 0.0320265 0.368239
0 0.080678 0.665277 0.00563348 0.0201016 0.366421
3 0.21641 0.741416 0.0314323 0.0280068 0.359815
0 0.811206 0.574852 0.00401952 0.0180284 0.357392
0 0.766855 0.681809 0.00563355 0.0213055 0.344082
4 0.753163 0.7493 0.0342384 0.0334469 0.344023
0 0.221021 0.791839 0.0076219 0.024727 0.329476
0 0.117261 0.629613 0.0049963 0.0198579 0.322174
0 0.788221 0.695937 0.00559863 0.022352 0.319295
0 0.795397 0.69597 0.00491486 0.0230722 0.319241
3 0.0848802 0.796504 0.052908 0.0332104 0.3192
3 0.00318709 0.786174 0.00637418 0.0251411 0.317863
0 0.128461 0.661755 0.00608835 0.0259492 0.306762
0 0.836052 0.577233 0.00390015 0.0216691 0.299451
0 0.227939 0.671945 0.00663699 0.0209149 0.297751
0 0.612923 0.749226 0.00556434 0.0254395 0.295996
0 0.0180957 0.883361 0.00809146 0.030973 0.281961
0 0.481112 0.56073 0.00431097 0.0142507 0.280432
3 0.104556 0.803083 0.0561128 0.0369239 0.279158
0 0.0731734 0.686966 0.00884775 0.0212559 0.27823
0 0.221215 0.787215 0.00681458 0.0264184 0.276611
0 0.255329 0.673507 0.00581842 0.0239926 0.275198
0 0.632845 0.732825 0.00570239 0.0259689 0.271252
0 0.721891 0.660646 0.0062912 0.0177876 0.268409
0 0.747042 0.563197 0.00658722 0.0167257 0.264806
0 0.155768 0.682684 0.00795329 0.0208004 0.259717
0 0.809398 0.57436 0.00630296 0.0164407 0.258774
0 0.521526 0.556523 0.00556241 0.0150769 0.257474
0 0.802746 0.661865 0.00708089 0.0174009 0.256279
3 0.121962 0.767274 0.0527723 0.0340437 0.251558
