3 0.661135 0.912399 0.0647934 0.143781 0.882954
3 0.935865 0.659828 0.106106 0.078358 0.863966
3 0.471783 0.667986 0.0445858 0.0847173 0.852168
3 0.176185 0.540001 0.0471262 0.0712129 0.839068
3 0.374909 0.44573 0.0353188 0.0561886 0.838077
3 0.598219 0.561309 0.0389019 0.064499 0.834798
3 0.855639 0.610202 0.0819477 0.0728807 0.816711
3 0.47842 0.316963 0.0201192 0.0336521 0.802504
3 0.501913 0.358029 0.0256941 0.0410392 0.794651
3 0.71757 0.448382 0.0617598 0.0439949 0.761046
3 0.509515 0.286418 0.0143486 0.0241026 0.752212
3 0.694134 0.622221 0.0579799 0.102299 0.691025
3 0.507023 0.402342 0.0225223 0.0485322 0.670994
3 0.69801 0.354294 0.0467465 0.0329212 0.655774
5 0.329933 0.503486 0.0538585 0.0951348 0.633317
6 0.540489 0.546245 0.0218306 0.0699224 0.602933
8 0.438849 0.356062 0.0407799 0.10496 0.593982
3 0.615289 0.470339 0.0456719 0.0589135 0.570492
3 0.506109 0.263142 0.0137121 0.0233279 0.559036
3 0.215962 0.474936 0.0339235 0.0607359 0.551334
3 0.729736 0.399519 0.047934 0.0370233 0.530246
3 0.893969 0.479609 0.0675741 0.0504868 0.524315
3 0.722801 0.372453 0.0452519 0.0316306 0.490137
3 0.507302 0.240031 0.0117076 0.0166963 0.440632
0 0.65961 0.386271 0.0073555 0.0337705 0.43708
3 0.46109 0.228436 0.0101639 0.01529 0.414578
0 0.566707 0.41934 0.00857288 0.0396884 0.397454
9 0.73088 0.512733 0.0222311 0.0434007 0.394403
3 0.727575 0.380019 0.0467246 0.0327449 0.380116
9 0.877557 0.547622 0.0231221 0.0304489 0.367316
0 0.363353 0.481349 0.0111488 0.0340892 0.365045
0 0.556753 0.30836 0.00606097 0.0245176 0.363528
3 0.702292 0.359429 0.0454977 0.0318319 0.36042
0 0.830154 0.523501 0.00978465 0.0433022 0.356913
9 0.848959 0.533717 0.0244034 0.0386327 0.355582
3 0.535815 0.252458 0.0104356 0.0201106 0.351397
3 0.50832 0.22862 0.0097347 0.0156124 0.34629
3 0.533813 0.24759 0.0107601 0.0222076 0.313648
3 0.506626 0.258384 0.0121144 0.0223681 0.292733
0 0.648262 0.389739 0.00905932 0.0349236 0.285039
9 0.408423 0.350634 0.00877138 0.026525 0.281967
9 0.854346 0.533185 0.022015 0.0361423 0.267226
3 0.524161 0.248944 0.0111421 0.0200318 0.265846
0 0.783393 0.538677 0.0103386 0.0513746 0.264025
3 0.469963 0.218834 0.00827044 0.0161867 0.262323
3 0.539253 0.223914 0.00980606 0.0136686 0.258248
5 0.440724 0.355376 0.0399294 0.107446 0.253598
