3 0.63889 0.721692 0.161152 0.229092 0.939352
3 0.749965 0.1185 0.0552819 0.0965399 0.914105
3 0.562822 0.486883 0.151933 0.114954 0.904856
3 0.698208 0.202383 0.0581843 0.127079 0.894891
3 0.390609 0.212324 0.0473181 0.112323 0.890788
3 0.57755 0.255848 0.0494685 0.139709 0.884054
3 0.311975 0.348478 0.112926 0.104878 0.880677
4 0.392397 0.116434 0.0777653 0.100629 0.829055
3 0.285223 0.468822 0.116652 0.107816 0.819533
3 0.267049 0.948471 0.0894948 0.1014 0.814389
9 0.149471 0.940996 0.0717073 0.0894108 0.813351
3 0.904528 0.158519 0.0578298 0.0853753 0.80353
0 0.441812 0.126255 0.0142538 0.0718636 0.802114
3 0.988146 0.0673636 0.0237081 0.0778059 0.718774
3 0.388747 0.0344314 0.0833687 0.0656395 0.692711
0 0.275851 0.0270114 0.0115436 0.0531253 0.68489
0 0.0682075 0.96621 0.0387875 0.0634561 0.677842
2 0.385201 0.745983 0.0226253 0.085948 0.676477
1 0.384497 0.711983 0.0225719 0.0785197 0.661779
0 0.453401 0.0198785 0.0125126 0.0397571 0.653807
4 0.259668 0.775317 0.0906913 0.254027 0.640768
0 0.442935 0.0242256 0.0105185 0.0459223 0.579007
2 0.536936 0.414245 0.0397198 0.0548105 0.576067
9 0.0117824 0.792388 0.0235647 0.0690382 0.50726
1 0.538973 0.396062 0.0173565 0.0569414 0.476027
0 0.429844 0.0226567 0.00952786 0.0453134 0.467323
9 0.327172 0.176659 0.0398247 0.0564984 0.446447
1 0.537191 0.397153 0.025103 0.0569994 0.406427
