5 0.493149 0.900744 0.0531483 0.187657 0.883145
3 0.546461 0.526535 0.025518 0.0540178 0.859857
5 0.449555 0.725248 0.0506989 0.15176 0.811266
5 0.594676 0.590462 0.0670152 0.0805499 0.786369
5 0.524345 0.722614 0.0378115 0.105259 0.76601
3 0.366326 0.740793 0.0589157 0.058724 0.752065
3 0.490402 0.460548 0.0377583 0.0402518 0.74543
5 0.593896 0.447642 0.023301 0.0627306 0.731499
3 0.479303 0.418307 0.0230421 0.0297331 0.700843
3 0.51622 0.3019 0.0241892 0.0215368 0.686994
0 0.202378 0.952499 0.0138984 0.053693 0.613128
5 0.495344 0.491095 0.0304602 0.0482305 0.552424
3 0.536455 0.249233 0.0124205 0.0200365 0.513074
3 0.504576 0.360374 0.0152996 0.0296048 0.46132
3 0.512152 0.344197 0.0150848 0.0301427 0.45461
3 0.3207 0.973549 0.0847984 0.0529027 0.45064
7 0.535978 0.346372 0.011891 0.0314891 0.426531
4 0.465172 0.55114 0.0276051 0.059963 0.414262
3 0.468018 0.159417 0.016955 0.017173 0.394155
3 0.580127 0.242099 0.00990309 0.0175198 0.390098
5 0.502651 0.398038 0.0267967 0.0463842 0.35425
5 0.180185 0.139522 0.0337569 0.0330165 0.336523
0 0.603466 0.484351 0.00702385 0.026131 0.314327
5 0.491117 0.460821 0.0373471 0.0427145 0.306639
3 0.429165 0.150785 0.0189228 0.0154689 0.292359
9 0.531318 0.389638 0.00803079 0.02146 0.29073
5 0.592031 0.420424 0.0189037 0.0314642 0.279989
9 0.546547 0.3095 0.00604647 0.0175707 0.273053
