3 0.789152 0.827695 0.0651332 0.127107 0.931972
3 0.363868 0.826443 0.0604548 0.169493 0.911785
3 0.883429 0.938246 0.079858 0.118704 0.887844
3 0.476101 0.580547 0.0362495 0.0886683 0.88586
3 0.476382 0.805692 0.0455088 0.142023 0.882445
3 0.397959 0.691134 0.038958 0.104364 0.879853
3 0.479343 0.675746 0.0408011 0.106965 0.879794
3 0.773613 0.72962 0.0924855 0.0732832 0.877422
3 0.798385 0.429072 0.0642647 0.0475318 0.860292
3 0.709454 0.781477 0.0487639 0.0892008 0.855258
3 0.113824 0.65067 0.102186 0.0715752 0.85328
3 0.411351 0.581152 0.0357085 0.0806067 0.846293
3 0.421939 0.50666 0.0324944 0.0730542 0.846122
3 0.198662 0.512055 0.0776888 0.0539656 0.845169
3 0.750973 0.665022 0.0835102 0.0624687 0.843796
3 0.457781 0.94564 0.0526044 0.104686 0.839749
3 0.788829 0.960608 0.0679941 0.0777574 0.837717
3 0.35584 0.545091 0.0442458 0.0877346 0.831018
3 0.733441 0.621181 0.0806099 0.0624327 0.828451
3 0.684046 0.573146 0.0443407 0.0684996 0.824765
3 0.394423 0.40665 0.0320286 0.0565986 0.824482
3 0.259107 0.422424 0.0624947 0.0444066 0.807578
3 0.410286 0.33972 0.0252017 0.052215 0.803574
3 0.702333 0.430903 0.0669758 0.0471643 0.803516
3 0.349504 0.352798 0.0284438 0.0520148 0.792683
3 0.466647 0.186547 0.0181887 0.0292502 0.791066
3 0.706833 0.503177 0.0696043 0.0524438 0.784472
3 0.451603 0.11273 0.0133997 0.0194926 0.784251
4 0.442033 0.39419 0.0220447 0.0640022 0.782658
4 0.428001 0.438717 0.0269905 0.0703397 0.77796
3 0.682675 0.403614 0.0577408 0.0408073 0.772592
3 0.439291 0.0809187 0.0130098 0.0193382 0.771502
4 0.734143 0.47623 0.0616893 0.057809 0.761769
3 0.351489 0.202921 0.0330574 0.0238362 0.75256
4 0.225463 0.467695 0.066111 0.054879 0.747381
3 0.269939 0.36247 0.0531179 0.0363863 0.728772
4 0.632757 0.335228 0.0334893 0.0627191 0.723544
4 0.789804 0.565347 0.0792878 0.0660469 0.722967
3 0.762484 0.524517 0.0758676 0.0592219 0.721196
4 0.296864 0.450554 0.0421908 0.063799 0.721077
6 0.272926 0.868524 0.0400006 0.11194 0.71868
3 0.341079 0.966596 0.0553256 0.0652986 0.713394
3 0.361099 0.309207 0.0279003 0.0525303 0.707834
3 0.422183 0.126569 0.0158037 0.0230707 0.698068
3 0.459142 0.239697 0.0186825 0.0346942 0.695755
4 0.246926 0.385637 0.053071 0.0501546 0.6835
5 0.327598 0.646538 0.0608964 0.1782 0.682782
3 0.544688 0.0815553 0.0103645 0.0180801 0.679503
0 0.84314 0.597253 0.0131344 0.0621775 0.6674
4 0.615665 0.294698 0.027603 0.0526762 0.653561
3 0.389142 0.219616 0.0239108 0.0328526 0.651116
3 0.475745 0.128089 0.0116169 0.0219074 0.649319
3 0.376376 0.259253 0.0268814 0.0401723 0.644404
3 0.484765 0.0532486 0.0107042 0.0176622 0.643928
3 0.448555 0.292386 0.0207557 0.039283 0.636917
3 0.445763 0.340926 0.0229648 0.0436992 0.636854
3 0.517748 0.100922 0.0119001 0.0204188 0.636196
3 0.534353 0.0637263 0.011208 0.015868 0.631198
3 0.295094 0.475104 0.0402907 0.0455872 0.628047
0 0.870849 0.630664 0.0153149 0.050631 0.621464
3 0.372335 0.178403 0.0354803 0.0229452 0.617874
3 0.48942 0.0236192 0.00900641 0.0130489 0.61536
9 0.901014 0.690664 0.0184448 0.054637 0.609205
3 0.457088 0.262981 0.0190019 0.0424752 0.607594
0 0.756655 0.428744 0.00853595 0.0417311 0.593689
3 0.478314 0.101226 0.0127279 0.0199985 0.590477
3 0.407038 0.165245 0.0181181 0.0291035 0.576982
0 0.793072 0.345863 0.00908221 0.032084 0.576505
0 0.73806 0.565774 0.0115356 0.0510111 0.564719
3 0.660528 0.175056 0.0328074 0.0194181 0.563233
3 0.671107 0.331988 0.0424478 0.0352039 0.557925
3 0.531503 0.0426439 0.00930898 0.0122789 0.554147
3 0.272544 0.341169 0.0590659 0.034219 0.549812
3 0.51707 0.00706961 0.00811117 0.0141392 0.544145
1 0.050596 0.941635 0.0230942 0.0691973 0.535245
3 0.280481 0.333427 0.0711913 0.0396746 0.527938
9 0.892518 0.644868 0.0322197 0.045486 0.525304
3 0.479869 0.0982251 0.0110891 0.0188979 0.524714
3 0.456629 0.224039 0.0197056 0.0252636 0.522832
3 0.789193 0.56404 0.0821257 0.0643353 0.493453
3 0.447681 0.325501 0.0220691 0.0368713 0.487535
1 0.642267 0.4791 0.0105225 0.0390774 0.48581
0 0.208356 0.601138 0.00879054 0.0435779 0.485583
3 0.721187 0.456757 0.0537676 0.0454326 0.483112
3 0.339408 0.239982 0.0377862 0.0274848 0.481357
3 0.398355 0.20322 0.0203423 0.026898 0.474059
3 0.681937 0.364787 0.0462907 0.0372057 0.471806
3 0.577126 0.14487 0.0186657 0.0214525 0.470221
3 0.555148 0.0391213 0.0076552 0.0138938 0.466083
3 0.374862 0.175614 0.035543 0.0235848 0.456659
3 0.462483 0.210769 0.0174652 0.031385 0.456217
3 0.616716 0.18311 0.0281839 0.0199171 0.451471
3 0.515729 0.0994807 0.0148534 0.0212412 0.449572
0 0.946778 0.781605 0.0216135 0.0650466 0.44901
3 0.454565 0.0472818 0.0143959 0.0208091 0.446898
3 0.508016 0.0618643 0.00906973 0.0144572 0.443163
0 0.808222 0.358805 0.00824468 0.0326787 0.442086
3 0.626724 0.132426 0.0249479 0.0200201 0.436168
3 0.484226 0.0571818 0.00969256 0.0189778 0.435777
3 0.592714 0.163372 0.0159275 0.0207457 0.434038
3 0.448454 0.304112 0.021031 0.0379807 0.431354
3 0.62052 0.190627 0.0300059 0.0223198 0.429225
4 0.657654 0.263957 0.0392883 0.0339272 0.428198
3 0.548512 0.116796 0.0106136 0.0189767 0.426166
3 0.403449 0.18099 0.0207038 0.0247441 0.422761
4 0.295527 0.470205 0.0405151 0.0541989 0.422577
3 0.385781 0.156389 0.018277 0.0223136 0.422528
3 0.613166 0.180328 0.0300258 0.0199925 0.420183
0 0.774579 0.363607 0.00826506 0.0371351 0.41505
3 0.647637 0.148808 0.0298868 0.0198334 0.414473
3 0.51189 0.0988528 0.0189423 0.0200331 0.411739
4 0.653623 0.240904 0.0340609 0.0280844 0.405394
3 0.333042 0.244943 0.0437954 0.0283213 0.403198
3 0.245794 0.973024 0.0587109 0.051864 0.398627
3 0.330402 0.252124 0.0481562 0.0260137 0.397654
0 0.845904 0.599111 0.0141453 0.0638498 0.394805
3 0.662057 0.161189 0.0328526 0.024834 0.394649
0 0.858663 0.401007 0.00920024 0.0341762 0.389555
3 0.675737 0.353401 0.0500599 0.033096 0.381016
3 0.623876 0.202322 0.0294421 0.0219406 0.37998
4 0.723462 0.460236 0.0574567 0.0474275 0.377652
3 0.66046 0.17156 0.0339639 0.0232514 0.374369
0 0.00567256 0.967486 0.0113451 0.0613144 0.371113
3 0.486598 0.018845 0.0107364 0.0160238 0.369428
9 0.30423 0.500489 0.0136742 0.0353657 0.367555
9 0.799015 0.633553 0.0191635 0.0528802 0.359343
3 0.329185 0.25908 0.0532707 0.0321475 0.350731
0 0.934137 0.971848 0.0199427 0.0459815 0.349016
3 0.656194 0.0979928 0.0217087 0.0188211 0.348486
3 0.290657 0.330101 0.0524647 0.0411858 0.340019
3 0.604534 0.0806155 0.0239928 0.0168765 0.339276
3 0.604795 0.0847222 0.024228 0.0146041 0.333324
3 0.350701 0.207723 0.0361 0.0263639 0.329795
3 0.613513 0.173069 0.0272539 0.0208552 0.328893
3 0.611302 0.108181 0.022809 0.0188725 0.326767
3 0.603795 0.149776 0.0222882 0.0181144 0.32319
3 0.464592 0.189669 0.0175906 0.0305314 0.3192
3 0.623119 0.19788 0.0292906 0.021376 0.317358
3 0.432563 0.059099 0.0090372 0.0166117 0.310723
5 0.645293 0.336207 0.0575556 0.0644155 0.310573
3 0.61247 0.112724 0.0213978 0.0175827 0.306359
3 0.612076 0.221589 0.0220106 0.0229237 0.299739
3 0.661473 0.326101 0.0581179 0.0328031 0.297305
3 0.530149 0.0132404 0.00740796 0.0179826 0.294341
6 0.472065 0.478997 0.0171515 0.0419181 0.293762
0 0.850489 0.606721 0.0123199 0.0561637 0.290621
3 0.601639 0.325832 0.0284569 0.0365365 0.289491
2 0.234008 0.61418 0.0205164 0.0351559 0.288641
8 0.327768 0.646185 0.0591838 0.18369 0.287689
3 0.675361 0.206456 0.0298992 0.0242594 0.284939
3 0.596186 0.131243 0.0211317 0.0237241 0.280884
9 0.0456713 0.971516 0.0391805 0.0542023 0.274413
3 0.529111 0.00796843 0.00669897 0.0159369 0.273622
3 0.462707 0.205935 0.0191331 0.0318228 0.270333
3 0.451984 0.023604 0.00949168 0.015706 0.268647
3 0.618775 0.187522 0.0273442 0.0199294 0.268035
0 0.776028 0.367943 0.0104979 0.0314268 0.26791
3 0.623083 0.222538 0.0328138 0.0248042 0.266421
3 0.635712 0.110223 0.0174988 0.0161822 0.263658
0 0.379371 0.197615 0.00549128 0.0199714 0.263467
3 0.566782 0.0499214 0.00964113 0.0115802 0.260581
3 0.683609 0.370829 0.0479089 0.0406019 0.259181
3 0.323649 0.252951 0.0426406 0.0281733 0.257781
3 0.602871 0.16774 0.0228371 0.0226109 0.257656
3 0.667488 0.336549 0.0471914 0.0465663 0.257479
3 0.714729 0.461726 0.0590357 0.0455253 0.255563
3 0.33771 0.229815 0.0371337 0.0240742 0.251553
0 0.352693 0.441933 0.00942621 0.0421277 0.250278
