3 0.182072 0.596199 0.0436641 0.049822 0.884552
5 0.473162 0.424792 0.0197534 0.049321 0.816704
3 0.455712 0.512628 0.0168549 0.0297314 0.815225
5 0.31266 0.351158 0.0385627 0.0550137 0.799152
3 0.358591 0.506477 0.0214301 0.0336218 0.775858
3 0.442193 0.382153 0.0121014 0.0181437 0.774556
3 0.465682 0.339489 0.00992068 0.0153854 0.739845
3 0.380555 0.341292 0.012029 0.0199544 0.70264
3 0.504467 0.455199 0.0141485 0.0234813 0.693116
3 0.412909 0.296722 0.00893366 0.0151627 0.664572
4 0.393752 0.693405 0.0293875 0.0620992 0.617679
3 0.444373 0.411956 0.0127094 0.0225667 0.616583
3 0.442927 0.346521 0.0103019 0.0180869 0.604241
4 0.419597 0.491405 0.0156167 0.0320241 0.55669
5 0.496014 0.345757 0.0110974 0.0265963 0.488523
5 0.501275 0.279639 0.0153212 0.0236654 0.473416
3 0.456837 0.365463 0.0112392 0.0198442 0.41979
3 0.393923 0.693563 0.029136 0.0614356 0.369783
5 0.496238 0.231093 0.00679855 0.0177954 0.346225
3 0.443289 0.343089 0.0102934 0.0195221 0.336334
3 0.531194 0.245441 0.00626831 0.00913018 0.284134
