3 0.475078 0.397295 0.0202683 0.0442252 0.6968
3 0.445833 0.331631 0.0165356 0.0343521 0.694044
0 0.505133 0.487552 0.00772743 0.0374197 0.682889
9 0.472222 0.85015 0.0301139 0.0569953 0.65244
3 0.465047 0.436495 0.0203274 0.0418543 0.620303
0 0.458299 0.669917 0.0112522 0.0567854 0.55855
0 0.458943 0.916627 0.0171968 0.0709239 0.521659
1 0.581531 0.80655 0.0169807 0.048711 0.51531
9 0.511376 0.590867 0.0114113 0.042297 0.458014
3 0.50665 0.259754 0.0140289 0.0203295 0.443908
0 0.523866 0.488153 0.0102353 0.0384355 0.441537
5 0.508343 0.396996 0.023657 0.0623507 0.438013
0 0.485056 0.474305 0.00836487 0.0399901 0.433706
5 0.491841 0.322947 0.0186968 0.0430645 0.421613
1 0.474145 0.833278 0.0141754 0.0481839 0.416618
9 0.518432 0.546281 0.00937805 0.0393236 0.373907
9 0.580865 0.820585 0.0296824 0.0543976 0.332679
9 0.480494 0.534675 0.0124505 0.0388565 0.328533
9 0.531509 0.621239 0.0153313 0.0438383 0.309384
3 0.445164 0.311933 0.0136268 0.0251227 0.289229
0 0.446142 0.703498 0.0113113 0.0462646 0.284162
9 0.578921 0.82913 0.0266388 0.0448229 0.281851
0 0.548859 0.559165 0.010259 0.0314351 0.278746
1 0.531449 0.613649 0.0120064 0.0393809 0.273207
3 0.485852 0.215716 0.0106352 0.0184099 0.265916
3 0.443133 0.293642 0.012133 0.0292935 0.265816
0 0.568156 0.558264 0.00946395 0.0275235 0.25669
