3 0.740427 0.507088 0.0559671 0.0382806 0.854707
3 0.547443 0.42752 0.0349442 0.0288075 0.785012
3 0.484839 0.420958 0.0190084 0.0299399 0.780717
3 0.949764 0.768519 0.0762413 0.0830749 0.766869
6 0.545328 0.702233 0.0257211 0.076775 0.758017
3 0.492631 0.364746 0.0134331 0.0254218 0.715206
3 0.81741 0.503753 0.0484676 0.0361138 0.684826
3 0.984468 0.765928 0.0310543 0.0670315 0.680853
3 0.483972 0.445788 0.0194366 0.0346191 0.673394
3 0.678239 0.426607 0.0436025 0.0305457 0.668427
3 0.449985 0.361436 0.0136364 0.0259467 0.650499
3 0.450446 0.402968 0.0159842 0.0268428 0.64899
1 0.52683 0.511712 0.00890923 0.0278162 0.637099
3 0.451175 0.385401 0.0150656 0.0290997 0.620302
1 0.59544 0.493153 0.00767403 0.0304042 0.603697
3 0.494088 0.332919 0.0145266 0.0217638 0.59714
9 0.622819 0.962543 0.0185724 0.06991 0.568175
6 0.27309 0.55249 0.0325623 0.0397749 0.56295
9 0.454253 0.525045 0.018085 0.0243266 0.547375
3 0.453896 0.321316 0.0112162 0.0205889 0.510171
3 0.453686 0.289869 0.0110353 0.0192897 0.498161
9 0.480645 0.50137 0.0104066 0.0224868 0.484193
9 0.591287 0.503758 0.0183807 0.0227743 0.452098
3 0.719307 0.423391 0.0399494 0.0338788 0.446723
3 0.44992 0.369826 0.014528 0.0284428 0.414473
9 0.428116 0.462139 0.00839062 0.0278209 0.40127
1 0.485524 0.595244 0.00926437 0.0380651 0.400372
3 0.735313 0.430277 0.043397 0.0278895 0.397884
1 0.429098 0.454511 0.0082798 0.0294666 0.38146
1 0.622822 0.957554 0.0188173 0.0710221 0.377183
3 0.431203 0.305269 0.0130136 0.014176 0.365164
1 0.518452 0.41947 0.00731649 0.0221049 0.363621
9 0.528285 0.522794 0.0120684 0.0252657 0.358887
3 0.435743 0.292641 0.0101501 0.0183338 0.354779
3 0.515556 0.386844 0.0210794 0.0246911 0.347182
1 0.480762 0.488713 0.00960112 0.0360009 0.338517
3 0.464983 0.272783 0.00783119 0.0130093 0.338207
3 0.705785 0.44329 0.0354496 0.0248476 0.337944
3 0.443863 0.2641 0.00803394 0.015151 0.335169
3 0.681126 0.430492 0.0497891 0.0385096 0.330036
3 0.740939 0.435724 0.0323116 0.0233451 0.317133
3 0.716948 0.428391 0.038702 0.029059 0.30561
0 0.27017 0.43164 0.00704686 0.0289208 0.304298
3 0.445027 0.341232 0.00906954 0.0222168 0.302601
1 0.409487 0.432615 0.0066199 0.0215853 0.300649
0 0.485588 0.59838 0.0103107 0.041344 0.295626
3 0.295834 0.375161 0.0223226 0.0199608 0.293774
1 0.59307 0.490728 0.0112052 0.0285596 0.289767
2 0.487942 0.614926 0.0158861 0.0345813 0.288784
3 0.148897 0.551498 0.0539904 0.0351375 0.288357
1 0.408745 0.441949 0.00697613 0.0265133 0.283056
1 0.453003 0.516156 0.0132572 0.028902 0.273905
2 0.487061 0.608838 0.0144218 0.0407763 0.272841
3 0.479774 0.395834 0.0142296 0.0276666 0.270546
1 0.501478 0.789596 0.0135874 0.054836 0.265374
3 0.433192 0.302173 0.0111282 0.0182037 0.264598
1 0.577307 0.439524 0.00810916 0.023671 0.264222
3 0.442547 0.260276 0.0101717 0.0137788 0.259837
9 0.287644 0.468876 0.0122126 0.0210015 0.2533
