0 0.650994 0.474339 0.0285219 0.0815611 0.858029
0 0.225253 0.50498 0.0331217 0.0883226 0.846115
0 0.59754 0.57397 0.0236891 0.0814362 0.837269
0 0.556195 0.69811 0.0247129 0.0792791 0.83505
0 0.63012 0.842779 0.029413 0.075421 0.831353
0 0.684173 0.704776 0.0330755 0.0794133 0.82987
0 0.126233 0.750533 0.0404583 0.0682454 0.821573
0 0.76837 0.416134 0.0295275 0.0789761 0.820538
0 0.796702 0.409306 0.031027 0.0825217 0.817339
0 0.0584257 0.508066 0.0427957 0.0773217 0.817005
0 0.857316 0.389727 0.0317788 0.0780957 0.81645
0 0.236764 0.362285 0.0275551 0.0983295 0.816306
0 0.063819 0.771759 0.0437234 0.0777289 0.81513
0 0.705851 0.828066 0.0415736 0.0785665 0.814159
0 0.804649 0.831415 0.0418623 0.0794352 0.813231
0 0.210216 0.601769 0.0349682 0.0776774 0.812761
0 0.524325 0.475924 0.0191055 0.0819805 0.8122
0 0.180195 0.304908 0.0280038 0.0855616 0.811875
0 0.177478 0.378373 0.0282438 0.0814592 0.809503
0 0.302128 0.620927 0.0243689 0.0801285 0.808855
0 0.095213 0.625848 0.0422168 0.0741848 0.807564
0 0.627373 0.400323 0.026668 0.0759731 0.806208
0 0.208919 0.729774 0.037469 0.0780565 0.805683
0 0.314385 0.427845 0.0224953 0.0875005 0.80328
0 0.567976 0.48033 0.0227598 0.0774365 0.801458
0 0.431374 0.597478 0.022246 0.073878 0.800749
0 0.355274 0.725988 0.0267141 0.0795291 0.799277
0 0.662663 0.570818 0.0290146 0.0780876 0.799179
0 0.15188 0.609914 0.0340342 0.0856873 0.796349
0 0.532719 0.57284 0.0199694 0.071464 0.795443
0 0.626331 0.171087 0.0183413 0.0663716 0.795098
0 0.428737 0.413145 0.0173616 0.0788191 0.793959
0 0.909428 0.0459127 0.027774 0.0751773 0.793189
0 0.581095 0.330072 0.018222 0.087905 0.792485
0 0.225252 0.426724 0.0288083 0.0867967 0.789531
0 0.22012 0.220857 0.0237004 0.0758927 0.781741
0 0.362542 0.428044 0.0227424 0.0968316 0.775994
0 0.741576 0.565255 0.0415781 0.0784637 0.771814
0 0.274651 0.900297 0.0291849 0.0744666 0.770166
0 0.633438 0.245571 0.0181725 0.0771506 0.76939
0 0.320076 0.35546 0.0223976 0.0842947 0.769154
0 0.427975 0.720728 0.0211693 0.071835 0.768587
0 0.097485 0.309754 0.0365161 0.0875334 0.768271
0 0.721008 0.276853 0.0251946 0.0852408 0.767247
0 0.365381 0.865152 0.0277151 0.067896 0.762871
0 0.821247 0.492403 0.0339802 0.0839491 0.761179
0 0.362308 0.601144 0.0256994 0.0834491 0.758632
0 0.43368 0.851411 0.0263176 0.0891356 0.758349
0 0.369666 0.172952 0.0151544 0.0749474 0.75758
0 0.799165 0.473575 0.0249036 0.065939 0.75717
0 0.60431 0.228339 0.0178719 0.0808485 0.754157
0 0.838975 0.362607 0.0364839 0.0761742 0.751846
0 0.427413 0.495735 0.0211939 0.0796582 0.750815
0 0.488823 0.119711 0.0147533 0.0721402 0.750284
0 0.731753 0.372201 0.0272339 0.0749697 0.748342
0 0.142654 0.306787 0.0286203 0.077326 0.746446
0 0.0853232 0.220245 0.0302556 0.0739617 0.742359
0 0.52305 0.30827 0.0160223 0.0813497 0.740641
0 0.109191 0.510311 0.0393643 0.0816089 0.73991
0 0.969739 0.301036 0.0355436 0.0802705 0.734868
0 0.775626 0.305118 0.0264395 0.0808063 0.732595
0 0.441369 0.220001 0.01562 0.0834928 0.731945
0 0.322264 0.295559 0.0220598 0.088844 0.731005
0 0.131695 0.380689 0.0349331 0.0823114 0.730398
0 0.422042 0.346755 0.0160872 0.071642 0.729762
0 0.164602 0.497129 0.0387229 0.0768973 0.729418
0 0.56994 0.857407 0.0259975 0.0771712 0.72742
0 0.705232 0.345271 0.0225088 0.0846724 0.725273
0 0.535586 0.171397 0.0136961 0.0683855 0.723268
0 0.506022 0.300734 0.0143241 0.0810922 0.718845
0 0.41207 0.21249 0.0164343 0.0801213 0.718405
0 0.933213 0.0418478 0.0256992 0.0701026 0.713517
0 0.263842 0.0715414 0.0184541 0.0684908 0.704147
0 0.758208 0.177088 0.0232121 0.0749227 0.701308
0 0.621643 0.347391 0.0195912 0.0834137 0.688788
0 0.315524 0.0622657 0.0175261 0.0743485 0.688767
0 0.526379 0.251057 0.01558 0.072298 0.686565
0 0.372908 0.351912 0.0202447 0.0883642 0.685393
0 0.229152 0.290263 0.0230626 0.0776473 0.681017
0 0.751307 0.333473 0.022493 0.0789502 0.679707
0 0.194787 0.21587 0.0262682 0.0773487 0.678661
0 0.446885 0.0937327 0.0152096 0.0712333 0.678261
0 0.363735 0.12568 0.0176286 0.0677809 0.67727
0 0.432568 0.164536 0.0165079 0.06868 0.677056
0 0.555921 0.245454 0.015711 0.0740618 0.67321
0 0.0749337 0.382842 0.0296788 0.0808134 0.669022
0 0.26029 0.258012 0.0234585 0.0896128 0.667774
0 0.0209709 0.2137 0.0331195 0.0865744 0.665788
0 0.48756 0.2871 0.0147625 0.0741647 0.658904
0 0.387661 0.123349 0.0181505 0.0771594 0.658678
0 0.950611 0.526982 0.0382052 0.0769667 0.656443
0 0.571076 0.266508 0.0145365 0.0769827 0.655142
0 0.610514 0.162043 0.018037 0.0756702 0.652209
0 0.771868 0.691706 0.0389311 0.0833428 0.650889
0 0.0405847 0.0459114 0.0346643 0.0833613 0.647801
0 0.0489937 0.198957 0.0326451 0.0699717 0.640211
0 0.230429 0.181804 0.0190738 0.0652033 0.633304
0 0.551547 0.355276 0.0201099 0.0892296 0.628924
0 0.422549 0.310144 0.0139193 0.0756617 0.609294
0 0.937857 0.494715 0.0434841 0.0781642 0.608664
0 0.679206 0.314598 0.0209904 0.0787619 0.600636
0 0.13917 0.168794 0.0313613 0.079298 0.599846
0 0.203516 0.148999 0.0247126 0.0734026 0.595484
0 0.598626 0.36363 0.0201181 0.062173 0.592913
0 0.503776 0.191804 0.0156181 0.0712647 0.589679
0 0.313248 0.513838 0.0224872 0.0749476 0.587777
0 0.175495 0.225028 0.021208 0.0835421 0.586645
0 0.407819 0.122133 0.0147051 0.0789946 0.578731
0 0.502954 0.140696 0.0121724 0.0589746 0.575073
0 0.0567174 0.110114 0.030597 0.0715297 0.573069
0 0.41902 0.096809 0.0140537 0.0709244 0.56511
2 0.871533 0.168641 0.0459633 0.0503223 0.565014
0 0.013872 0.175807 0.0277439 0.0796516 0.565008
0 0.00892881 0.221548 0.0178576 0.080293 0.563594
0 0.190651 0.0774483 0.0240767 0.0811397 0.562696
0 0.30713 0.179499 0.0194848 0.075873 0.561673
0 0.10371 0.889951 0.0418608 0.0690467 0.561452
0 0.0363661 0.312274 0.0328262 0.0833285 0.557366
0 0.427008 0.128227 0.0154989 0.0693665 0.553162
0 0.952232 0.0401801 0.0288003 0.0683529 0.545412
0 0.160713 0.149348 0.0182052 0.0707942 0.544883
0 0.25741 0.151704 0.0180516 0.0644789 0.539011
0 0.0760229 0.0604763 0.0251406 0.0764842 0.536424
0 0.68807 0.318188 0.0225791 0.0834637 0.53367
0 0.0125065 0.024577 0.0238229 0.0491539 0.532732
0 0.977289 0.389371 0.0440483 0.0745952 0.526915
0 0.458766 0.106923 0.0119123 0.0667935 0.52626
0 0.279089 0.229867 0.027283 0.0926072 0.520194
0 0.53572 0.22425 0.01364 0.0759103 0.484034
0 0.52902 0.240992 0.0139084 0.0674183 0.482968
1 0.936711 0.646849 0.0546917 0.0896888 0.481222
0 0.654642 0.302759 0.0199074 0.0799593 0.478789
0 0.487695 0.243872 0.0202957 0.0758035 0.476903
0 0.449938 0.168009 0.0133987 0.0647969 0.476563
0 0.652719 0.266448 0.0169788 0.07414 0.473005
0 0.478669 0.175094 0.0133738 0.0670138 0.467379
0 0.49232 0.171188 0.0150813 0.06184 0.465481
0 0.990512 0.1083 0.0189751 0.0783931 0.465389
0 0.169201 0.111132 0.0196573 0.0669906 0.457498
0 0.535596 0.207159 0.0135401 0.0654462 0.455078
0 0.282593 0.129827 0.0159338 0.0661947 0.451941
0 0.890179 0.0160378 0.0153191 0.0317173 0.449855
0 0.692505 0.320913 0.0289839 0.086797 0.448776
0 0.557352 0.29716 0.0152283 0.0670576 0.444774
0 0.341013 0.178386 0.0165528 0.0753188 0.443443
0 0.358964 0.223069 0.016835 0.0671329 0.441522
0 0.477404 0.16545 0.0150139 0.0706386 0.438299
0 0.40373 0.073639 0.0167516 0.0628983 0.436811
0 0.293043 0.125294 0.0164869 0.0622317 0.433352
0 0.475095 0.160786 0.0141201 0.065299 0.430514
0 0.0968744 0.107153 0.0214721 0.0691922 0.421871
0 0.975202 0.295693 0.0390617 0.086116 0.419956
0 0.98265 0.0494394 0.0284978 0.0554295 0.419144
0 0.988859 0.0780967 0.0217991 0.0784727 0.417583
0 0.769642 0.187411 0.0162855 0.0602343 0.417273
0 0.984221 0.0405015 0.031144 0.0696366 0.392887
0 0.163811 0.152786 0.0233315 0.0756071 0.390843
0 0.020034 0.0985972 0.0252699 0.062367 0.389725
0 0.345594 0.157475 0.017293 0.0773038 0.38888
0 0.228578 0.0976292 0.0178336 0.065678 0.382504
0 0.298493 0.21557 0.0193481 0.0724186 0.378727
0 0.652232 0.298174 0.0168152 0.0780196 0.377762
0 0.428563 0.133499 0.0160107 0.0834081 0.373126
0 0.0453705 0.151045 0.0266786 0.0695935 0.361831
0 0.448269 0.132924 0.0140773 0.0707674 0.357022
0 0.353428 0.16513 0.0168483 0.0722001 0.354325
0 0.21553 0.101075 0.0155114 0.066142 0.347789
0 0.192968 0.240563 0.0221459 0.0686345 0.33986
0 0.167578 0.155347 0.0217648 0.0726208 0.336002
0 0.0489582 0.165741 0.0324659 0.0688597 0.335957
0 0.939654 0.647213 0.0474364 0.0918452 0.332928
0 0.490071 0.200128 0.0159454 0.0594989 0.332608
0 0.0194962 0.627636 0.0388691 0.0979135 0.323152
0 0.0317628 0.176626 0.0232407 0.0670193 0.319779
0 0.405283 0.098298 0.0164168 0.0705877 0.316964
0 0.0269895 0.198886 0.0247589 0.0895701 0.315206
0 0.657796 0.301569 0.0194431 0.0760339 0.303107
0 0.10398 0.104025 0.0208874 0.0712395 0.292716
0 0.446989 0.111553 0.0153742 0.0848747 0.292451
0 0.0936113 0.0343941 0.0236295 0.0631179 0.287221
0 0.424366 0.120606 0.01612 0.0646866 0.286661
0 0.0869392 0.164711 0.0260934 0.079971 0.286093
0 0.0191244 0.17918 0.0382487 0.0864783 0.284677
1 0.227696 0.027944 0.0148406 0.0415811 0.28419
0 0.972021 0.638153 0.0431664 0.0683524 0.283237
0 0.55957 0.305737 0.0157408 0.0787998 0.281735
0 0.19498 0.0850784 0.0230946 0.0809222 0.280599
0 0.180316 0.10255 0.0171652 0.0540497 0.279806
0 0.569082 0.291238 0.0143459 0.0817008 0.274518
0 0.268061 0.126336 0.0174308 0.0671672 0.271215
0 0.0961424 0.0545268 0.0271678 0.0572968 0.269307
0 0.480018 0.181583 0.0149237 0.0664605 0.265759
0 0.31757 0.386474 0.0240717 0.130245 0.265227
0 0.177008 0.147959 0.0186804 0.0699013 0.264926
1 0.871395 0.119933 0.0169744 0.0604179 0.264242
1 0.119825 0.207597 0.0239127 0.0577992 0.264002
0 0.245642 0.103446 0.0171865 0.060056 0.263319
0 0.217786 0.901362 0.0208567 0.0602515 0.2571
0 0.282315 0.186987 0.019806 0.0690636 0.256934
0 0.181214 0.110933 0.0191747 0.0724061 0.256
0 0.0115615 0.21302 0.0231105 0.0860013 0.25443
