4 0.715224 0.549374 0.0810955 0.0898007 0.898839
3 0.237599 0.480611 0.0549364 0.0725103 0.827107
3 0.613294 0.430615 0.0587182 0.0533467 0.823153
0 0.332046 0.94056 0.018471 0.0919373 0.814987
0 0.479453 0.841663 0.0164158 0.0732381 0.790747
0 0.616004 0.784654 0.017211 0.0755231 0.787116
3 0.228702 0.413866 0.0483469 0.0599133 0.780498
3 0.68246 0.382282 0.0514249 0.0450306 0.758404
0 0.356446 0.52213 0.010182 0.0496843 0.752778
0 0.44297 0.835309 0.0158241 0.074796 0.747329
0 0.524724 0.827182 0.0165029 0.0666585 0.737301
0 0.968018 0.487337 0.0129436 0.0436971 0.723735
0 0.536973 0.682291 0.0128622 0.0632062 0.716161
0 0.565318 0.742549 0.0126846 0.0659437 0.714568
0 0.579605 0.747903 0.0141808 0.060283 0.714314
3 0.968204 0.435305 0.036611 0.047157 0.712142
3 0.395146 0.233188 0.0340994 0.0306786 0.706384
3 0.277304 0.455141 0.0467674 0.0577618 0.700419
0 0.378649 0.52077 0.0117629 0.0479404 0.698649
9 0.783219 0.574569 0.0270292 0.0304415 0.689358
0 0.695921 0.654454 0.013591 0.0602837 0.682257
3 0.354652 0.241905 0.0299844 0.0278436 0.665851
0 0.9871 0.504757 0.0134594 0.0487477 0.647036
0 0.427794 0.849884 0.015299 0.0683438 0.615934
0 0.40784 0.820625 0.0177526 0.071215 0.601805
0 0.415471 0.886555 0.0147267 0.0771908 0.601729
1 0.784619 0.56207 0.012803 0.04319 0.595765
0 0.432984 0.889942 0.0176218 0.0799059 0.576234
0 0.846893 0.415735 0.00972362 0.0378481 0.55472
0 0.814757 0.385565 0.00834764 0.0396449 0.530929
0 0.773864 0.379928 0.0102337 0.0364461 0.508305
0 0.352619 0.302156 0.00808581 0.0309762 0.505187
0 0.392417 0.88361 0.0157272 0.0821011 0.465576
0 0.390181 0.844982 0.0158312 0.0745625 0.45884
0 0.904974 0.461808 0.00945085 0.0415563 0.440691
0 0.801502 0.355587 0.00968628 0.0377653 0.435305
0 0.429029 0.883685 0.0162426 0.0809068 0.41605
0 0.863397 0.421228 0.00841441 0.0412554 0.414062
0 0.889684 0.449201 0.00962848 0.0411614 0.397492
0 0.858483 0.39675 0.00943864 0.0403058 0.397372
0 0.858548 0.389113 0.00919952 0.0415682 0.395613
0 0.848076 0.392425 0.00950892 0.0400718 0.393405
3 0.336243 0.229683 0.0216813 0.0239242 0.389781
0 0.896046 0.455661 0.00954814 0.0416089 0.385604
0 0.303668 0.437979 0.00977974 0.0404693 0.37771
3 0.333717 0.227729 0.0256577 0.0253946 0.375628
3 0.469361 0.325397 0.0420637 0.0410062 0.35191
0 0.982154 0.351846 0.00842725 0.0308533 0.347572
0 0.340847 0.470978 0.0115857 0.0485865 0.347079
0 0.794731 0.350597 0.00867399 0.0302118 0.333567
0 0.321109 0.468413 0.0125524 0.0442469 0.326353
0 0.826588 0.396824 0.0103295 0.0379657 0.32389
9 0.783152 0.5699 0.0234369 0.0365396 0.319625
0 0.831733 0.386445 0.0101732 0.0369398 0.31421
0 0.87586 0.420511 0.0112469 0.0440704 0.307405
3 0.259761 0.204007 0.0209576 0.0256152 0.302833
3 0.543964 0.19557 0.0226034 0.0246495 0.296677
0 0.343814 0.478611 0.0120017 0.0378049 0.288243
0 0.907801 0.460079 0.00998616 0.0399772 0.286174
3 0.327003 0.215619 0.0302582 0.0264074 0.285919
0 0.873037 0.436861 0.0100235 0.0392127 0.276592
0 0.843893 0.409283 0.00858208 0.0373106 0.276399
0 0.921617 0.404758 0.0108621 0.036349 0.275934
0 0.94797 0.350827 0.00857032 0.0292687 0.270265
0 0.861585 0.417533 0.0108917 0.0398785 0.269995
0 0.865904 0.413096 0.0083076 0.0428442 0.268988
0 0.325713 0.472907 0.0113361 0.0435114 0.26864
0 0.406006 0.875492 0.0168864 0.0868774 0.268054
0 0.879048 0.443894 0.0114568 0.0382808 0.2618
0 0.903411 0.410106 0.00901983 0.0359553 0.260975
0 0.87756 0.405679 0.00925024 0.0378395 0.258308
0 0.48319 0.69118 0.0142197 0.054691 0.256971
3 0.287157 0.443923 0.0272263 0.0408341 0.255206
