3 0.537777 0.734706 0.0603945 0.150538 0.912958
3 0.613636 0.729774 0.0672217 0.144722 0.910651
3 0.554342 0.508802 0.0451981 0.0814331 0.883331
4 0.414875 0.254866 0.0337712 0.0882594 0.874467
3 0.50628 0.259762 0.0274 0.0511286 0.873834
3 0.523766 0.377574 0.0358557 0.0642845 0.871158
3 0.459039 0.19434 0.0231551 0.0479866 0.863331
3 0.497089 0.10288 0.017191 0.0298364 0.849561
3 0.502824 0.146311 0.0194516 0.0331335 0.84282
6 0.765753 0.659193 0.0827416 0.0739148 0.840742
3 0.949018 0.627515 0.100038 0.0803212 0.82847
3 0.46115 0.124851 0.0167909 0.0320952 0.819378
3 0.459765 0.0586369 0.0137482 0.021791 0.814866
0 0.855575 0.899195 0.0218197 0.0831285 0.803183
3 0.494176 0.0688065 0.0143811 0.0246579 0.798655
0 0.880857 0.915694 0.0232746 0.0843746 0.791946
3 0.692108 0.454779 0.038962 0.0679993 0.779609
3 0.467366 0.0382546 0.0121631 0.0192223 0.775544
3 0.363082 0.200417 0.0516346 0.0365554 0.725827
3 0.44031 0.0411246 0.013581 0.0220458 0.710486
6 0.264059 0.488256 0.0326069 0.0589361 0.676976
6 0.647159 0.534457 0.0455058 0.0674511 0.674478
1 0.552202 0.317435 0.00909392 0.034945 0.674183
9 0.552594 0.326879 0.0113327 0.0326979 0.655677
6 0.565945 0.289722 0.0153868 0.051981 0.631852
3 0.494936 0.0392346 0.0136882 0.0237973 0.622165
0 0.464549 0.558196 0.0112034 0.0693872 0.613046
3 0.977722 0.694556 0.0434482 0.0778734 0.612414
6 0.633709 0.480495 0.0302949 0.0480491 0.602847
1 0.538891 0.254598 0.00972959 0.0286635 0.602585
3 0.546958 0.189157 0.0214735 0.0368632 0.597645
0 0.19066 0.564691 0.0151416 0.0512266 0.577979
0 0.701427 0.415809 0.0111962 0.0430544 0.560413
0 0.853003 0.547209 0.012199 0.0582557 0.541269
6 0.586448 0.281122 0.0194702 0.0406779 0.503706
4 0.639607 0.351598 0.0748634 0.0577715 0.503698
3 0.640161 0.351371 0.0757242 0.0600029 0.498588
2 0.638874 0.622408 0.0140663 0.0525377 0.497568
0 0.402184 0.185335 0.00820259 0.0317243 0.48193
1 0.53779 0.257235 0.00774114 0.0288468 0.471779
9 0.538521 0.266214 0.0105713 0.0270146 0.451826
0 0.63881 0.601339 0.0141826 0.0567149 0.445517
1 0.854539 0.647828 0.0169269 0.0614939 0.435923
2 0.853763 0.670419 0.0178063 0.0578383 0.424291
0 0.844787 0.549694 0.0157059 0.0643005 0.410649
0 0.403929 0.143742 0.00631467 0.0314797 0.406194
9 0.579235 0.238318 0.00909873 0.0301382 0.395018
1 0.638874 0.604845 0.015365 0.0624615 0.394916
0 0.596149 0.316508 0.0103582 0.0409284 0.355027
1 0.877572 0.504339 0.0137051 0.0399405 0.349699
3 0.369688 0.156409 0.0491107 0.0371695 0.338573
0 0.844059 0.539054 0.0147327 0.0522395 0.316311
0 0.175386 0.557622 0.0137367 0.0540995 0.30192
1 0.633479 0.522782 0.0134928 0.0452213 0.294659
1 0.536777 0.253371 0.0110543 0.0293375 0.294192
0 0.846364 0.55779 0.0196923 0.053766 0.2866
3 0.367531 0.167309 0.0484277 0.0339931 0.280782
2 0.178783 0.563167 0.0365693 0.0407822 0.2735
0 0.848922 0.551823 0.0208165 0.0667665 0.273308
1 0.954732 0.582437 0.0145493 0.0437867 0.270935
0 0.184478 0.549299 0.0132484 0.0571166 0.26207
1 0.831481 0.509002 0.0152716 0.046519 0.260725
4 0.368627 0.17241 0.0471084 0.0336373 0.257256
0 0.174787 0.547215 0.0120998 0.0521588 0.252855
0 0.629182 0.458609 0.0123398 0.042554 0.252393
0 0.345467 0.141424 0.00761176 0.0265453 0.250496
