3 0.88831 0.23697 0.0968594 0.107823 0.900661
6 0.91353 0.751083 0.123269 0.219488 0.857147
4 0.298844 0.177751 0.0875029 0.104274 0.836685
0 0.434352 0.622385 0.0227182 0.111131 0.796717
0 0.393649 0.639593 0.0308778 0.116109 0.793145
0 0.130375 0.713694 0.0383531 0.126479 0.785352
0 0.486775 0.139363 0.0127467 0.0676014 0.768041
0 0.650784 0.783433 0.0313566 0.115869 0.760425
0 0.207857 0.937617 0.0375742 0.122597 0.753167
9 0.44864 0.696298 0.0520507 0.113215 0.750169
0 0.857569 0.682739 0.0326452 0.103091 0.730515
4 0.662732 0.159302 0.0513332 0.0872596 0.727095
0 0.474129 0.13664 0.01231 0.0664861 0.723616
9 0.534765 0.513473 0.0359772 0.0850095 0.712947
0 0.224246 0.608907 0.029473 0.107612 0.70001
1 0.535433 0.496471 0.0307175 0.0892943 0.695828
1 0.962431 0.721864 0.0500644 0.116712 0.672092
0 0.461 0.647193 0.0222896 0.118586 0.664484
2 0.815202 0.210016 0.0264465 0.0578877 0.657431
0 0.149501 0.623995 0.0279183 0.0945845 0.636159
0 0.210066 0.634779 0.0250471 0.0962951 0.633409
0 0.176428 0.057048 0.0142964 0.0649602 0.603671
0 0.47385 0.222444 0.0136516 0.068799 0.599042
0 0.38994 0.299984 0.0154803 0.0802624 0.598562
9 0.222768 0.748081 0.0975752 0.0991525 0.566494
0 0.194595 0.704235 0.0239808 0.112869 0.565577
6 0.170944 0.126215 0.0367774 0.065974 0.525229
0 0.252389 0.618555 0.0245292 0.0913776 0.525226
3 0.988445 0.231434 0.0226631 0.109558 0.511355
0 0.651548 0.0764784 0.0136551 0.0600483 0.487746
1 0.900203 0.694531 0.0338158 0.0781303 0.470108
0 0.385383 0.44985 0.0197265 0.0872127 0.465566
0 0.212055 0.624099 0.0247265 0.0985364 0.458634
9 0.347572 0.605016 0.0636386 0.0887787 0.424412
0 0.268981 0.591125 0.0267582 0.0977922 0.422812
6 0.426632 0.480604 0.0375631 0.10772 0.416346
9 0.730392 0.877535 0.140519 0.133061 0.411367
6 0.560674 0.0187389 0.0265278 0.0366361 0.389769
9 0.519013 0.13463 0.0142173 0.0485579 0.376684
0 0.420302 0.179287 0.0109185 0.0542386 0.370673
0 0.364327 0.574397 0.0253349 0.0983418 0.363738
1 0.0542982 0.475138 0.0183483 0.0637341 0.353024
2 0.9147 0.178505 0.0252545 0.0518083 0.351534
4 0.988689 0.230979 0.0223987 0.109877 0.347463
9 0.965296 0.757993 0.0648958 0.111868 0.346344
1 0.224741 0.734926 0.0509132 0.0978645 0.334736
1 0.149318 0.622229 0.0287488 0.0913273 0.330491
1 0.51944 0.11335 0.0146618 0.0524344 0.330102
0 0.0544739 0.475336 0.0187741 0.06361 0.312209
1 0.517007 0.110132 0.0134775 0.0462441 0.302863
0 0.457166 0.116197 0.0124282 0.0557386 0.302194
9 0.352912 0.268073 0.0405376 0.0618406 0.301972
2 0.856239 0.157198 0.0350911 0.0484215 0.301323
9 0.618284 0.0190593 0.0106288 0.0365369 0.300146
9 0.676334 0.833538 0.0468905 0.101314 0.298077
9 0.809314 0.618623 0.0523312 0.0711812 0.295422
2 0.863489 0.156001 0.0247857 0.0470026 0.294921
9 0.815418 0.210491 0.0269638 0.0584245 0.29329
9 0.279339 0.597036 0.0560866 0.0862963 0.287779
1 0.373168 0.324144 0.0215027 0.0519544 0.286063
0 0.454147 0.121264 0.0108788 0.0494802 0.281374
1 0.377867 0.323274 0.0207575 0.0471215 0.27192
1 0.921794 0.555339 0.030052 0.0622537 0.257715
0 0.114177 0.5841 0.0331606 0.103817 0.253757
