3 0.570387 0.938138 0.0891165 0.123725 0.902502
3 0.540642 0.704011 0.0684094 0.0833247 0.881686
3 0.555384 0.234914 0.0453305 0.0353636 0.797794
3 0.0644172 0.237449 0.0187079 0.0239736 0.791097
8 0.315041 0.519951 0.154451 0.106017 0.789595
3 0.0294403 0.194459 0.0145673 0.01982 0.779723
3 0.443307 0.256203 0.0354091 0.0348413 0.572646
3 0.990569 0.891846 0.0187504 0.103256 0.568076
3 0.0360313 0.111667 0.0105463 0.0116294 0.467875
3 0.088249 0.118924 0.0131378 0.0120581 0.364424
3 0.269267 0.200559 0.0181823 0.0205686 0.316568
3 0.0376431 0.112419 0.0125973 0.0127463 0.312945
8 0.13601 0.689785 0.0962748 0.230321 0.304135
3 0.0659017 0.119627 0.0160703 0.0146795 0.302819
3 0.118929 0.119206 0.0177136 0.0164581 0.268884
3 0.0943316 0.10978 0.0155125 0.0117902 0.265039
3 0.0705792 0.119206 0.0189618 0.0164686 0.263981
