5 0.445537 0.666337 0.0621774 0.167714 0.901436
3 0.635866 0.847435 0.0415104 0.0764396 0.894714
3 0.575449 0.672075 0.0263426 0.0465235 0.87965
3 0.54072 0.954862 0.0423286 0.0866681 0.875069
3 0.582938 0.897552 0.039966 0.0833072 0.873078
5 0.441925 0.897441 0.0594228 0.203947 0.865377
3 0.743496 0.553275 0.0265091 0.0272522 0.836753
3 0.509137 0.590335 0.0191159 0.0344419 0.827087
3 0.555942 0.769532 0.0256722 0.0621413 0.681412
3 0.65107 0.463307 0.0172702 0.0250449 0.647884
3 0.612542 0.981907 0.0395668 0.033985 0.619388
3 0.522519 0.788707 0.0271145 0.0752416 0.555558
4 0.522631 0.78864 0.0282917 0.0751685 0.493276
3 0.456842 0.362496 0.00791141 0.0161727 0.467541
9 0.350097 0.951013 0.0221481 0.0522204 0.319518
9 0.378496 0.968181 0.0204743 0.0576374 0.294131
3 0.613161 0.981572 0.0442686 0.0368559 0.271877
