3 0.961813 0.565437 0.0761415 0.131019 0.904246
3 0.874854 0.541724 0.0850651 0.128849 0.891029
3 0.952817 0.713841 0.0941971 0.169872 0.890915
3 0.391492 0.499508 0.0640114 0.129311 0.87914
3 0.472361 0.290067 0.0346809 0.0611337 0.864115
3 0.756699 0.334442 0.0507109 0.0798745 0.85211
3 0.931237 0.318277 0.0840103 0.0604703 0.793332
9 0.446823 0.943718 0.0463047 0.10528 0.792145
3 0.819762 0.191596 0.0640202 0.0473307 0.775678
0 0.506831 0.393602 0.0125903 0.0646215 0.734218
3 0.638528 0.0760783 0.0186768 0.0336334 0.725307
0 0.400385 0.586783 0.0161528 0.0795309 0.70517
9 0.869228 0.258031 0.0273929 0.0353956 0.699597
3 0.657969 0.0447383 0.0180323 0.0324922 0.642465
0 0.313445 0.964656 0.0222523 0.0663817 0.640224
3 0.322412 0.417628 0.0912534 0.0790202 0.626515
0 0.496652 0.38704 0.0107698 0.0675952 0.62208
0 0.727868 0.17794 0.00740796 0.0402301 0.62196
0 0.568446 0.965482 0.0192122 0.0659784 0.620148
0 0.331562 0.909856 0.0216074 0.102873 0.587116
0 0.739088 0.17975 0.00938389 0.0389149 0.573418
1 0.826488 0.406385 0.015752 0.0519753 0.570143
3 0.468213 0.0749216 0.0196102 0.0320342 0.554559
6 0.53099 0.421137 0.0242952 0.0671061 0.523927
4 0.702134 0.0613663 0.0245728 0.039491 0.523042
0 0.737934 0.176177 0.00782044 0.0410842 0.514216
0 0.549805 0.69747 0.0197449 0.0840617 0.498973
4 0.433419 0.160267 0.0246368 0.0463611 0.493105
9 0.68637 0.114318 0.0119573 0.0217728 0.481561
9 0.799992 0.142118 0.0153631 0.0239638 0.474904
3 0.638718 0.0475084 0.0157661 0.0264641 0.474367
0 0.346127 0.73196 0.0175399 0.071899 0.474091
9 0.431859 0.363862 0.016262 0.0441495 0.471786
4 0.505232 0.0890629 0.0193261 0.0376165 0.470635
0 0.758707 0.177773 0.00993787 0.037769 0.465955
0 0.506849 0.685103 0.0159449 0.0800432 0.461919
6 0.408362 0.400976 0.0420092 0.050982 0.452745
0 0.763983 0.17676 0.00963305 0.0340025 0.445862
9 0.853924 0.149332 0.0167038 0.0269265 0.437481
0 0.346936 0.358623 0.0130549 0.0481151 0.436956
9 0.82604 0.420697 0.0179547 0.0516012 0.435365
9 0.486979 0.760454 0.0330201 0.115491 0.428922
1 0.454378 0.900024 0.0226135 0.102801 0.406061
0 0.761949 0.177088 0.0103619 0.0377277 0.401723
7 0.518825 0.50505 0.0284598 0.112906 0.397538
0 0.590588 0.967508 0.0237137 0.060672 0.39213
0 0.49837 0.365728 0.0115739 0.047367 0.39118
7 0.531112 0.421679 0.0248455 0.0678301 0.391136
0 0.464293 0.149355 0.00891706 0.0314718 0.376186
1 0.582016 0.876978 0.0226358 0.0682746 0.361935
0 0.453206 0.149094 0.00700446 0.0302627 0.354046
3 0.681434 0.0699496 0.0195685 0.0292337 0.346362
3 0.507095 0.123868 0.0217367 0.0371272 0.337492
1 0.432978 0.353005 0.0120653 0.0464623 0.33659
9 0.779463 0.1328 0.0143734 0.0283219 0.333451
0 0.328039 0.901341 0.0255185 0.111485 0.317848
1 0.659359 0.17489 0.00838394 0.0317137 0.306413
0 0.434917 0.284197 0.00899582 0.0410196 0.30399
4 0.674818 0.018079 0.0212773 0.0358322 0.288369
9 0.882462 0.478744 0.0265656 0.0491365 0.287202
6 0.682107 0.0702085 0.0179596 0.0264795 0.282385
3 0.505523 0.0888007 0.0189919 0.0372623 0.27665
0 0.339793 0.729842 0.0271348 0.0754876 0.274676
9 0.668563 0.0906637 0.00813751 0.0215965 0.253129
