3 0.465986 0.319977 0.0107771 0.0406539 0.845487
3 0.369875 0.184188 0.0110825 0.0432817 0.841973
3 0.383217 0.578699 0.0120591 0.0491101 0.838513
3 0.35336 0.954647 0.0139861 0.0527273 0.837959
3 0.752191 0.419694 0.0131992 0.0446874 0.820578
3 0.467277 0.209295 0.0115496 0.0385973 0.818783
3 0.431868 0.279362 0.0110281 0.042945 0.818106
3 0.124461 0.816221 0.0328885 0.0238747 0.811764
3 0.469195 0.155064 0.0113591 0.0427355 0.81066
3 0.367552 0.245659 0.0110959 0.0465465 0.804648
3 0.360144 0.886879 0.0133136 0.0539485 0.80368
3 0.341379 0.139142 0.0246302 0.0291084 0.803327
3 0.487866 0.488506 0.0234104 0.0346358 0.795036
3 0.419903 0.314151 0.0106721 0.0433777 0.788113
3 0.371463 0.0819577 0.0117972 0.0425549 0.77092
3 0.490163 0.0273502 0.0211575 0.0213331 0.770274
3 0.490919 0.984239 0.0260788 0.0237601 0.76707
3 0.471107 0.092525 0.0097394 0.0333345 0.754563
3 0.359393 0.672033 0.0117918 0.0505724 0.754177
3 0.0720997 0.784996 0.0375246 0.0265815 0.729989
3 0.363074 0.347277 0.0105233 0.0398353 0.72257
3 0.483783 0.34664 0.0168779 0.0424144 0.694557
3 0.343214 0.0811062 0.0120258 0.0487849 0.693491
3 0.315675 0.0672266 0.0114117 0.0360094 0.686748
3 0.49314 0.957654 0.0259508 0.0263519 0.685441
3 0.468438 0.448448 0.0108279 0.0396734 0.675924
3 0.341762 0.228127 0.0225364 0.0288008 0.665187
3 0.343525 0.384698 0.0239772 0.0359185 0.66463
3 0.488055 0.546344 0.0243811 0.0339771 0.657252
3 0.490272 0.0460547 0.0226004 0.0218474 0.633492
3 0.0194328 0.675156 0.0124831 0.0448532 0.616282
3 0.617358 0.907502 0.0129194 0.0448194 0.606373
3 0.340405 0.332609 0.0110894 0.0440448 0.59425
3 0.169803 0.372428 0.0243075 0.0274611 0.593727
3 0.790586 0.9549 0.0248445 0.0234161 0.561757
3 0.82329 0.766765 0.0243198 0.0222493 0.56129
3 0.491741 0.962086 0.0249866 0.024982 0.540992
3 0.364093 0.293581 0.0100653 0.0368786 0.529784
3 0.484114 0.206759 0.0111746 0.0399275 0.488271
9 0.38117 0.758691 0.0073431 0.0307417 0.483558
3 0.786991 0.765061 0.0256734 0.0202961 0.456061
3 0.736968 0.417474 0.0123663 0.0452538 0.446185
3 0.0483739 0.0546528 0.0153778 0.0311913 0.439362
3 0.0642588 0.367405 0.0237084 0.0209134 0.438485
3 0.342121 0.169032 0.0230678 0.0265079 0.437571
9 0.446716 0.181973 0.00593853 0.016632 0.39885
9 0.402112 0.887981 0.00827808 0.0250627 0.396214
4 0.307787 0.412066 0.0275396 0.0237562 0.376267
3 0.145632 0.0557207 0.0130188 0.0276318 0.356403
3 0.0649816 0.0563146 0.0140878 0.0289102 0.318224
3 0.341975 0.180534 0.0201596 0.0351109 0.293773
0 0.307045 0.194586 0.00437552 0.0154102 0.251256
