3 0.163561 0.745892 0.0656953 0.188573 0.927103
3 0.621547 0.533026 0.0540623 0.147653 0.926589
3 0.522747 0.814184 0.0556629 0.21814 0.921224
3 0.676846 0.38878 0.0529231 0.118114 0.911587
3 0.965767 0.332082 0.0666683 0.100055 0.886726
3 0.574297 0.0888474 0.0352722 0.0745005 0.873474
4 0.484538 0.330755 0.035606 0.119484 0.85299
7 0.420775 0.236825 0.0215364 0.105445 0.834308
9 0.037691 0.954771 0.0378072 0.0648543 0.789852
3 0.850272 0.0637671 0.0529583 0.0856654 0.737796
9 0.358696 0.567661 0.0165682 0.0698279 0.732545
9 0.835604 0.827679 0.0301605 0.0849569 0.712279
9 0.693793 0.260954 0.0144967 0.0485828 0.701583
1 0.693135 0.250407 0.013346 0.0377254 0.69108
9 0.786691 0.337907 0.0155916 0.0527842 0.674651
9 0.17486 0.255013 0.0220005 0.0602872 0.665156
3 0.907863 0.179362 0.0653301 0.102806 0.64948
9 0.149695 0.360641 0.0194416 0.0522852 0.647179
7 0.416321 0.449687 0.030933 0.121999 0.637767
1 0.789117 0.32437 0.0143087 0.0385233 0.6298
5 0.908362 0.17927 0.0657967 0.103179 0.599918
9 0.0683827 0.727742 0.0345529 0.0486903 0.48254
9 0.189413 0.18652 0.0144718 0.0446248 0.468505
9 0.0546373 0.725962 0.061113 0.0501716 0.456343
9 0.152812 0.242401 0.0245255 0.0311903 0.393778
1 0.787486 0.328066 0.0159612 0.0423531 0.262079
