3 0.560992 0.702356 0.115482 0.201982 0.942622
3 0.480768 0.525254 0.0926987 0.18835 0.927716
3 0.377808 0.575411 0.0621744 0.183094 0.915231
3 0.62279 0.903946 0.0919752 0.190709 0.911709
3 0.540448 0.378136 0.0678278 0.116402 0.907662
3 0.475096 0.343723 0.0486847 0.126058 0.881327
3 0.385909 0.319921 0.0489771 0.118809 0.874913
3 0.479383 0.219752 0.0394948 0.0970649 0.869216
3 0.47537 0.111047 0.0343393 0.0764379 0.852492
3 0.473011 0.0339474 0.0291115 0.0624511 0.849821
3 0.513562 0.0346144 0.030286 0.0686128 0.837813
3 0.520215 0.121682 0.0398733 0.0952744 0.82098
4 0.397135 0.182631 0.0333799 0.097142 0.771704
0 0.418708 0.297683 0.0141031 0.0602671 0.740568
0 0.513148 0.246892 0.0154894 0.0624652 0.697857
0 0.510152 0.177986 0.0128099 0.0573034 0.633328
0 0.413375 0.0358402 0.00948779 0.0421796 0.619458
0 0.388201 0.034249 0.0105545 0.0487553 0.615628
0 0.653969 0.0283826 0.010601 0.0395001 0.512298
0 0.394482 0.0336307 0.0114405 0.0487666 0.508906
0 0.605465 0.0358673 0.00936337 0.0480297 0.446628
0 0.507969 0.172391 0.014323 0.0665226 0.260475
0 0.499542 0.154941 0.0115891 0.042486 0.250737
