3 0.48464 0.895664 0.0707201 0.208223 0.924505
3 0.758529 0.750163 0.0803478 0.223873 0.922858
3 0.18077 0.706946 0.137758 0.1722 0.913024
3 0.642665 0.732852 0.0681617 0.198196 0.912288
3 0.564846 0.709517 0.0593484 0.199437 0.906066
3 0.836133 0.766282 0.0820999 0.19076 0.904658
3 0.935414 0.781879 0.0779558 0.183786 0.889936
3 0.408593 0.476603 0.058115 0.147867 0.884876
3 0.0265992 0.67612 0.0531985 0.18455 0.856756
4 0.0227369 0.428258 0.0454115 0.122452 0.817316
0 0.475992 0.52372 0.0174698 0.0611033 0.791978
5 0.568525 0.908133 0.0593128 0.180664 0.787318
9 0.154763 0.432878 0.0165093 0.0635059 0.785772
9 0.126985 0.428199 0.0218641 0.0592509 0.747032
9 0.672753 0.501846 0.025111 0.0648042 0.744736
9 0.733229 0.477665 0.0205612 0.0621148 0.703566
9 0.800576 0.499007 0.0276696 0.0765414 0.655202
0 0.494402 0.48295 0.0154986 0.0375824 0.623949
9 0.708537 0.505645 0.0413596 0.055124 0.549758
9 0.829968 0.5058 0.0211525 0.0498734 0.426096
9 0.650423 0.465057 0.0156971 0.0530333 0.392416
3 0.569009 0.907594 0.0611427 0.17999 0.360235
0 0.99143 0.839002 0.0171399 0.0581356 0.302859
9 0.491771 0.483015 0.0203556 0.0373219 0.286183
9 0.794093 0.474412 0.0245083 0.0620428 0.267304
