3 0.377219 0.812013 0.0476009 0.113886 0.91416
3 0.442238 0.933783 0.0524419 0.127598 0.902101
3 0.283639 0.880955 0.054942 0.135067 0.900779
3 0.302223 0.73525 0.0463473 0.102685 0.891477
5 0.700575 0.572795 0.115379 0.243483 0.890766
3 0.432282 0.770957 0.0430814 0.102039 0.885978
3 0.311578 0.628813 0.040766 0.0824099 0.883245
3 0.38128 0.701665 0.0386008 0.0855306 0.88247
3 0.493863 0.790191 0.0482183 0.115369 0.878792
3 0.324883 0.550279 0.0329526 0.0618023 0.876527
3 0.343937 0.44424 0.0264041 0.0451142 0.864501
3 0.439156 0.526906 0.030386 0.0594368 0.864271
3 0.627919 0.43089 0.0373199 0.0523334 0.858394
5 0.597036 0.334725 0.0692855 0.134055 0.85732
3 0.457685 0.673771 0.0474179 0.0894142 0.85578
5 0.628184 0.563055 0.0586155 0.122923 0.853008
3 0.40507 0.540266 0.0337235 0.0612263 0.851769
3 0.374443 0.951593 0.0573009 0.0965113 0.845992
5 0.490326 0.394329 0.0572973 0.148906 0.836348
3 0.350903 0.337653 0.0255357 0.0388089 0.829293
3 0.344426 0.380504 0.0242666 0.0406378 0.827918
3 0.459446 0.303069 0.0193693 0.0312671 0.826173
3 0.413563 0.380582 0.0233081 0.0427918 0.793095
3 0.438972 0.463543 0.0253925 0.0493563 0.790366
3 0.391682 0.61614 0.0362787 0.080266 0.77624
5 0.587784 0.468581 0.0613733 0.142411 0.759915
3 0.409872 0.480284 0.0278423 0.0579747 0.754605
3 0.407648 0.437583 0.0243572 0.0481766 0.750119
3 0.41014 0.343984 0.0225255 0.0323163 0.724808
3 0.0268685 0.24584 0.0279011 0.0310783 0.723514
3 0.220239 0.0911073 0.0123609 0.0152703 0.707165
3 0.436703 0.596238 0.0342248 0.0729563 0.706039
5 0.542697 0.643381 0.0800997 0.238374 0.669816
3 0.201345 0.267752 0.0238219 0.0363639 0.651031
3 0.403811 0.296643 0.0166106 0.0293141 0.649474
5 0.539704 0.323261 0.0580316 0.108234 0.647544
3 0.349365 0.302258 0.0190416 0.0253266 0.643926
3 0.351315 0.271473 0.0157897 0.0261855 0.64253
5 0.50795 0.264836 0.0347496 0.0762878 0.624771
5 0.640966 0.679189 0.0835868 0.341648 0.604328
3 0.328144 0.0492328 0.00645875 0.0107906 0.602882
4 0.434171 0.416178 0.0285075 0.0487492 0.557284
3 0.400682 0.267567 0.015705 0.0288928 0.515958
9 0.678142 0.940808 0.0303129 0.0845307 0.505328
3 0.35035 0.24905 0.0159958 0.024872 0.499583
9 0.71396 0.93105 0.0287554 0.0931729 0.485536
5 0.797919 0.852654 0.101762 0.280316 0.471877
5 0.559683 0.397613 0.0558281 0.112496 0.468074
5 0.513661 0.500286 0.060105 0.148888 0.456606
3 0.42759 0.108975 0.0138596 0.0169356 0.423144
3 0.399922 0.252812 0.0164571 0.0213958 0.422231
3 0.349099 0.294913 0.0189481 0.0331207 0.420964
5 0.297579 0.0693415 0.0254615 0.0280981 0.410279
3 0.381116 0.264097 0.0161521 0.0282121 0.381758
3 0.363892 0.0698355 0.0107401 0.0143281 0.378091
3 0.377509 0.0692665 0.0114588 0.0139288 0.362287
3 0.349655 0.284716 0.0186459 0.0248924 0.352962
0 0.474977 0.540153 0.00922205 0.0388746 0.34512
3 0.365694 0.048634 0.0075325 0.0117264 0.342602
5 0.184541 0.0965922 0.028622 0.025441 0.339878
3 0.352391 0.0689765 0.00850467 0.0142215 0.33806
3 0.417056 0.0697917 0.00921052 0.012383 0.310534
3 0.358519 0.0466549 0.0064765 0.0113553 0.305217
3 0.334762 0.0194811 0.00707664 0.011418 0.263353
5 0.641866 0.722525 0.0751106 0.254932 0.262789
