0 0.406221 0.848346 0.0256541 0.129776 0.802015
0 0.490085 0.435917 0.0179615 0.100565 0.762537
0 0.519863 0.109061 0.0120923 0.0620457 0.67574
0 0.475903 0.433829 0.0147722 0.096632 0.675323
3 0.0305223 0.0318867 0.0609827 0.0595401 0.642367
4 0.390217 0.435747 0.0637543 0.132669 0.636761
9 0.525193 0.439793 0.0254938 0.0804732 0.633072
0 0.45317 0.0182794 0.0118526 0.0365589 0.594809
7 0.40595 0.291316 0.0430911 0.13055 0.575796
9 0.373605 0.95882 0.0493548 0.0791142 0.571951
1 0.444382 0.41125 0.0230449 0.0796343 0.5551
9 0.0113778 0.173536 0.0226876 0.0495062 0.517043
1 0.525908 0.429898 0.0232944 0.0832261 0.509709
4 0.430256 0.0916934 0.0410579 0.101785 0.500702
6 0.42853 0.205946 0.0329521 0.0761808 0.496979
0 0.555358 0.389438 0.017469 0.0651648 0.458527
5 0.430323 0.0907287 0.0411929 0.100136 0.453111
3 0.390456 0.435695 0.0627571 0.132115 0.425534
9 0.471988 0.105209 0.0153454 0.0467104 0.404849
3 0.00804835 0.443152 0.0160967 0.130384 0.392327
1 0.472043 0.0844679 0.0134471 0.043962 0.387743
3 0.145529 0.0533213 0.0624339 0.0402362 0.381602
0 0.473649 0.439764 0.0155971 0.0908687 0.337479
3 0.547291 0.127715 0.0392727 0.0864008 0.310626
0 0.0864037 0.20372 0.0143364 0.0517436 0.274883
0 0.443978 0.417654 0.0234143 0.0897698 0.268049
9 0.44299 0.426711 0.0246914 0.102087 0.267291
