3 0.635071 0.771133 0.0962852 0.129648 0.914673
3 0.701468 0.679707 0.088795 0.109352 0.911831
4 0.92952 0.727495 0.0989673 0.129962 0.90303
3 0.933386 0.946523 0.132681 0.104108 0.888045
3 0.527692 0.776207 0.0736958 0.137521 0.886689
4 0.438363 0.397799 0.0485707 0.0690586 0.885816
3 0.347519 0.37678 0.0396828 0.0667772 0.88572
3 0.275703 0.340736 0.0351579 0.0590904 0.880926
3 0.202332 0.141237 0.0192286 0.0307318 0.874818
3 0.389099 0.269604 0.0337165 0.0406066 0.871542
8 0.417136 0.852486 0.192439 0.294063 0.870106
3 0.361838 0.309255 0.0377367 0.0446331 0.869987
5 0.326871 0.459758 0.0654869 0.109277 0.869241
3 0.243607 0.280213 0.0294211 0.0496052 0.867009
3 0.519283 0.445873 0.0532346 0.0627816 0.863237
3 0.471632 0.368747 0.0466383 0.0521838 0.850475
8 0.17566 0.182113 0.0348826 0.0946984 0.847765
3 0.309881 0.158777 0.0250726 0.0295978 0.846722
3 0.276222 0.163664 0.0230379 0.0301201 0.842188
3 0.178457 0.104716 0.018611 0.0288032 0.836184
3 0.182887 0.0685022 0.0169132 0.0243285 0.833743
3 0.234704 0.102813 0.020139 0.0275824 0.832337
3 0.216438 0.0378221 0.0133459 0.0183968 0.822604
3 0.208908 0.0591589 0.0157603 0.0213382 0.802126
4 0.146218 0.172788 0.0256502 0.0574319 0.800076
3 0.150318 0.0873621 0.0161614 0.0266251 0.783755
0 0.161936 0.762681 0.0225727 0.0808736 0.749251
3 0.243587 0.0690234 0.0158534 0.0201333 0.747685
3 0.180994 0.0156134 0.0123573 0.0184869 0.746319
3 0.150547 0.0648898 0.0152724 0.0229635 0.729168
3 0.16536 0.0383037 0.012439 0.0182072 0.719652
0 0.961858 0.582415 0.0160794 0.0573371 0.703882
3 0.250888 0.0886828 0.0181162 0.0256391 0.684418
0 0.151272 0.3253 0.0121953 0.0452088 0.644695
3 0.707689 0.0669039 0.024788 0.0208902 0.636197
3 0.154648 0.0216091 0.0118497 0.0163408 0.604842
3 0.724994 0.110869 0.0273564 0.0228307 0.577828
8 0.140284 0.033931 0.0202535 0.0345019 0.566073
3 0.17067 0.00596352 0.0120164 0.011927 0.528315
5 0.490893 0.519628 0.0973002 0.145118 0.506099
4 0.790536 0.156361 0.0354235 0.0306403 0.497713
2 0.0953228 0.835443 0.0271031 0.0527235 0.493038
8 0.490916 0.519088 0.0979963 0.146861 0.479722
3 0.752308 0.082138 0.0216726 0.0223681 0.473531
3 0.85533 0.165093 0.0325185 0.0265377 0.467868
4 0.785552 0.155052 0.0342431 0.0308745 0.461722
3 0.769955 0.0923183 0.02531 0.021592 0.44631
3 0.863347 0.19149 0.0396045 0.0299058 0.426107
3 0.774743 0.095755 0.0262376 0.0226812 0.423941
3 0.754675 0.125825 0.0321429 0.025118 0.416225
4 0.776988 0.151613 0.0333228 0.0294108 0.414663
3 0.709469 0.0696605 0.0252347 0.0207413 0.408787
3 0.578252 0.0508674 0.0222589 0.0194933 0.404794
3 0.744496 0.137906 0.0315911 0.0274492 0.402178
3 0.705375 0.0977701 0.0283667 0.0229053 0.399242
3 0.718104 0.12789 0.0301596 0.0246276 0.393826
3 0.764846 0.14828 0.0325134 0.0245725 0.383371
3 0.733365 0.0761328 0.0259195 0.0247398 0.374695
4 0.782838 0.12986 0.0366093 0.030833 0.373984
2 0.948348 0.804879 0.0254998 0.0568558 0.360119
3 0.795263 0.0998838 0.024079 0.0248859 0.35553
0 0.934139 0.787111 0.0201157 0.0651482 0.352563
0 0.515549 0.307428 0.0104496 0.0343918 0.340708
3 0.732535 0.134265 0.0340801 0.0267031 0.335484
4 0.790779 0.131527 0.0353063 0.0281313 0.333636
3 0.620394 0.0669903 0.0213918 0.0192612 0.331744
1 0.515325 0.306703 0.00989133 0.03673 0.325932
3 0.765602 0.127536 0.031014 0.0253775 0.322605
0 0.136826 0.818802 0.0203402 0.0852724 0.311399
3 0.878021 0.181692 0.0364895 0.0302931 0.30123
3 0.891055 0.174373 0.0340785 0.031473 0.301062
3 0.711968 0.0987973 0.0306257 0.0218588 0.290854
3 0.875728 0.200311 0.0352442 0.0315716 0.28766
3 0.178298 0.0126245 0.014662 0.0212115 0.284002
2 0.0991515 0.840137 0.031498 0.0551616 0.278848
3 0.66019 0.0790669 0.024412 0.0196752 0.278108
3 0.603486 0.061055 0.0170081 0.0224544 0.276498
3 0.707087 0.103239 0.0370979 0.0225992 0.271387
3 0.882609 0.175953 0.0383264 0.0306358 0.262256
4 0.77366 0.126936 0.0316139 0.0270475 0.254791
3 0.667551 0.0543074 0.0215957 0.0205321 0.253455
