4 0.265389 0.821746 0.114877 0.108251 0.902926
3 0.88208 0.753407 0.0631672 0.110399 0.889239
3 0.297204 0.752906 0.106765 0.0836287 0.871132
3 0.776845 0.447642 0.0399822 0.0584765 0.870326
3 0.510837 0.463961 0.0675062 0.0673179 0.870324
3 0.559493 0.336777 0.0328563 0.0467831 0.865323
3 0.973128 0.864382 0.0531758 0.0916865 0.86075
3 0.356308 0.563922 0.0805058 0.0664167 0.855644
3 0.312227 0.672067 0.0956981 0.0773473 0.848846
3 0.906074 0.396088 0.0554127 0.0475473 0.843758
3 0.486493 0.360468 0.0609015 0.0435626 0.842484
3 0.974568 0.551634 0.0506497 0.058505 0.83929
3 0.334278 0.621163 0.0904786 0.0666985 0.832987
3 0.195211 0.915757 0.128347 0.112487 0.829335
3 0.73132 0.306055 0.0249985 0.0370381 0.822716
3 0.846807 0.553588 0.0693638 0.0547233 0.818375
3 0.438484 0.242847 0.0411575 0.0337104 0.803283
4 0.475393 0.305386 0.0269612 0.0477206 0.786129
3 0.969478 0.513985 0.0610445 0.0522729 0.771357
3 0.679519 0.276347 0.023586 0.0380032 0.771072
3 0.450004 0.224989 0.0354002 0.0283617 0.769583
3 0.961143 0.485749 0.0734524 0.0499356 0.768752
4 0.531251 0.575804 0.0385977 0.0995568 0.755753
3 0.879869 0.364358 0.0615597 0.0485419 0.751765
3 0.990051 0.958728 0.0198157 0.0795695 0.751279
3 0.759898 0.332862 0.0480353 0.0421771 0.744398
3 0.494412 0.335307 0.0450974 0.0393015 0.741464
9 0.384512 0.328268 0.0185334 0.0253582 0.736858
3 0.933093 0.434608 0.0616367 0.0452574 0.727072
3 0.580076 0.209939 0.0186443 0.0364685 0.71484
3 0.825024 0.262889 0.0458458 0.0367902 0.69331
3 0.428025 0.268913 0.0308066 0.0443712 0.690707
3 0.695536 0.198412 0.0330596 0.0261654 0.673106
4 0.839235 0.509028 0.0737072 0.0545342 0.644469
3 0.838575 0.509182 0.0726847 0.0557273 0.642691
0 0.970539 0.61283 0.0155597 0.0519262 0.627269
3 0.744365 0.248687 0.0394542 0.0329777 0.622226
3 0.473263 0.118958 0.0146479 0.0243394 0.60959
9 0.864172 0.300279 0.0166787 0.0235439 0.574264
3 0.530694 0.106438 0.0126845 0.0222791 0.572297
4 0.367193 0.512832 0.0735962 0.0627981 0.563716
5 0.506557 0.044793 0.0168938 0.0379746 0.553785
3 0.515111 0.189136 0.0225872 0.0309044 0.552591
3 0.686565 0.1669 0.0205294 0.0275354 0.550954
3 0.585293 0.0785968 0.0120114 0.0183114 0.544405
0 0.471266 0.242287 0.00631418 0.0315859 0.543834
0 0.466288 0.176127 0.00531275 0.0279789 0.542992
3 0.586415 0.12336 0.013382 0.021717 0.531958
3 0.366644 0.513482 0.0761847 0.0634468 0.531069
3 0.659972 0.0835493 0.0167377 0.0198583 0.526136
3 0.944573 0.459982 0.0689907 0.048163 0.521433
3 0.562908 0.285519 0.0212102 0.0487555 0.510636
3 0.528762 0.129565 0.0144585 0.0262388 0.505698
4 0.428034 0.268423 0.0281966 0.0429885 0.502978
3 0.482862 0.276747 0.0266168 0.0414325 0.498982
9 0.858222 0.287254 0.0190786 0.0219555 0.490297
3 0.67587 0.134253 0.0248951 0.0224652 0.481798
4 0.193811 0.917188 0.129251 0.113372 0.46828
3 0.589065 0.0294768 0.0100186 0.0157059 0.467566
3 0.585395 0.116599 0.0135639 0.0228497 0.463742
3 0.528593 0.0284868 0.0129595 0.0162932 0.461004
3 0.667499 0.118786 0.016324 0.0214564 0.45317
3 0.517165 0.223961 0.0337051 0.0330767 0.446792
3 0.53822 0.0702439 0.0115402 0.0174619 0.441904
0 0.587635 0.253403 0.00627612 0.0278575 0.430472
3 0.487384 0.084486 0.0144886 0.0241217 0.422746
9 0.32544 0.447129 0.0172167 0.0278841 0.410895
3 0.709856 0.220706 0.0207941 0.0272375 0.408858
9 0.814235 0.222915 0.0207119 0.02246 0.404685
3 0.509798 0.203076 0.0262036 0.0273997 0.395538
3 0.582776 0.0800546 0.0133965 0.0180067 0.394102
3 0.58638 0.13715 0.0142836 0.022026 0.392481
0 0.597457 0.250028 0.00742968 0.0264777 0.390418
2 0.965561 0.704512 0.0407406 0.0358991 0.38805
3 0.586229 0.0483488 0.0136521 0.0163638 0.385021
0 0.790332 0.244625 0.00702524 0.0287332 0.377122
0 0.784008 0.24091 0.0060572 0.0283766 0.369178
9 0.946709 0.664972 0.034585 0.0372635 0.36749
0 0.855329 0.249422 0.0068687 0.0287534 0.358976
9 0.8076 0.209589 0.0119724 0.0195482 0.349086
3 0.534363 0.248011 0.0367462 0.0312773 0.345608
9 0.810955 0.214232 0.0186054 0.0193836 0.345351
6 0.764866 0.388612 0.0269326 0.0355336 0.34517
3 0.544674 0.0489426 0.0154999 0.0200972 0.344364
3 0.706284 0.177164 0.0345952 0.0208657 0.343551
2 0.982439 0.739069 0.0301836 0.0362423 0.333139
0 0.659646 0.149687 0.00679456 0.0190906 0.33302
3 0.444331 0.229008 0.0397131 0.0290455 0.327739
4 0.562507 0.285169 0.021167 0.0487488 0.326432
9 0.810327 0.21753 0.0171062 0.0239611 0.324243
3 0.535547 0.0873244 0.0116202 0.0177039 0.319238
3 0.58198 0.152347 0.0149849 0.0205265 0.304124
3 0.587256 0.146667 0.0133404 0.0275524 0.302725
9 0.344617 0.426819 0.0254948 0.029063 0.299231
3 0.541047 0.034636 0.0129103 0.0166226 0.294408
9 0.945676 0.652449 0.0364109 0.0365819 0.292677
3 0.934842 0.443957 0.0617023 0.0399043 0.286283
3 0.710415 0.174639 0.0341442 0.0223646 0.271085
9 0.779563 0.169174 0.00986167 0.0189536 0.266907
3 0.537593 0.0795484 0.0124733 0.0214436 0.264597
3 0.682496 0.102259 0.0238468 0.0194583 0.264225
3 0.586328 0.0746851 0.0128866 0.0169423 0.26007
3 0.512591 0.193723 0.0276859 0.0321555 0.251743
3 0.60693 0.00842445 0.00741653 0.0168489 0.251406
3 0.703236 0.180846 0.0327284 0.0234012 0.251402
