3 0.50428 0.799814 0.0320733 0.0629542 0.856446
3 0.522137 0.951931 0.0304231 0.0760333 0.852443
3 0.879167 0.944193 0.0600292 0.0804579 0.830392
3 0.836298 0.596851 0.0199162 0.0320677 0.819483
4 0.463794 0.709438 0.0202792 0.052969 0.810285
3 0.399933 0.571972 0.0163431 0.0283381 0.781974
3 0.557338 0.469075 0.0119984 0.0182905 0.747144
3 0.514596 0.585449 0.0159834 0.0339932 0.711398
3 0.440703 0.516112 0.0143978 0.0274481 0.708679
3 0.530186 0.466214 0.0117832 0.0195777 0.690612
3 0.540519 0.488699 0.0117206 0.0231425 0.679364
7 0.454587 0.857596 0.0200666 0.0624944 0.646884
7 0.463235 0.782726 0.0179202 0.0586226 0.625825
1 0.416219 0.977253 0.0109533 0.0336009 0.601855
9 0.435775 0.689132 0.00984411 0.0253086 0.59375
9 0.325125 0.703052 0.0167072 0.0231401 0.576533
3 0.50344 0.497253 0.0120119 0.0235691 0.569314
7 0.593261 0.646433 0.0190399 0.0383867 0.526133
9 0.463423 0.638974 0.0121279 0.0220684 0.517571
3 0.784454 0.582421 0.0234315 0.0295664 0.49679
9 0.555806 0.843816 0.00958296 0.0330429 0.466623
9 0.561595 0.660566 0.011706 0.0239136 0.437592
9 0.705855 0.666907 0.018369 0.0205902 0.430978
9 0.616015 0.575344 0.00715548 0.0196277 0.406177
3 0.839893 0.826486 0.0574794 0.0502706 0.405191
7 0.379264 0.745855 0.0247489 0.0498118 0.381718
3 0.531977 0.382763 0.00784963 0.0133599 0.366976
9 0.683733 0.650131 0.0169266 0.0231406 0.352792
7 0.28065 0.642203 0.0217737 0.0368295 0.346931
1 0.802373 0.700529 0.00888055 0.0286797 0.345297
4 0.784871 0.582745 0.0239967 0.02937 0.337523
3 0.566445 0.422965 0.0109928 0.014772 0.331689
6 0.593376 0.646473 0.0189123 0.038708 0.318108
1 0.368051 0.657052 0.00809444 0.0264903 0.315738
3 0.896515 0.570671 0.0318741 0.0268339 0.313532
3 0.598825 0.467107 0.0151974 0.0209998 0.304841
6 0.551235 0.750606 0.0160843 0.0395866 0.30447
3 0.279887 0.641631 0.0217138 0.0362301 0.296391
9 0.802307 0.703478 0.0105239 0.0252635 0.28962
9 0.688358 0.652195 0.0122318 0.0225309 0.279006
9 0.415988 0.986033 0.0140984 0.0279349 0.276388
3 0.407995 0.541195 0.0139615 0.0262382 0.272926
9 0.743851 0.650587 0.0088932 0.0235923 0.257873
9 0.743236 0.655618 0.011644 0.0222631 0.25209
3 0.465642 0.408596 0.00839644 0.0174433 0.251826
9 0.665466 0.568175 0.00688896 0.0193226 0.251258
