3 0.1885 0.725275 0.0689271 0.117007 0.904997
3 0.101458 0.88688 0.107285 0.152873 0.901065
3 0.915222 0.766505 0.0666122 0.12925 0.896013
3 0.963906 0.908497 0.0721884 0.165951 0.892736
3 0.277979 0.870409 0.101506 0.0968496 0.874036
3 0.847212 0.571951 0.0537319 0.0718659 0.873105
3 0.690617 0.788577 0.0453307 0.112028 0.867783
3 0.389636 0.685008 0.0951081 0.0810693 0.859716
3 0.497744 0.533976 0.0327322 0.0741183 0.858955
3 0.317407 0.952459 0.110452 0.0947456 0.85768
3 0.424654 0.923449 0.0561221 0.149001 0.856951
3 0.280716 0.547464 0.0469838 0.0691055 0.856453
3 0.84108 0.782229 0.0922478 0.073653 0.848761
3 0.620347 0.281135 0.021488 0.0342159 0.838528
3 0.516828 0.357178 0.0322079 0.0456782 0.835312
3 0.770115 0.870845 0.0696996 0.139166 0.834299
3 0.379553 0.802465 0.0986669 0.0777526 0.833778
3 0.681309 0.347139 0.0231755 0.0411758 0.828685
3 0.677361 0.390657 0.0343474 0.0440464 0.825784
3 0.496398 0.466057 0.0502836 0.055059 0.823079
3 0.617256 0.199918 0.0153252 0.0251628 0.820227
3 0.42094 0.625305 0.0793423 0.0588582 0.804676
3 0.678253 0.314667 0.0217109 0.037692 0.802106
3 0.360978 0.733452 0.100689 0.0723589 0.797879
3 0.648077 0.239746 0.0219524 0.030423 0.786692
3 0.91917 0.468455 0.0429147 0.051709 0.786163
3 0.446846 0.227107 0.029385 0.0283544 0.780637
3 0.613425 0.238936 0.0157278 0.027714 0.778327
3 0.811047 0.491402 0.0352595 0.0654851 0.777961
3 0.815349 0.729163 0.0968616 0.0703601 0.7707
3 0.542672 0.208026 0.0163004 0.0293852 0.769839
3 0.413768 0.588291 0.0758375 0.0564636 0.764003
3 0.521782 0.319202 0.0213071 0.0449237 0.752669
3 0.747938 0.303939 0.0226574 0.0352975 0.747037
3 0.788554 0.608985 0.0775254 0.0561624 0.74691
3 0.55755 0.125082 0.0109079 0.0204297 0.720971
3 0.801484 0.647381 0.0828858 0.0608026 0.72074
3 0.602145 0.0696162 0.0131183 0.0150017 0.708305
3 0.634026 0.0813556 0.0210683 0.0151914 0.708226
3 0.742266 0.274408 0.0208291 0.0379295 0.701954
3 0.716081 0.146009 0.0274704 0.0221441 0.69819
3 0.677911 0.447117 0.0270822 0.0507096 0.688189
3 0.76882 0.218033 0.0196703 0.0272387 0.68787
3 0.305258 0.475242 0.0461754 0.0711623 0.677157
3 0.584484 0.167416 0.0147816 0.0280993 0.67462
4 0.697465 0.48313 0.0415764 0.0610104 0.666429
3 0.803546 0.681579 0.0859434 0.051985 0.647547
3 0.471954 0.174252 0.0290934 0.023695 0.642033
3 0.78456 0.253158 0.0393825 0.0260608 0.638046
3 0.476579 0.33768 0.045152 0.0354058 0.624652
3 0.780696 0.23868 0.039454 0.0318355 0.619946
3 0.659156 0.194962 0.0195654 0.0242765 0.619877
3 0.497326 0.111165 0.0146023 0.0199197 0.610192
3 0.671564 0.15711 0.0256639 0.0222871 0.608667
3 0.551195 0.162585 0.0131456 0.0251314 0.60499
3 0.782098 0.246837 0.0400929 0.0274457 0.59639
9 0.837752 0.32461 0.0204941 0.0233092 0.595948
3 0.792169 0.433206 0.0362381 0.0616574 0.588453
3 0.35873 0.461316 0.0312509 0.0547304 0.585275
3 0.585755 0.105533 0.0121078 0.0173072 0.577342
3 0.484207 0.142288 0.0270872 0.0194113 0.56021
5 0.723523 0.207427 0.0234243 0.0509982 0.556683
3 0.610132 0.0508154 0.00799399 0.0145883 0.555098
3 0.413505 0.53967 0.0649722 0.051799 0.509473
0 0.552692 0.301481 0.00762823 0.0313662 0.50674
3 0.713668 0.139147 0.0269352 0.0195357 0.495524
3 0.714605 0.142263 0.0268355 0.0219297 0.489519
3 0.460106 0.527041 0.0252944 0.0627606 0.483401
0 0.531852 0.480395 0.00867278 0.0385172 0.478857
3 0.582806 0.0821919 0.0164571 0.0168962 0.478624
3 0.538445 0.300952 0.0160465 0.0296505 0.469835
1 0.708897 0.631385 0.0134388 0.0394973 0.46783
3 0.475001 0.156216 0.0269201 0.0193547 0.464705
3 0.684414 0.0960831 0.0201616 0.016619 0.438844
3 0.594204 0.0489776 0.00767459 0.0134195 0.435149
3 0.549263 0.159881 0.0162762 0.0262335 0.432116
3 0.0432608 0.983362 0.0865216 0.0332762 0.425667
9 0.34513 0.39132 0.0256494 0.0289259 0.423267
0 0.552368 0.296929 0.00815847 0.0299171 0.415846
4 0.358653 0.461069 0.0311696 0.0559441 0.41146
3 0.525093 0.28047 0.0210669 0.036768 0.410004
3 0.706978 0.189541 0.0207562 0.025056 0.409903
3 0.705364 0.110646 0.0251556 0.0183376 0.407341
3 0.477884 0.154569 0.0281316 0.0178259 0.406678
3 0.53896 0.186965 0.0186634 0.024881 0.398401
3 0.478995 0.344135 0.0500407 0.0373913 0.392689
3 0.787302 0.595441 0.0804798 0.0557184 0.386294
9 0.957723 0.528297 0.0194412 0.0371886 0.386015
9 0.415615 0.26003 0.0195135 0.0224544 0.382462
9 0.941441 0.50182 0.0213531 0.0374006 0.377468
3 0.470779 0.365703 0.0433846 0.0423196 0.37601
3 0.803563 0.665376 0.0851351 0.0817032 0.374287
3 0.714808 0.111206 0.0217407 0.0173125 0.360544
9 0.710292 0.634537 0.0157633 0.0415995 0.355525
3 0.703299 0.113599 0.0225473 0.0180027 0.352338
3 0.776798 0.23136 0.0338296 0.0245429 0.350204
9 0.64609 0.356463 0.0121161 0.0242282 0.346305
3 0.48472 0.145915 0.0259527 0.0201369 0.341327
9 0.407691 0.275937 0.0149702 0.0198069 0.336742
9 0.957543 0.521002 0.0188463 0.0362939 0.330176
9 0.8833 0.411834 0.023249 0.0294444 0.317503
9 0.379647 0.341554 0.0238893 0.0238993 0.315735
0 0.688164 0.125946 0.00456027 0.0165361 0.314377
3 0.478652 0.105085 0.0139036 0.015873 0.311147
0 0.711343 0.524739 0.012121 0.050941 0.311139
3 0.684457 0.0841396 0.0190924 0.0169797 0.295614
1 0.712302 0.631781 0.0133298 0.039811 0.278779
1 0.647547 0.34287 0.00803568 0.0267676 0.275035
3 0.725753 0.411174 0.036736 0.0491025 0.272094
3 0.709832 0.119766 0.0245945 0.0197979 0.270871
3 0.711889 0.0803729 0.0157655 0.0166409 0.263555
3 0.720686 0.411918 0.0260373 0.0461891 0.256966
