0 0.329416 0.858505 0.0198771 0.0763184 0.754605
0 0.342385 0.847987 0.0150955 0.0772163 0.750342
0 0.681865 0.689125 0.0119659 0.0483435 0.74183
0 0.63679 0.689965 0.00903409 0.0462877 0.733816
3 0.100269 0.253107 0.0355889 0.0382153 0.697821
0 0.259654 0.555152 0.0131463 0.0522735 0.695745
9 0.385402 0.608091 0.0358452 0.0423377 0.686003
9 0.089539 0.69789 0.0403248 0.0450363 0.684633
0 0.620517 0.542783 0.012524 0.0501309 0.684049
0 0.388719 0.398553 0.00949087 0.0435402 0.67422
3 0.132107 0.368476 0.0283581 0.0437662 0.648509
3 0.0953007 0.400587 0.0387996 0.0613364 0.64644
0 0.285012 0.432172 0.0100412 0.0467444 0.636977
0 0.627172 0.640148 0.0109108 0.045249 0.632538
0 0.340759 0.963091 0.0199291 0.0718051 0.624962
0 0.371486 0.40229 0.00982418 0.0388282 0.623051
0 0.378012 0.680522 0.0143765 0.0565472 0.610572
0 0.370973 0.33282 0.00871296 0.0385435 0.600714
0 0.671463 0.642959 0.0121386 0.0433875 0.59964
0 0.625866 0.603256 0.0111207 0.0488389 0.592106
9 0.0469997 0.68073 0.0312752 0.0509311 0.589781
0 0.655792 0.595084 0.0103798 0.0486299 0.589128
9 0.273875 0.504879 0.0303343 0.0360877 0.588843
0 0.324029 0.981753 0.0117074 0.0363423 0.588792
0 0.653454 0.628553 0.0119823 0.0543353 0.588419
0 0.485539 0.605948 0.0105949 0.0512386 0.58714
0 0.41109 0.672703 0.0121723 0.0561744 0.565206
0 0.662932 0.620473 0.0120356 0.0523187 0.554974
0 0.246577 0.335611 0.00948377 0.0446288 0.547374
0 0.584389 0.601271 0.0131693 0.0536365 0.538086
0 0.430407 0.507468 0.0111471 0.0493986 0.52376
0 0.574298 0.477348 0.0111473 0.053445 0.519115
0 0.557895 0.482157 0.0107749 0.0397302 0.499009
0 0.355784 0.252922 0.0069678 0.0319836 0.476524
0 0.468026 0.606902 0.0136581 0.0455929 0.467533
9 0.355418 0.368745 0.013096 0.0298151 0.461217
7 0.575184 0.420436 0.0514893 0.0569151 0.458671
0 0.588929 0.645422 0.0111101 0.0452855 0.455887
0 0.421257 0.703114 0.013551 0.0662815 0.45516
0 0.607823 0.503869 0.00916863 0.0407264 0.452983
1 0.354643 0.355235 0.00981207 0.0302236 0.451355
0 0.331586 0.366066 0.00940495 0.0427392 0.435796
9 0.183861 0.588718 0.0208903 0.0497248 0.435724
3 0.23058 0.255383 0.0362653 0.0306304 0.423078
9 0.435066 0.588385 0.0294671 0.040063 0.422924
0 0.486862 0.490039 0.00956949 0.0516234 0.420164
0 0.479754 0.697116 0.0108939 0.0545949 0.417495
0 0.421168 0.506768 0.0106592 0.0504997 0.417257
1 0.832097 0.381345 0.0112423 0.027281 0.414659
0 0.102921 0.608445 0.0135812 0.055575 0.412398
0 0.298962 0.453244 0.0141908 0.0501759 0.41009
1 0.939721 0.383552 0.0110348 0.0292114 0.406239
9 0.428901 0.934966 0.0525955 0.0471125 0.402345
0 0.153892 0.598117 0.0133865 0.0590232 0.382368
0 0.251017 0.396292 0.0111012 0.0416233 0.376048
0 0.586169 0.604788 0.014289 0.0576076 0.37025
0 0.466336 0.714635 0.0121775 0.0559258 0.369305
0 0.113714 0.581768 0.0141838 0.057002 0.365284
0 0.654621 0.599348 0.00980797 0.0555464 0.356649
9 0.21249 0.576093 0.0193898 0.0566423 0.354955
0 0.407645 0.501717 0.0132153 0.0493475 0.352714
9 0.440788 0.891959 0.0508094 0.0525689 0.352537
9 0.382202 0.472325 0.0226393 0.0405609 0.349242
0 0.31996 0.366145 0.00973377 0.0403813 0.345072
0 0.301223 0.4499 0.0112075 0.0477115 0.343693
0 0.0980526 0.588396 0.0144855 0.0579271 0.343218
0 0.260797 0.543933 0.0143227 0.0568885 0.335023
0 0.446244 0.742757 0.0149295 0.0598891 0.332828
0 0.617516 0.58116 0.0101054 0.02956 0.33215
0 0.468454 0.714836 0.0124749 0.0565484 0.329381
0 0.438941 0.679952 0.0138309 0.0570522 0.329303
0 0.403855 0.503926 0.0123858 0.0520341 0.32581
9 0.632496 0.475074 0.0141359 0.0352529 0.318034
0 0.365503 0.708537 0.016221 0.0397541 0.311203
2 0.415054 0.83521 0.0448605 0.0466614 0.31067
0 0.100924 0.60548 0.0158271 0.0570777 0.309269
0 0.457258 0.309796 0.00716972 0.0365313 0.30896
1 0.929633 0.371836 0.0108707 0.0314492 0.302813
0 0.587537 0.611436 0.0137558 0.0440024 0.30185
9 0.228785 0.55048 0.024436 0.0367843 0.301607
0 0.322939 0.342833 0.00874907 0.0352441 0.300606
0 0.0855597 0.675236 0.0134286 0.05848 0.297408
0 0.432528 0.701896 0.0122871 0.0669441 0.286567
1 0.785787 0.495094 0.0139661 0.0407332 0.285822
0 0.145855 0.603015 0.0133564 0.0598721 0.283187
9 0.46208 0.535175 0.0251114 0.0351395 0.282047
0 0.0632845 0.622551 0.0125342 0.0570195 0.28145
0 0.789074 0.584943 0.00946528 0.0328054 0.277189
0 0.0593476 0.624794 0.0143337 0.0538261 0.275103
0 0.0994228 0.597423 0.0156122 0.0627179 0.272689
0 0.402206 0.316162 0.00827405 0.0332471 0.265434
9 0.0390908 0.673601 0.0446382 0.0519212 0.265429
0 0.473688 0.439149 0.0109438 0.0485111 0.264712
0 0.289711 0.334201 0.00864792 0.0378996 0.263528
0 0.526018 0.427345 0.0112116 0.0395866 0.262914
0 0.273249 0.49105 0.0142486 0.0406755 0.262425
0 0.470919 0.396722 0.00893898 0.0422791 0.26009
0 0.261923 0.53643 0.0150937 0.0405804 0.257374
0 0.624699 0.607768 0.0121031 0.0496004 0.255181
0 0.443572 0.28046 0.00729542 0.0294766 0.254544
0 0.325382 0.365412 0.00862389 0.0419763 0.252618
1 0.801562 0.333305 0.00960388 0.0263216 0.252521
