3 0.128109 0.862702 0.0251176 0.0282901 0.868926
3 0.847679 0.738252 0.0288357 0.0287421 0.863348
3 0.494507 0.19955 0.0238313 0.0251667 0.861841
3 0.421686 0.13869 0.0125975 0.0401584 0.858293
3 0.594045 0.826513 0.0249907 0.0281408 0.853306
3 0.357487 0.928145 0.0269272 0.0277956 0.852741
3 0.460058 0.494633 0.0135204 0.0479782 0.852741
3 0.382348 0.340634 0.0132667 0.0438027 0.849621
3 0.28368 0.804448 0.026947 0.0298787 0.84642
3 0.901878 0.594213 0.0260652 0.0279936 0.843839
3 0.652707 0.902117 0.0263845 0.0284634 0.842579
3 0.486181 0.340697 0.0145288 0.0481185 0.841626
3 0.433293 0.30253 0.0129408 0.0415883 0.841184
3 0.706296 0.880791 0.030158 0.0291308 0.840224
3 0.472091 0.248721 0.0128479 0.0468998 0.836133
3 0.17091 0.967089 0.0299467 0.0316763 0.835924
3 0.605383 0.876393 0.0295713 0.0284659 0.834874
3 0.503206 0.316911 0.0174138 0.0402447 0.827248
3 0.27089 0.762065 0.026662 0.0256544 0.826456
3 0.111424 0.811971 0.0229384 0.029342 0.825272
3 0.48749 0.168543 0.0260331 0.0268049 0.824739
3 0.704268 0.843262 0.0261319 0.0259671 0.821922
3 0.214409 0.828441 0.0267647 0.0320218 0.811025
3 0.208055 0.78032 0.0255179 0.024724 0.810134
3 0.297714 0.986056 0.0269099 0.023559 0.809034
3 0.149421 0.799118 0.0302547 0.0306736 0.808373
3 0.376788 0.894653 0.0309547 0.0335921 0.793566
3 0.468706 0.33459 0.012109 0.0450215 0.792537
3 0.928769 0.767191 0.0271912 0.0255629 0.791593
3 0.779386 0.764327 0.0261078 0.0273782 0.791445
3 0.43531 0.0612629 0.0121059 0.039922 0.789563
3 0.638728 0.867149 0.0247074 0.0264113 0.787881
3 0.453687 0.622071 0.0142709 0.0442903 0.787033
3 0.792775 0.79223 0.0252097 0.0256978 0.781807
3 0.52928 0.81164 0.0244194 0.0308682 0.77922
3 0.168278 0.813726 0.0279352 0.0246172 0.777577
3 0.497003 0.43891 0.013868 0.0397091 0.776518
3 0.0339585 0.89212 0.0245584 0.0255263 0.775241
3 0.318537 0.101593 0.0213423 0.0257443 0.774369
3 0.461756 0.397926 0.012797 0.0429715 0.773451
3 0.0647984 0.563924 0.0250844 0.0237058 0.768226
3 0.459002 0.131836 0.0115213 0.0363665 0.764915
3 0.609951 0.914595 0.0254672 0.0249125 0.764895
3 0.38851 0.0445981 0.0131882 0.0492545 0.730864
3 0.310905 0.0313322 0.0233902 0.0226767 0.725545
3 0.491979 0.391394 0.0133854 0.0411621 0.721898
3 0.446779 0.274984 0.013203 0.0437592 0.71787
3 0.198306 0.391088 0.0137566 0.0455919 0.711102
3 0.236704 0.782899 0.0281233 0.0268075 0.704891
3 0.179951 0.787118 0.0250149 0.0273627 0.69028
3 0.312191 0.0561199 0.0248381 0.0239547 0.682394
3 0.984428 0.740901 0.0248547 0.0230247 0.681939
3 0.81482 0.804109 0.0260306 0.0248274 0.681417
3 0.270481 0.985992 0.0249534 0.0239061 0.678854
3 0.687359 0.57642 0.0158975 0.047457 0.669175
3 0.451098 0.176243 0.0109748 0.0450205 0.668191
3 0.314596 0.0771012 0.021847 0.0238132 0.657756
3 0.364739 0.0734651 0.0121417 0.0423929 0.645364
3 0.590305 0.606955 0.0171107 0.0461082 0.637282
3 0.71647 0.37393 0.0173478 0.0380285 0.612217
3 0.501316 0.495206 0.0132967 0.043209 0.607558
3 0.0605265 0.541971 0.0219796 0.0204213 0.580747
3 0.559702 0.955005 0.0149423 0.0499278 0.571604
3 0.888421 0.322052 0.0161703 0.0362997 0.554628
3 0.749849 0.368383 0.0176768 0.0374517 0.551512
3 0.450686 0.0884805 0.012906 0.0423719 0.502614
3 0.492542 0.750681 0.0227217 0.044223 0.456952
3 0.640664 0.630776 0.0267782 0.0217375 0.453252
3 0.311434 0.0513554 0.0233431 0.0244087 0.44177
3 0.309624 0.0107947 0.0219711 0.0215894 0.424425
3 0.0635457 0.549821 0.0241632 0.0162259 0.403247
9 0.769815 0.846916 0.0145321 0.016826 0.396077
3 0.0777523 0.825308 0.0247758 0.0242142 0.395734
3 0.950134 0.298189 0.0189418 0.0355239 0.375881
9 0.523362 0.884571 0.00926828 0.0292609 0.353782
9 0.488628 0.518606 0.0053196 0.0213412 0.342241
9 0.426581 0.683764 0.00934267 0.0190309 0.325417
3 0.316527 0.087334 0.0205132 0.0214514 0.315666
9 0.524117 0.887466 0.00683327 0.0273007 0.272601
9 0.667562 0.845772 0.0172098 0.0161557 0.253987
