5 0.973622 0.707647 0.0527562 0.165864 0.897642
3 0.3294 0.806254 0.0398977 0.0626709 0.879665
3 0.400512 0.904927 0.0363853 0.0719445 0.875071
3 0.531318 0.910819 0.0355782 0.08509 0.87467
3 0.359194 0.813844 0.0370589 0.0639194 0.872483
3 0.938261 0.768626 0.0298696 0.0625817 0.866877
3 0.323846 0.675403 0.0285597 0.051629 0.864799
3 0.416474 0.830548 0.0330459 0.0656158 0.864572
3 0.896857 0.570482 0.0197149 0.0380963 0.859214
3 0.271758 0.86835 0.04151 0.0767066 0.858166
3 0.919746 0.663958 0.0247479 0.0479115 0.855833
3 0.366703 0.892241 0.035883 0.0814813 0.855473
3 0.633821 0.573335 0.0195358 0.035003 0.853955
3 0.350096 0.678312 0.0291407 0.0545041 0.853664
3 0.245304 0.781288 0.0355961 0.0666155 0.852849
3 0.578103 0.800921 0.0318961 0.0621453 0.852709
3 0.969078 0.914514 0.0305593 0.0718655 0.852087
3 0.301695 0.880642 0.0360415 0.0748179 0.843184
3 0.431805 0.916023 0.0412917 0.0890156 0.842537
3 0.418501 0.644804 0.0275791 0.0425255 0.841522
3 0.301623 0.667963 0.0334361 0.0538748 0.834275
3 0.211746 0.849708 0.0447999 0.0670302 0.829301
3 0.329966 0.892744 0.0388076 0.0695499 0.829082
3 0.426479 0.697691 0.0255901 0.0507741 0.828857
3 0.298631 0.800466 0.0351988 0.0548326 0.827875
3 0.468692 0.571543 0.0230975 0.043073 0.826532
3 0.443506 0.651614 0.0218279 0.0453883 0.826424
3 0.372104 0.570854 0.0386284 0.033079 0.825897
3 0.373778 0.684918 0.0289792 0.0548633 0.82497
3 0.357875 0.634948 0.0269948 0.0495021 0.821763
3 0.485053 0.435472 0.0307806 0.0240768 0.821449
3 0.40282 0.689702 0.0252472 0.0525007 0.817688
3 0.451809 0.700942 0.028964 0.0616689 0.81368
3 0.509379 0.579648 0.0203274 0.0395462 0.812502
3 0.890585 0.317809 0.0212143 0.0164461 0.809534
3 0.275762 0.78547 0.0314423 0.0464691 0.807151
3 0.344418 0.585631 0.0377884 0.0335192 0.800793
3 0.489794 0.574715 0.0204425 0.0432002 0.798599
3 0.88774 0.488778 0.0175247 0.0331265 0.795768
3 0.482327 0.713579 0.0273097 0.0565525 0.792743
3 0.465797 0.652754 0.0253852 0.0425391 0.787584
3 0.923792 0.465416 0.0162487 0.0292027 0.762908
3 0.386201 0.818534 0.0337351 0.0632514 0.759291
3 0.488852 0.665646 0.0232517 0.0460605 0.756121
3 0.651353 0.475046 0.0161507 0.0297397 0.751466
3 0.932421 0.318355 0.0244539 0.0156565 0.748797
3 0.243939 0.860296 0.0357552 0.0515354 0.733495
3 0.506794 0.719514 0.0281876 0.0644263 0.724356
3 0.451496 0.836112 0.0357145 0.0665809 0.720901
3 0.265734 0.44058 0.0284537 0.0304228 0.711312
3 0.332723 0.624129 0.0354716 0.0444454 0.709508
0 0.107161 0.910165 0.00968938 0.0430669 0.70634
3 0.591085 0.403019 0.027573 0.0199609 0.695401
3 0.922049 0.349421 0.0269419 0.0177934 0.679618
3 0.909278 0.297395 0.0177296 0.0171108 0.677925
4 0.931043 0.520741 0.0247049 0.0451044 0.659717
3 0.488057 0.391804 0.0241856 0.0189499 0.65245
3 0.849366 0.311163 0.0248413 0.0166523 0.649433
3 0.871329 0.229092 0.00828285 0.0138919 0.643418
3 0.51515 0.663655 0.0227449 0.0442162 0.626155
3 0.856785 0.226859 0.00778656 0.0138286 0.598115
0 0.0858987 0.933558 0.00979142 0.0390345 0.59236
3 0.892534 0.244487 0.010511 0.0144337 0.571867
3 0.779383 0.307611 0.0240517 0.0171084 0.57165
3 0.422646 0.366246 0.0268847 0.0194561 0.57139
3 0.721295 0.313649 0.0212095 0.0175226 0.570524
3 0.516834 0.395299 0.0277216 0.0196793 0.566477
3 0.896008 0.977304 0.03256 0.0421661 0.558905
3 0.888629 0.894911 0.0273861 0.0745056 0.553121
0 0.119419 0.918819 0.00928264 0.0360155 0.552146
0 0.556618 0.790115 0.0086956 0.0331423 0.552089
3 0.246241 0.398519 0.0259262 0.0249113 0.55203
3 0.380572 0.378702 0.0287007 0.0168252 0.550335
3 0.249181 0.3204 0.0247982 0.0189867 0.550304
0 0.568252 0.851422 0.00799611 0.032359 0.549489
3 0.388212 0.251592 0.0212969 0.0146451 0.543087
3 0.288117 0.398459 0.0242573 0.0204841 0.541869
3 0.856195 0.333752 0.0232723 0.0180371 0.539305
3 0.345662 0.255242 0.0244768 0.0173538 0.537621
3 0.58783 0.286278 0.0200035 0.0140949 0.534362
3 0.296132 0.384943 0.0292313 0.0204569 0.533448
3 0.552488 0.26359 0.0211149 0.0155084 0.532806
3 0.290182 0.352918 0.023172 0.0170417 0.531434
3 0.420031 0.376669 0.025771 0.0157257 0.525608
3 0.317132 0.359381 0.0266994 0.0178843 0.524662
3 0.264517 0.373699 0.0239564 0.0196607 0.521006
3 0.526979 0.38004 0.0270614 0.0176649 0.519138
3 0.50633 0.160925 0.0146076 0.0111811 0.517209
3 0.927755 0.503123 0.0218006 0.0446029 0.516433
3 0.274855 0.360271 0.0219419 0.0194855 0.516285
3 0.755506 0.309722 0.0197916 0.0157371 0.513275
3 0.855628 0.343054 0.0242786 0.0175032 0.50507
3 0.490552 0.381994 0.023308 0.0165326 0.502219
3 0.590211 0.399021 0.0276661 0.0177657 0.494989
0 0.158282 0.800264 0.00774121 0.0378903 0.493349
3 0.726263 0.294475 0.0231081 0.0158132 0.490471
3 0.778782 0.30498 0.0237118 0.013813 0.489621
3 0.665874 0.311674 0.022013 0.0171316 0.488062
3 0.256944 0.383443 0.0266324 0.0202928 0.487547
3 0.590265 0.388573 0.0285078 0.0201869 0.485256
3 0.305434 0.374288 0.0281321 0.0214223 0.475364
3 0.311539 0.370324 0.0276356 0.017211 0.474499
3 0.276591 0.368406 0.023599 0.0189222 0.472891
3 0.290704 0.388188 0.0254934 0.0226537 0.463733
3 0.590589 0.281766 0.021822 0.0144397 0.463385
3 0.863116 0.275205 0.0115644 0.0170892 0.462992
3 0.624542 0.274457 0.0188583 0.0156333 0.45343
3 0.53269 0.580817 0.0228212 0.043207 0.450598
3 0.315983 0.364946 0.0269264 0.0193548 0.450313
3 0.52774 0.388112 0.026647 0.0204324 0.449715
3 0.289286 0.349728 0.0231842 0.0188902 0.447935
3 0.3933 0.360529 0.026973 0.0186905 0.445452
3 0.32566 0.350263 0.0212807 0.0195437 0.444262
3 0.52297 0.392193 0.0297928 0.0204447 0.443115
3 0.47775 0.257356 0.0221474 0.0188354 0.441699
3 0.381794 0.369924 0.0274946 0.0184189 0.43275
3 0.915349 0.438146 0.0177347 0.026278 0.431082
3 0.249144 0.392268 0.0280445 0.0201601 0.428666
3 0.78851 0.319006 0.0210945 0.016307 0.418702
3 0.547558 0.272798 0.0218722 0.0156982 0.416487
3 0.545188 0.279647 0.0198959 0.018573 0.416333
3 0.260357 0.378583 0.0267043 0.0194205 0.414306
3 0.593335 0.384803 0.0295659 0.0195338 0.41331
3 0.293314 0.333776 0.0266409 0.0174478 0.41251
0 0.244036 0.679669 0.0080946 0.0294556 0.411047
3 0.980833 0.315347 0.0275797 0.0151033 0.404695
3 0.388034 0.364893 0.0212024 0.019028 0.4039
3 0.271567 0.367838 0.0264157 0.0193369 0.403361
3 0.66221 0.313078 0.0229998 0.0176214 0.403002
0 0.108428 0.913971 0.00929289 0.0385451 0.398386
3 0.854227 0.204308 0.00764084 0.0116706 0.392597
3 0.848633 0.251028 0.0105976 0.0156696 0.389211
3 0.561956 0.288595 0.0172905 0.0153361 0.388828
3 0.632844 0.355406 0.0131393 0.0172716 0.388705
3 0.664982 0.304476 0.0208908 0.0168811 0.383228
3 0.298203 0.328096 0.0251757 0.0185464 0.382326
3 0.627111 0.277169 0.0210751 0.0151709 0.381978
0 0.0888324 0.935401 0.010674 0.0369049 0.381666
3 0.27814 0.359413 0.0231433 0.0183822 0.378351
2 0.230625 0.614332 0.0184673 0.0215101 0.376119
3 0.278953 0.200938 0.0171227 0.0152924 0.375268
3 0.724122 0.311883 0.0222557 0.0167975 0.373366
1 0.891923 0.739761 0.00760689 0.0264973 0.372
3 0.343388 0.395347 0.03141 0.0202377 0.370957
3 0.378217 0.645325 0.020857 0.0350066 0.368848
3 0.607976 0.302466 0.023399 0.0176209 0.365327
3 0.904445 0.380793 0.0162941 0.0221666 0.361855
0 0.258901 0.690655 0.00791947 0.0339554 0.361511
3 0.677077 0.287246 0.0209871 0.0171413 0.359198
3 0.489143 0.378547 0.0221041 0.015973 0.357524
3 0.288439 0.340293 0.0180841 0.0171505 0.357456
3 0.86319 0.280034 0.0113293 0.0177444 0.345298
3 0.305362 0.37919 0.0253001 0.0214808 0.341628
3 0.789949 0.323497 0.0227388 0.0198549 0.341193
3 0.904309 0.392047 0.0169071 0.0225915 0.339881
3 0.913917 0.418871 0.0176353 0.0228053 0.338982
3 0.526376 0.375265 0.0273949 0.0194868 0.338748
3 0.397664 0.361453 0.0220234 0.0184297 0.331864
2 0.234411 0.612008 0.0150409 0.0218718 0.331003
2 0.218399 0.62866 0.0115073 0.0191664 0.330286
3 0.616207 0.309418 0.0172248 0.0167308 0.328617
3 0.854157 0.345742 0.0250607 0.019706 0.322372
3 0.560266 0.285879 0.0180607 0.0162276 0.321642
3 0.623498 0.288572 0.020492 0.0141518 0.321384
3 0.599889 0.3799 0.0278229 0.0209793 0.318248
3 0.250613 0.387319 0.020215 0.0202247 0.316884
3 0.330862 0.349516 0.026355 0.020147 0.31684
3 0.893331 0.224084 0.0119778 0.0137307 0.316743
0 0.289936 0.601872 0.00764395 0.0234897 0.314307
3 0.385958 0.637191 0.0313828 0.0442488 0.313038
3 0.393425 0.348786 0.023408 0.0189326 0.312275
3 0.346716 0.252459 0.0235829 0.016471 0.306954
3 0.318824 0.353961 0.0270019 0.0206857 0.302175
9 0.067246 0.86704 0.0198586 0.0252087 0.301126
3 0.301153 0.39652 0.0248648 0.0192023 0.299068
3 0.392446 0.21982 0.0190557 0.0148337 0.298108
0 0.212244 0.703817 0.00828266 0.0321126 0.297372
3 0.364358 0.213519 0.0168015 0.014122 0.295204
3 0.985623 0.433586 0.0285336 0.0248147 0.290007
3 0.628397 0.291102 0.0221739 0.0152816 0.289054
3 0.382851 0.643369 0.0308628 0.0412061 0.288598
3 0.665261 0.323032 0.0204954 0.0208854 0.286337
3 0.534422 0.18477 0.0111347 0.0140627 0.284473
3 0.507072 0.162607 0.013632 0.0106668 0.283781
3 0.881301 0.205519 0.00946999 0.0135162 0.280472
3 0.59008 0.528619 0.0280254 0.0367913 0.280441
3 0.852138 0.329724 0.0273533 0.0154373 0.278768
3 0.675862 0.291351 0.0197393 0.0165922 0.273252
9 0.0804652 0.866711 0.0166456 0.029748 0.269338
9 0.0369921 0.921427 0.0190032 0.0303453 0.269277
3 0.24538 0.323638 0.0251616 0.0200133 0.265001
3 0.985069 0.315463 0.0274914 0.0170774 0.261903
3 0.499257 0.363231 0.0224208 0.0181912 0.261325
3 0.6089 0.298562 0.0233376 0.0194143 0.258706
3 0.471572 0.333176 0.0126369 0.0217572 0.256451
3 0.985174 0.340544 0.0259218 0.019902 0.256237
3 0.496056 0.364633 0.0244294 0.0184167 0.254557
3 0.909824 0.300818 0.0176308 0.0206027 0.254263
2 0.241309 0.595064 0.0130376 0.0226397 0.254255
3 0.546064 0.175639 0.0107741 0.0158139 0.253735
9 0.117276 0.795287 0.0182806 0.0278515 0.25193
3 0.97799 0.313219 0.0257038 0.0143441 0.250096
