0 0.826369 0.829092 0.0286228 0.145471 0.776422
0 0.802245 0.753213 0.0287186 0.112611 0.771724
0 0.293683 0.720406 0.0232851 0.11403 0.767357
0 0.497271 0.659977 0.0152889 0.0844746 0.764274
0 0.757082 0.789342 0.0236436 0.117308 0.762799
0 0.724108 0.680833 0.0180124 0.0838131 0.757361
0 0.694543 0.659854 0.0158487 0.0852939 0.75348
0 0.721974 0.788684 0.0195587 0.117195 0.75284
0 0.417399 0.762924 0.0207354 0.115386 0.725311
0 0.52915 0.925516 0.0449518 0.147513 0.66176
0 0.535578 0.617028 0.0116568 0.0665632 0.65499
0 0.673328 0.679797 0.0129483 0.0739321 0.632475
0 0.656719 0.620337 0.0113678 0.064721 0.629924
0 0.583471 0.809882 0.0254429 0.140515 0.624926
0 0.719976 0.586945 0.00976353 0.0527696 0.588316
0 0.415423 0.679944 0.0155218 0.0786129 0.555171
0 0.599094 0.816174 0.0225773 0.148445 0.532982
0 0.504429 0.869944 0.0258304 0.142295 0.526439
0 0.613463 0.597403 0.0105761 0.0536792 0.505764
2 0.761593 0.593911 0.0224686 0.0338841 0.469003
0 0.45983 0.619953 0.0137749 0.0577638 0.467785
9 0.36849 0.791307 0.0305775 0.0968519 0.429909
0 0.498325 0.874253 0.0383568 0.148096 0.423019
0 0.379288 0.666018 0.0150615 0.0771022 0.422068
0 0.545497 0.571764 0.00804291 0.0459337 0.409227
0 0.378405 0.685072 0.0159371 0.0839895 0.383458
2 0.490879 0.58653 0.0211146 0.0354514 0.372136
0 0.377215 0.674597 0.0149402 0.0893788 0.348663
1 0.49798 0.871771 0.0390238 0.143162 0.347074
9 0.618252 0.664151 0.0211821 0.0565338 0.346635
0 0.745269 0.583957 0.009132 0.0499142 0.33476
0 0.546871 0.565615 0.00741806 0.0420795 0.327914
0 0.599799 0.798432 0.0209244 0.11159 0.326169
9 0.493731 0.918078 0.0504233 0.124159 0.31307
0 0.594727 0.81468 0.0322302 0.149481 0.277545
2 0.487407 0.587748 0.0188901 0.0393884 0.272659
0 0.375344 0.666711 0.0146628 0.0775881 0.271099
9 0.493993 0.886681 0.0491764 0.150563 0.254512
