0 0.33262 0.851387 0.0199247 0.108803 0.809422
0 0.283483 0.847883 0.0295157 0.114002 0.800102
0 0.803974 0.809573 0.0173157 0.0873569 0.791174
0 0.576043 0.785169 0.0197628 0.0802453 0.761918
0 0.786549 0.640412 0.0137224 0.0670745 0.750011
0 0.65262 0.663352 0.0159183 0.0722798 0.748787
0 0.39365 0.55295 0.00837218 0.0403687 0.748395
0 0.935424 0.634675 0.0151722 0.0682448 0.742037
0 0.495635 0.723643 0.014545 0.0791599 0.730776
0 0.122008 0.583057 0.0131366 0.0558889 0.726403
0 0.516086 0.606571 0.00951251 0.0526771 0.722017
0 0.805383 0.649479 0.0156177 0.0766646 0.711163
0 0.599666 0.806736 0.0232435 0.100256 0.709737
0 0.606 0.635947 0.0131973 0.0563351 0.70751
0 0.353654 0.673975 0.0117915 0.0663192 0.702386
0 0.902373 0.609188 0.013718 0.0658999 0.701206
0 0.959234 0.693088 0.0199955 0.0710778 0.695927
0 0.980247 0.531442 0.0121009 0.0481562 0.674151
0 0.497054 0.466052 0.00788175 0.037637 0.665917
0 0.67919 0.523917 0.00908315 0.0496817 0.659724
0 0.912286 0.620829 0.0117592 0.050413 0.65598
0 0.984052 0.679526 0.015044 0.0675425 0.653208
0 0.806803 0.458363 0.00956385 0.041113 0.646521
0 0.364543 0.65383 0.0134288 0.0713326 0.641928
0 0.989313 0.575952 0.0168584 0.0673 0.639438
0 0.757576 0.50846 0.00885135 0.0478073 0.63903
0 0.517491 0.596416 0.0096449 0.05739 0.636012
0 0.240321 0.532616 0.009859 0.0495363 0.63492
0 0.0396545 0.517506 0.0126932 0.0554964 0.633088
0 0.275874 0.527144 0.0109901 0.0554394 0.627463
0 0.601084 0.523916 0.0104286 0.0539264 0.6211
0 0.76002 0.550139 0.0091647 0.0513033 0.616995
0 0.379371 0.536278 0.00974536 0.0467869 0.611992
0 0.379559 0.592812 0.0111711 0.0626853 0.609822
0 0.477922 0.377872 0.00709058 0.0295308 0.603823
0 0.552714 0.609564 0.0113691 0.053341 0.60291
0 0.171358 0.551592 0.0113087 0.056288 0.601731
0 0.441953 0.375405 0.00674093 0.033818 0.593928
0 0.694655 0.502604 0.00992337 0.0510856 0.592218
0 0.566586 0.400967 0.00658112 0.0328869 0.590321
0 0.607658 0.617186 0.0104702 0.0509278 0.590071
0 0.559857 0.480569 0.00745926 0.0389713 0.585968
0 0.77685 0.522891 0.00901292 0.0468623 0.583982
0 0.514006 0.722991 0.0162338 0.0802647 0.572671
0 0.545045 0.625201 0.0151094 0.0713722 0.568283
0 0.107129 0.476529 0.00992622 0.0492498 0.56781
0 0.558911 0.484776 0.00853366 0.0422326 0.567617
0 0.0669546 0.374016 0.00703027 0.0338428 0.566234
0 0.368904 0.515771 0.0089631 0.0513389 0.565152
0 0.13871 0.605173 0.0130387 0.0605632 0.563959
0 0.341679 0.524869 0.0096077 0.0441301 0.560373
0 0.45457 0.518193 0.00791967 0.0502597 0.558026
0 0.213141 0.543399 0.0117457 0.0522841 0.554654
0 0.444555 0.514172 0.00971392 0.0500772 0.547288
0 0.814775 0.401772 0.00803941 0.0352159 0.544698
0 0.52555 0.549437 0.011719 0.044143 0.544192
0 0.33978 0.523454 0.00962087 0.0430808 0.536021
0 0.536367 0.419613 0.00677634 0.0383916 0.530771
0 0.592081 0.528743 0.00859546 0.053617 0.530518
0 0.761588 0.550242 0.0116386 0.0542318 0.528155
0 0.568685 0.619663 0.0107893 0.0614575 0.527891
0 0.533806 0.496316 0.00675049 0.04762 0.527359
0 0.032736 0.403138 0.00700735 0.0341092 0.522699
0 0.509623 0.726525 0.0153747 0.0827819 0.518254
0 0.984195 0.701212 0.0160034 0.0523772 0.516336
0 0.505938 0.413665 0.00769824 0.0372447 0.51328
0 0.0312653 0.526009 0.0116407 0.0518157 0.511911
0 0.540947 0.496402 0.00753887 0.0483738 0.510938
0 0.45294 0.349268 0.00674955 0.0288711 0.510694
0 0.656347 0.500658 0.00923215 0.0468661 0.509676
0 0.45434 0.416827 0.00735653 0.0405246 0.508974
0 0.38072 0.545355 0.00985597 0.0505181 0.505621
0 0.583131 0.615287 0.010555 0.0566413 0.494342
0 0.666105 0.526177 0.0099205 0.048184 0.494172
0 0.995294 0.710581 0.00941234 0.0676812 0.488918
0 0.251007 0.527284 0.0107389 0.0477943 0.488311
0 0.569888 0.61044 0.0107033 0.0548206 0.485933
9 0.711086 0.932108 0.0652914 0.0763258 0.484597
0 0.985723 0.707452 0.016069 0.0615327 0.48228
0 0.7786 0.496404 0.00894389 0.0462457 0.479932
0 0.802703 0.400774 0.00738409 0.0301807 0.472515
0 0.663762 0.52701 0.0089999 0.0470822 0.471996
0 0.456171 0.517231 0.00680026 0.0507584 0.471514
0 0.790307 0.488616 0.00841118 0.0394502 0.466707
0 0.0814486 0.372072 0.00756196 0.0296023 0.46529
0 0.136413 0.582207 0.0127769 0.0482815 0.462768
0 0.41622 0.370937 0.00601807 0.0268673 0.461809
0 0.110285 0.478408 0.0103195 0.0520621 0.461388
0 0.743983 0.371111 0.00520697 0.0312843 0.455118
0 0.432973 0.512264 0.00812127 0.0502589 0.454962
0 0.980436 0.49477 0.0100037 0.0434796 0.453098
0 0.765272 0.54503 0.00845086 0.0449549 0.452352
0 0.766576 0.513351 0.00708259 0.0526813 0.450786
0 0.428613 0.362335 0.00585973 0.0231319 0.447272
0 0.0660473 0.377352 0.00722182 0.0289659 0.444231
0 0.813118 0.399818 0.00691421 0.0325921 0.442334
0 0.434176 0.522449 0.00847644 0.0452581 0.440492
0 0.46534 0.401268 0.00708398 0.031484 0.438262
0 0.514057 0.547033 0.00963076 0.039014 0.43686
0 0.344342 0.524537 0.010169 0.0433616 0.43525
0 0.339363 0.48667 0.00893983 0.0384759 0.426973
0 0.693504 0.463173 0.00788251 0.037859 0.425469
0 0.991562 0.490611 0.0107662 0.0451549 0.423959
0 0.0214189 0.406376 0.00735808 0.0363026 0.422882
0 0.105014 0.480209 0.00918069 0.0537778 0.420491
0 0.0142943 0.407966 0.00950271 0.0357895 0.419779
0 0.590099 0.526168 0.00802128 0.0519354 0.419664
0 0.667083 0.462946 0.00829688 0.03845 0.419419
0 0.540937 0.623597 0.0126413 0.0686212 0.415909
0 0.247592 0.466504 0.00800734 0.0380753 0.41404
0 0.0907881 0.358759 0.0066028 0.0319016 0.41376
0 0.42232 0.399539 0.00722903 0.0283839 0.411912
0 0.486844 0.350501 0.00583424 0.0263357 0.411259
0 0.368177 0.520873 0.00907927 0.0439136 0.411139
0 0.5025 0.543188 0.0084452 0.032689 0.406042
0 0.210131 0.539215 0.0106456 0.0537477 0.398727
0 0.765302 0.408298 0.00749242 0.0340235 0.392738
0 0.586093 0.467242 0.00801181 0.0395298 0.392628
0 0.667619 0.49732 0.00868454 0.0411183 0.389322
0 0.192524 0.400388 0.00754588 0.0348047 0.388266
0 0.588045 0.46518 0.0114369 0.0369703 0.385583
0 0.414142 0.484858 0.00848025 0.0487595 0.383942
0 0.576992 0.480997 0.0087839 0.0333065 0.379928
0 0.553245 0.399054 0.00667419 0.0310035 0.377765
0 0.521308 0.413712 0.00678356 0.0341203 0.374497
0 0.584843 0.407148 0.00725003 0.0337653 0.370443
0 0.211209 0.545268 0.0160709 0.0507188 0.368332
0 0.191422 0.512859 0.0101133 0.0499947 0.366242
0 0.584168 0.540136 0.0087331 0.0344099 0.364525
0 0.48188 0.421802 0.00716818 0.0372233 0.360851
0 0.76251 0.511517 0.00881464 0.0534667 0.358483
0 0.455596 0.48227 0.00616657 0.036745 0.354455
0 0.528883 0.386629 0.00575571 0.0302311 0.349024
0 0.878729 0.4976 0.00938909 0.0413383 0.347519
0 0.448422 0.485747 0.00958921 0.0394085 0.347014
0 0.65999 0.524071 0.00975683 0.046958 0.346083
1 0.716589 0.915227 0.0255977 0.0815599 0.345556
0 0.188346 0.512133 0.010486 0.0514959 0.344558
0 0.523281 0.546913 0.00935328 0.0377669 0.34134
0 0.717036 0.526239 0.0103574 0.0456061 0.341307
0 0.674558 0.381151 0.00584259 0.0313607 0.338659
0 0.231421 0.42446 0.00847197 0.035761 0.336295
1 0.721813 0.910204 0.0193278 0.0780801 0.335965
0 0.476897 0.38022 0.00628738 0.0291812 0.333406
0 0.751672 0.413233 0.00918768 0.0295782 0.330475
0 0.0896879 0.365487 0.00815395 0.0377848 0.328918
0 0.137819 0.590932 0.0125475 0.0622196 0.328294
0 0.0128541 0.405786 0.00756581 0.0394285 0.327996
0 0.489927 0.40443 0.00771287 0.0307421 0.32736
0 0.655585 0.374648 0.00563381 0.0311773 0.327139
0 0.869544 0.494764 0.00811732 0.0375066 0.324991
0 0.453111 0.341955 0.00648059 0.0303212 0.32341
0 0.661786 0.377141 0.0061102 0.0275925 0.322892
0 0.679784 0.464729 0.00697421 0.0392736 0.322238
0 0.434673 0.509915 0.0080141 0.0463944 0.319461
0 0.667347 0.380511 0.00412351 0.029494 0.316306
0 0.628456 0.407956 0.00596237 0.0310944 0.315842
0 0.0118888 0.406752 0.0112792 0.0360418 0.313102
0 0.53818 0.418204 0.0111412 0.0366532 0.308856
0 0.242674 0.491357 0.00663746 0.0465819 0.307602
0 0.995715 0.480845 0.00833283 0.0441254 0.302928
0 0.186365 0.516932 0.0103 0.0464158 0.300031
1 0.711095 0.929453 0.0199813 0.0749919 0.30002
0 0.528438 0.395735 0.00621284 0.0303777 0.293952
0 0.255521 0.468034 0.00820954 0.0413735 0.292675
0 0.0717813 0.367967 0.00647504 0.0308262 0.292431
0 0.539585 0.49693 0.00709592 0.0491696 0.290185
0 0.5709 0.537261 0.00903208 0.0322005 0.289989
0 0.74365 0.444282 0.00675031 0.0322801 0.289709
0 0.488381 0.54092 0.0109276 0.0331335 0.287837
0 0.657656 0.504005 0.00887011 0.0518446 0.285834
0 0.291383 0.451058 0.00881433 0.0354765 0.283718
0 0.606517 0.375424 0.00627652 0.0279624 0.283353
0 0.352587 0.496174 0.00880986 0.0462006 0.28144
0 0.0209292 0.372479 0.00745207 0.0235784 0.277171
0 0.318129 0.411154 0.0072359 0.0269123 0.275911
0 0.0468241 0.31332 0.0062396 0.0190459 0.272923
0 0.44342 0.369368 0.00662038 0.0307769 0.271852
1 0.722319 0.91422 0.0253189 0.0804801 0.265276
0 0.484684 0.406226 0.00695343 0.0339699 0.261064
0 0.328826 0.491255 0.010163 0.0442224 0.260716
0 0.378877 0.541526 0.00845956 0.0455713 0.258798
0 0.734196 0.423943 0.006682 0.0375924 0.258614
0 0.743784 0.364396 0.00521792 0.0292958 0.257146
0 0.305502 0.40216 0.00797301 0.0311191 0.256673
0 0.733203 0.359888 0.00596924 0.0282103 0.252245
0 0.701268 0.491517 0.00999128 0.0427946 0.251518
0 0.335382 0.413009 0.00828976 0.028407 0.25086
