6 0.344693 0.860798 0.0566211 0.236134 0.82398
9 0.619635 0.779996 0.0490033 0.159646 0.78811
9 0.531874 0.72764 0.0347809 0.110423 0.675578
1 0.533421 0.687508 0.0341436 0.116141 0.629778
3 0.478855 0.505816 0.0327138 0.050516 0.627241
3 0.659589 0.560504 0.0512707 0.0708889 0.595123
9 0.3445 0.856563 0.0562542 0.232416 0.536694
1 0.449733 0.542411 0.0164618 0.0521644 0.506144
9 0.387537 0.636731 0.0400541 0.0787825 0.467594
3 0.598516 0.503981 0.0332613 0.0435879 0.461564
3 0.580401 0.476134 0.0227741 0.0397515 0.43733
3 0.485251 0.465932 0.0260038 0.032597 0.424122
9 0.44796 0.567856 0.0193681 0.0468272 0.420793
9 0.809198 0.822429 0.0745602 0.102719 0.420345
6 0.0647051 0.910861 0.12941 0.173948 0.415925
1 0.421 0.541435 0.0130194 0.062532 0.3974
1 0.547438 0.50118 0.0138311 0.0414875 0.396159
6 0.118666 0.750868 0.168836 0.170885 0.381018
7 0.116232 0.752056 0.173587 0.168357 0.363009
3 0.529314 0.451038 0.0237631 0.0288228 0.359902
2 0.420934 0.557341 0.0124708 0.0481786 0.357545
1 0.297161 0.68024 0.028941 0.10281 0.353304
4 0.659559 0.559721 0.0508219 0.0695499 0.351853
9 0.293479 0.734405 0.0481988 0.114661 0.345318
9 0.616951 0.521155 0.0187112 0.0420839 0.338662
3 0.941704 0.702158 0.116592 0.220824 0.337202
3 0.787303 0.724537 0.130552 0.210178 0.336727
3 0.972653 0.527426 0.0546942 0.0662971 0.335343
4 0.940911 0.702302 0.118179 0.220555 0.326196
1 0.403298 0.524086 0.0124235 0.046357 0.319528
3 0.70769 0.580766 0.069515 0.0592467 0.311501
3 0.971915 0.542106 0.055925 0.0946687 0.303483
1 0.420583 0.52842 0.0111521 0.0476963 0.302972
6 0.803302 0.568469 0.0473722 0.0778085 0.289109
3 0.655441 0.524029 0.0336345 0.0471167 0.288273
3 0.269145 0.469516 0.0337077 0.0388131 0.286768
0 0.405266 0.523915 0.0107157 0.0459146 0.282134
3 0.390113 0.491133 0.0386214 0.0332004 0.27736
1 0.520084 0.490458 0.00998879 0.0319295 0.269167
1 0.344044 0.801599 0.0534372 0.137653 0.268706
1 0.256686 0.848307 0.0412705 0.193004 0.268262
9 0.531995 0.707705 0.0345038 0.107322 0.26601
3 0.92912 0.891319 0.14176 0.217363 0.262216
1 0.380398 0.623525 0.0249104 0.0924609 0.261879
9 0.882322 0.665337 0.0408756 0.0940173 0.25965
3 0.757309 0.60366 0.116188 0.0978278 0.252103
