5 0.55284 0.927589 0.106239 0.142839 0.907966
3 0.762486 0.929962 0.120904 0.138225 0.894926
3 0.707721 0.757855 0.0901712 0.0935695 0.891701
5 0.504001 0.545225 0.0480939 0.106132 0.888413
3 0.664765 0.703714 0.0875901 0.0849979 0.868761
5 0.429022 0.471206 0.0656087 0.133046 0.829754
5 0.451185 0.360621 0.0287857 0.0563716 0.812946
3 0.28934 0.675032 0.100178 0.100009 0.790863
5 0.581864 0.397031 0.0588783 0.0705905 0.771505
3 0.345393 0.489268 0.0622616 0.050704 0.759915
4 0.295054 0.823848 0.111096 0.142115 0.750163
0 0.564226 0.445386 0.00926608 0.0404065 0.74332
5 0.494677 0.336487 0.0273336 0.0606489 0.738535
5 0.512772 0.436688 0.0424076 0.120737 0.70351
3 0.553786 0.243656 0.0168394 0.0237537 0.58094
5 0.499159 0.19725 0.0311273 0.0232329 0.565414
4 0.654292 0.510941 0.0706721 0.0713813 0.514223
5 0.478715 0.301331 0.0429157 0.0410339 0.377814
3 0.522818 0.169854 0.0127886 0.0159157 0.355778
5 0.654639 0.51148 0.0704855 0.0703026 0.354213
6 0.383487 0.405693 0.0322726 0.0380673 0.306745
5 0.514805 0.417552 0.0367716 0.0912977 0.259284
5 0.517069 0.39782 0.0326577 0.0525687 0.256474
