3 0.441886 0.725423 0.0411402 0.0644184 0.876871
3 0.190256 0.75673 0.0314487 0.0787058 0.866302
3 0.481333 0.797207 0.0438051 0.0696581 0.864963
3 0.28191 0.516733 0.0248725 0.0384465 0.860732
3 0.137571 0.565772 0.0272468 0.0431026 0.851439
3 0.117065 0.661484 0.0265988 0.0579542 0.841781
3 0.333917 0.644455 0.0304948 0.0517654 0.826091
3 0.121789 0.476886 0.0209547 0.0354905 0.822044
3 0.529448 0.89253 0.0514543 0.0833084 0.803407
3 0.118168 0.893884 0.0368449 0.0863965 0.796478
3 0.579381 0.963143 0.0672466 0.0721056 0.780465
3 0.356025 0.570316 0.0284452 0.041315 0.765004
3 0.0982484 0.621137 0.0234064 0.047973 0.737639
3 0.165739 0.262383 0.0103712 0.0165588 0.731802
4 0.404404 0.660422 0.0319106 0.0464723 0.690937
3 0.241533 0.361028 0.0151044 0.021657 0.680528
3 0.253236 0.378589 0.0168518 0.024007 0.676793
3 0.230997 0.340635 0.0156327 0.0216151 0.667867
3 0.276275 0.421603 0.0187752 0.026771 0.647774
3 0.188921 0.266381 0.010747 0.0155152 0.618901
3 0.262247 0.396421 0.017443 0.0266598 0.617529
3 0.177424 0.244393 0.0121259 0.0161085 0.599803
3 0.216478 0.313131 0.015795 0.0208041 0.580747
3 0.114854 0.791177 0.0326986 0.0920475 0.549706
4 0.288155 0.442123 0.0205498 0.0321407 0.475456
3 0.335813 0.578524 0.0212975 0.0412604 0.470179
4 0.30261 0.466734 0.0246232 0.0382314 0.469038
4 0.375895 0.607983 0.0290686 0.0455084 0.450757
3 0.202173 0.2919 0.0144596 0.0210923 0.443837
4 0.323369 0.504343 0.0222892 0.0393717 0.439664
1 0.144073 0.626336 0.00989477 0.0310004 0.434609
9 0.144698 0.64033 0.0106555 0.0294762 0.429904
3 0.0975959 0.571977 0.0232537 0.0434235 0.405074
3 0.221444 0.32282 0.0152934 0.0212074 0.401819
5 0.196351 0.333062 0.0161041 0.0325944 0.380268
3 0.288416 0.442093 0.0206489 0.0321178 0.34193
0 0.855015 0.308084 0.00633869 0.018089 0.335111
3 0.0936552 0.199776 0.00721557 0.0125498 0.325326
3 0.404439 0.659953 0.0314747 0.0465259 0.318178
3 0.37578 0.607741 0.029659 0.045757 0.314346
7 0.335877 0.578421 0.0209069 0.0420517 0.313143
3 0.0912414 0.212451 0.00767007 0.0130313 0.277768
