3 0.0515614 0.12818 0.0289246 0.0450525 0.834342
3 0.0872826 0.0717369 0.0291247 0.0349203 0.83226
3 0.988463 0.0566377 0.023073 0.036115 0.701336
0 0.402096 0.400652 0.00977361 0.0429616 0.674811
0 0.530616 0.865109 0.013389 0.0490679 0.652297
0 0.559424 0.288623 0.0091196 0.0412235 0.643231
0 0.385123 0.356043 0.00945578 0.036626 0.63919
0 0.517084 0.479044 0.00972308 0.0462056 0.636248
0 0.503307 0.889982 0.0134619 0.0509064 0.633325
4 0.61949 0.0259478 0.0319271 0.0354004 0.62809
3 0.567295 0.0282531 0.034128 0.0278427 0.613175
0 0.491991 0.480856 0.0124943 0.0461088 0.613004
0 0.491302 0.229258 0.00701837 0.0361189 0.566218
0 0.382976 0.171011 0.00925504 0.0367502 0.55979
0 0.419177 0.165628 0.00879517 0.0335291 0.551095
0 0.43058 0.448874 0.01104 0.0454659 0.550753
0 0.509233 0.245098 0.00786761 0.03492 0.543017
0 0.525735 0.491907 0.0110706 0.0443231 0.51877
0 0.527984 0.231177 0.0072525 0.0314852 0.512432
0 0.472297 0.46533 0.0104872 0.042396 0.504825
0 0.492733 0.229359 0.00950488 0.0365422 0.494354
0 0.497011 0.181766 0.00772445 0.03454 0.488384
0 0.658125 0.294693 0.00967178 0.0381522 0.486507
0 0.523738 0.317973 0.0100939 0.0423141 0.472859
0 0.543428 0.223082 0.0077323 0.0318989 0.458446
0 0.514205 0.407657 0.0119722 0.0396995 0.457741
3 0.126119 0.0158776 0.0261078 0.0276043 0.450567
0 0.369535 0.133648 0.00721958 0.0335255 0.4467
0 0.394082 0.429317 0.00981284 0.0472033 0.425083
4 0.734572 0.417771 0.0503137 0.0752603 0.413732
0 0.431749 0.437639 0.0116601 0.0428018 0.413166
0 0.49451 0.158758 0.00787906 0.032003 0.407012
0 0.371787 0.181857 0.00802565 0.0380234 0.400928
4 0.615238 0.0705188 0.0264094 0.0421295 0.391084
0 0.366161 0.353826 0.0104119 0.0309965 0.390337
3 0.615617 0.0707672 0.0261455 0.0415629 0.38165
0 0.553019 0.219253 0.00704247 0.0309587 0.380295
0 0.439805 0.19903 0.00954038 0.0350393 0.374306
0 0.376313 0.137076 0.00996868 0.0320649 0.36081
0 0.731679 0.345583 0.00798721 0.0370533 0.359099
0 0.46339 0.465239 0.00918103 0.0408829 0.347776
0 0.366325 0.184708 0.00780882 0.03665 0.34112
0 0.353675 0.183742 0.00740264 0.0374719 0.319366
0 0.366242 0.162134 0.00725984 0.0301239 0.319235
0 0.355212 0.185956 0.00929231 0.0366081 0.317529
3 0.980259 0.02027 0.0271205 0.029756 0.308449
0 0.543789 0.133116 0.00845454 0.030086 0.283674
0 0.436354 0.198129 0.0102226 0.0336499 0.273355
0 0.36326 0.175435 0.00800265 0.036334 0.269054
0 0.716014 0.339149 0.00888623 0.041448 0.265797
3 0.986201 0.0270023 0.0238674 0.0286095 0.258332
0 0.348835 0.362386 0.0102662 0.0338827 0.256462
0 0.480917 0.914777 0.0215677 0.0456395 0.251088
