3 0.890912 0.810833 0.112758 0.126252 0.915741
3 0.747746 0.873736 0.110621 0.0957725 0.907427
3 0.460139 0.486809 0.0548599 0.0864079 0.893104
3 0.885838 0.925822 0.130796 0.129783 0.891488
4 0.854442 0.489487 0.0798879 0.072809 0.890007
3 0.263794 0.397781 0.071536 0.0567193 0.876718
3 0.0289411 0.507594 0.0578822 0.0872143 0.87053
8 0.792993 0.362286 0.123958 0.0945677 0.869697
4 0.11305 0.241728 0.0446312 0.0814343 0.86575
3 0.445836 0.315787 0.0640293 0.0502894 0.852452
4 0.145507 0.244173 0.0458006 0.0812227 0.851993
3 0.0759002 0.2932 0.0667244 0.0466383 0.842572
3 0.0819452 0.89163 0.0758091 0.157328 0.838519
3 0.971757 0.6887 0.0564863 0.128467 0.827468
3 0.0218003 0.27965 0.0434831 0.0503097 0.821499
3 0.26694 0.742094 0.050354 0.138409 0.812226
4 0.0839666 0.236205 0.0383301 0.06441 0.811745
4 0.0513209 0.237502 0.0383336 0.0693174 0.809358
3 0.10649 0.526281 0.0727033 0.107444 0.804345
3 0.800588 0.432906 0.0707279 0.0575387 0.794489
9 0.520761 0.67669 0.021067 0.0525163 0.747761
3 0.867645 0.966329 0.116503 0.0612281 0.723054
3 0.652426 0.320425 0.0644657 0.0567507 0.722424
9 0.651894 0.420113 0.0253961 0.0355574 0.70726
9 0.0970874 0.319957 0.0315905 0.0343308 0.646616
1 0.65356 0.412112 0.013132 0.0402868 0.640199
0 0.00374129 0.844661 0.00743678 0.0563307 0.604321
4 0.579196 0.277588 0.0443307 0.0598419 0.570218
9 0.78737 0.474762 0.0208973 0.0373731 0.561836
0 0.247352 0.831146 0.020319 0.0566465 0.5564
3 0.0195877 0.240281 0.0357252 0.0505858 0.516782
3 0.817252 0.298652 0.0607523 0.0516919 0.487502
5 0.332798 0.257033 0.0860911 0.0694034 0.478945
8 0.331757 0.256894 0.084408 0.0695365 0.437876
4 0.816587 0.298176 0.059742 0.0511473 0.401749
0 0.0186987 0.0290058 0.0077571 0.0235932 0.369439
2 0.167574 0.474957 0.0296202 0.0341804 0.34094
0 0.683458 0.290625 0.00757235 0.0384396 0.328228
0 0.758622 0.297498 0.00889498 0.0389704 0.317874
9 0.167713 0.472416 0.0310095 0.0353965 0.311618
6 0.338897 0.302847 0.050683 0.0395795 0.308302
3 0.140881 0.986594 0.141735 0.0268125 0.301663
0 0.75186 0.300048 0.0096502 0.0387468 0.294828
0 0.963254 0.98603 0.0220452 0.0279399 0.290789
2 0.192751 0.468335 0.0219602 0.0386983 0.287975
0 0.769571 0.287083 0.0115062 0.0407121 0.268324
0 0.679582 0.0463526 0.0058504 0.0214615 0.260106
