3 0.709899 0.86782 0.0524569 0.101934 0.882283
3 0.435974 0.696064 0.0273743 0.0668701 0.87379
3 0.605168 0.720094 0.0326199 0.0591158 0.869093
3 0.636035 0.677028 0.0340504 0.0591356 0.868061
3 0.614207 0.625598 0.0310435 0.0530063 0.866677
3 0.508138 0.458699 0.0180645 0.033302 0.84378
3 0.756224 0.968683 0.0532107 0.0601246 0.827736
3 0.493152 0.37444 0.0157967 0.0241386 0.824144
3 0.666469 0.758205 0.0376736 0.0629966 0.810482
3 0.510826 0.355623 0.0146709 0.0221809 0.799153
3 0.385996 0.641259 0.024409 0.0585069 0.790391
3 0.401868 0.481494 0.0196817 0.0413859 0.790171
3 0.367754 0.905392 0.0317615 0.0888736 0.779701
3 0.527355 0.397307 0.0146324 0.0263389 0.748254
3 0.5202 0.378578 0.0169729 0.0232921 0.727589
3 0.501675 0.333016 0.0135931 0.0221114 0.654636
4 0.563117 0.487328 0.024054 0.0387151 0.612069
3 0.53247 0.455425 0.0170164 0.0339695 0.593146
4 0.582898 0.534517 0.0236042 0.0452208 0.526681
3 0.372544 0.593696 0.0205885 0.0517527 0.517237
1 0.410882 0.746424 0.011344 0.0365567 0.515304
3 0.441901 0.218756 0.00617151 0.0109905 0.508793
3 0.489767 0.303616 0.014496 0.019421 0.507919
3 0.491403 0.310249 0.015661 0.0218569 0.483573
3 0.466838 0.248522 0.0099371 0.0145338 0.464953
6 0.840393 0.899032 0.035017 0.0638384 0.459755
3 0.3658 0.791685 0.0312328 0.0741757 0.452243
3 0.478508 0.280638 0.0128586 0.0216306 0.44489
4 0.551345 0.456823 0.0200247 0.0342139 0.443248
9 0.407957 0.766828 0.0134512 0.0371107 0.438175
3 0.582927 0.53541 0.0233472 0.0434072 0.404819
3 0.479548 0.278262 0.0125564 0.0163927 0.319465
1 0.412742 0.743432 0.012044 0.0320727 0.296204
3 0.455293 0.267319 0.0101735 0.0227984 0.285679
9 0.409906 0.754117 0.0119082 0.0349131 0.280844
7 0.549799 0.646572 0.0206676 0.060338 0.279002
3 0.44105 0.217139 0.00715237 0.0124311 0.269721
3 0.398237 0.230371 0.00903943 0.0163513 0.251959
3 0.458658 0.223315 0.00931263 0.0131254 0.251756
