3 0.5709 0.904718 0.0922977 0.188404 0.918329
3 0.577295 0.728083 0.0781437 0.151921 0.907811
3 0.443716 0.775502 0.0654217 0.171053 0.906455
3 0.28341 0.354139 0.0414614 0.0791863 0.890256
3 0.162189 0.588819 0.126293 0.106021 0.883382
3 0.885615 0.461714 0.101832 0.0714853 0.858659
3 0.363212 0.217461 0.0257529 0.0478451 0.850751
3 0.407282 0.142504 0.0227201 0.037436 0.844928
3 0.367388 0.113312 0.0176336 0.0327971 0.837003
3 0.409479 0.235749 0.0269394 0.0521281 0.836838
3 0.405095 0.0706182 0.0171798 0.0265438 0.826411
3 0.373738 0.064146 0.0155094 0.0260213 0.805643
3 0.551684 0.273309 0.0629707 0.0482699 0.800952
3 0.359627 0.302146 0.0368915 0.0815869 0.799491
0 0.613152 0.669087 0.018032 0.0760272 0.79692
6 0.294266 0.78866 0.0452158 0.13424 0.788117
3 0.314071 0.167138 0.0233632 0.0395705 0.786479
9 0.24408 0.521141 0.0383209 0.0465228 0.778422
3 0.280614 0.283713 0.0359894 0.0683098 0.75887
0 0.491819 0.356236 0.0108873 0.0575507 0.751096
2 0.372307 0.659816 0.0270168 0.0677757 0.741722
0 0.401285 0.496957 0.0135755 0.0665916 0.723024
0 0.562661 0.576967 0.0123764 0.0683809 0.72209
3 0.453359 0.166198 0.0212458 0.0327228 0.719859
0 0.481619 0.199636 0.00840472 0.0368531 0.707613
0 0.591778 0.60197 0.017246 0.0677601 0.705913
0 0.622316 0.89171 0.0231666 0.0886695 0.690801
0 0.593433 0.568635 0.0156943 0.0743652 0.689996
3 0.532346 0.248051 0.0626923 0.0494019 0.626901
0 0.38308 0.536104 0.0141865 0.0646671 0.62343
0 0.572196 0.573029 0.0138699 0.072357 0.62115
1 0.372658 0.633609 0.0205769 0.0636493 0.620232
9 0.644219 0.629469 0.041708 0.0471269 0.600998
3 0.401335 0.043826 0.0134684 0.023252 0.597111
0 0.68794 0.475317 0.0130679 0.060946 0.594687
5 0.182682 0.942779 0.133274 0.114367 0.592264
0 0.0175699 0.946908 0.0315023 0.0885193 0.578518
0 0.592386 0.584244 0.0167471 0.100252 0.568515
4 0.199081 0.335931 0.074363 0.0723948 0.56299
0 0.314262 0.221834 0.00947849 0.0387038 0.562154
9 0.574332 0.417883 0.0284763 0.0371145 0.554787
3 0.526499 0.216898 0.0588886 0.0380566 0.55112
9 0.556268 0.372184 0.0290003 0.0325329 0.550332
1 0.281999 0.752143 0.0208354 0.0776096 0.550319
2 0.702735 0.831179 0.0548648 0.0612751 0.545603
3 0.516934 0.199095 0.049332 0.0321386 0.511336
9 0.513861 0.382121 0.0158363 0.0454337 0.496816
6 0.741966 0.461557 0.0358582 0.0633797 0.472322
1 0.240421 0.507297 0.0207697 0.0558899 0.454652
3 0.403062 0.0174467 0.012849 0.0181021 0.433574
0 0.01967 0.670018 0.0199027 0.0767107 0.424473
0 0.301821 0.22445 0.00911407 0.0359731 0.424091
3 0.377948 0.0133526 0.01448 0.0205499 0.423187
3 0.348384 0.0129639 0.0144541 0.0189216 0.41797
7 0.78902 0.43174 0.0410508 0.0648108 0.412503
0 0.34062 0.108613 0.00633774 0.0245653 0.400741
0 0.434251 0.13492 0.00663775 0.030488 0.397714
3 0.373393 0.032967 0.014748 0.0230699 0.396878
3 0.379532 0.0111384 0.0138608 0.0222767 0.393605
0 0.334914 0.139383 0.00735707 0.0268141 0.378211
2 0.383603 0.539262 0.0159491 0.0642135 0.358068
0 0.483231 0.200405 0.00861565 0.0347628 0.354658
1 0.514416 0.370304 0.0134971 0.0456047 0.336201
3 0.199442 0.335618 0.0748193 0.0720574 0.335395
0 0.477613 0.199536 0.00731596 0.0364137 0.334156
3 0.522735 0.206905 0.0535568 0.0346721 0.325783
1 0.247712 0.378454 0.0123251 0.0499632 0.316622
0 0.390977 0.112538 0.00632477 0.0261856 0.308674
0 0.440788 0.13755 0.00645447 0.0269778 0.306256
9 0.5557 0.325084 0.0264027 0.0296573 0.304758
0 0.474083 0.200462 0.0106669 0.0357936 0.3044
9 0.247812 0.381264 0.0136575 0.0475228 0.303508
0 0.597545 0.893071 0.020887 0.0941216 0.300164
0 0.295322 0.274504 0.00932225 0.0472146 0.297624
1 0.733253 0.531968 0.0161886 0.0481202 0.293542
0 0.00866193 0.689053 0.0173239 0.0740679 0.279862
2 0.696744 0.789923 0.038216 0.0592825 0.276357
0 0.433824 0.14173 0.00601026 0.0297248 0.270299
6 0.723976 0.575429 0.0689425 0.0606646 0.267304
