3 0.572818 0.598218 0.0742077 0.104417 0.890578
3 0.437014 0.836097 0.155782 0.319898 0.887284
6 0.941185 0.750589 0.10815 0.17093 0.819311
6 0.828491 0.687163 0.0553085 0.0860454 0.752755
1 0.490759 0.496442 0.00986672 0.0361151 0.705877
3 0.755676 0.627604 0.0999817 0.113112 0.683939
1 0.454237 0.551444 0.0205584 0.0803018 0.623259
1 0.148969 0.902502 0.0676175 0.189353 0.585437
9 0.66822 0.75764 0.0639851 0.138143 0.579984
3 0.136772 0.473499 0.0563677 0.0426045 0.54892
3 0.503124 0.443164 0.0148095 0.0198069 0.541692
1 0.655974 0.731331 0.0360781 0.105515 0.489295
3 0.52445 0.449695 0.0188206 0.0260139 0.484942
3 0.600072 0.488587 0.0342417 0.0443151 0.481553
1 0.654063 0.617026 0.0288233 0.103118 0.476394
1 0.263437 0.665653 0.0257103 0.0889625 0.461418
3 0.220557 0.479198 0.0559347 0.0409263 0.443243
1 0.670823 0.713342 0.0444273 0.130697 0.44244
3 0.579362 0.521023 0.0280633 0.0486666 0.440407
3 0.554729 0.508185 0.0231805 0.0436133 0.439238
2 0.489343 0.504973 0.0110722 0.0339062 0.358771
6 0.0532031 0.917836 0.106179 0.160207 0.354036
3 0.627102 0.52024 0.0370927 0.065151 0.342609
3 0.603021 0.493951 0.0320057 0.0469462 0.340839
2 0.274655 0.686151 0.0670609 0.0639842 0.334573
3 0.0531446 0.918045 0.106151 0.160336 0.331115
0 0.263326 0.665937 0.0251351 0.0924024 0.328302
3 0.157501 0.661236 0.0832506 0.091603 0.328016
9 0.654735 0.626541 0.0301722 0.101097 0.320929
0 0.685402 0.577724 0.0218214 0.0734316 0.314752
2 0.385807 0.54601 0.0164306 0.0613467 0.302455
2 0.411567 0.510893 0.0231879 0.0390021 0.292999
9 0.655857 0.647389 0.0333473 0.0774096 0.284554
3 0.197602 0.595303 0.0691297 0.115616 0.259288
3 0.504006 0.4272 0.0129989 0.0168152 0.255447
0 0.653987 0.615729 0.0293149 0.0977709 0.251542
