3 0.729851 0.301115 0.110195 0.151891 0.918548
0 0.168411 0.634789 0.0293479 0.106258 0.871417
3 0.793185 0.075406 0.0704125 0.0926923 0.845421
9 0.3833 0.205554 0.0334489 0.0686946 0.807847
9 0.668645 0.455842 0.0489966 0.0745078 0.80281
9 0.384136 0.453202 0.0544789 0.0739387 0.799149
9 0.548022 0.679266 0.0646927 0.0730411 0.799148
9 0.680871 0.741668 0.0544763 0.0843295 0.799061
3 0.913053 0.0338742 0.0847156 0.0677484 0.782042
9 0.542288 0.858138 0.0808212 0.088542 0.772568
3 0.632435 0.159456 0.079578 0.120661 0.764485
0 0.615775 0.257059 0.0205049 0.0686678 0.748818
2 0.424119 0.382312 0.0495993 0.0571104 0.740212
9 0.438697 0.939027 0.0805393 0.0733178 0.724099
9 0.614426 0.612481 0.062722 0.0666538 0.695817
0 0.286492 0.0446334 0.0143547 0.0550511 0.690914
0 0.678919 0.840302 0.0262909 0.112768 0.688175
0 0.369907 0.0571559 0.0148445 0.0614482 0.684464
9 0.286739 0.32004 0.0479382 0.0611483 0.665792
9 0.516538 0.34765 0.0552592 0.0713518 0.663982
9 0.442379 0.176477 0.0306497 0.064102 0.658282
9 0.338413 0.348783 0.0493082 0.0662377 0.65814
9 0.44251 0.801648 0.068313 0.0598475 0.654276
9 0.519903 0.390797 0.0499781 0.0610742 0.638574
9 0.606056 0.524223 0.0618165 0.0688722 0.622106
9 0.427331 0.652901 0.0524404 0.0749279 0.617977
9 0.504904 0.718375 0.0671518 0.0754443 0.60026
9 0.639108 0.953392 0.0738597 0.081053 0.590639
3 0.565784 0.0606574 0.0509359 0.0869814 0.59063
0 0.659436 0.839035 0.0234785 0.0761602 0.578516
9 0.414855 0.55792 0.0541628 0.0707501 0.574122
0 0.635197 0.854743 0.0292616 0.102725 0.549715
9 0.386893 0.51314 0.0454471 0.058618 0.535923
9 0.479207 0.560297 0.0865248 0.0954856 0.530157
9 0.510492 0.630528 0.0442825 0.0578496 0.524965
5 0.318601 0.120918 0.0940403 0.11324 0.522402
6 0.441904 0.175859 0.0315565 0.0661321 0.520796
9 0.42638 0.709687 0.0629086 0.0641318 0.509366
9 0.42676 0.567406 0.048227 0.0825328 0.508701
9 0.439668 0.759366 0.0687101 0.0679996 0.50029
9 0.61468 0.571528 0.0685224 0.0572006 0.475711
9 0.28838 0.242656 0.0435353 0.0516779 0.465668
9 0.49623 0.626854 0.0720173 0.0709869 0.455599
9 0.632293 0.330479 0.0485154 0.0574139 0.444541
9 0.655417 0.635325 0.0527893 0.0709588 0.443337
9 0.409687 0.52241 0.0526258 0.0600354 0.440567
2 0.468723 0.475354 0.0459731 0.0680723 0.440092
9 0.440682 0.86487 0.0776794 0.0794049 0.43887
9 0.193787 0.0488014 0.0170296 0.0503249 0.438139
9 0.779585 0.679676 0.0519764 0.0633314 0.414981
9 0.613282 0.559442 0.0708992 0.0721983 0.411555
9 0.624052 0.330251 0.033232 0.0580357 0.404024
2 0.275093 0.550079 0.0647469 0.0586318 0.396607
6 0.183234 0.0463943 0.0381284 0.0540532 0.387264
0 0.615002 0.79631 0.0281237 0.0911279 0.385662
9 0.280326 0.240545 0.0607822 0.0562853 0.363759
0 0.585851 0.961083 0.0290533 0.0737486 0.358309
9 0.412113 0.543219 0.0508463 0.0858035 0.350721
9 0.395045 0.0392053 0.0160158 0.0339818 0.345349
9 0.436908 0.852571 0.0695426 0.0834298 0.323281
9 0.190496 0.367467 0.0507982 0.0507722 0.322297
2 0.467665 0.488942 0.0457148 0.0893524 0.317241
9 0.384588 0.0314236 0.0281114 0.0418252 0.30956
9 0.271969 0.547205 0.067003 0.0642655 0.305128
2 0.638991 0.952006 0.0738617 0.0793255 0.289571
9 0.468109 0.484407 0.0464456 0.0806261 0.287237
9 0.428771 0.718683 0.0606453 0.0597426 0.285186
9 0.266118 0.212673 0.0415542 0.0574273 0.284848
9 0.437845 0.816579 0.06952 0.0655341 0.284347
6 0.553824 0.941743 0.0932201 0.110053 0.283394
9 0.274342 0.51155 0.0655691 0.0585785 0.278946
0 0.254403 0.160549 0.0145855 0.0522485 0.278594
9 0.184131 0.285568 0.0394941 0.0395423 0.267668
9 0.270067 0.223524 0.0431226 0.0635014 0.266969
1 0.131768 0.469765 0.0224322 0.0541658 0.260243
9 0.338857 0.335935 0.046715 0.0674669 0.256877
9 0.427994 0.692227 0.0561553 0.0861899 0.250239
