3 0.518992 0.309389 0.0218094 0.0338651 0.864832
3 0.527635 0.413577 0.0235136 0.045332 0.843398
3 0.475059 0.301099 0.0194469 0.0355905 0.841209
4 0.174139 0.626584 0.0421412 0.0737861 0.821533
3 0.265843 0.322345 0.0260207 0.0415069 0.816417
3 0.279208 0.29279 0.0237346 0.0342153 0.786201
3 0.238089 0.624016 0.0391318 0.0798362 0.767122
3 0.469157 0.0748349 0.00886059 0.0167357 0.7548
3 0.513054 0.263898 0.0159061 0.0308986 0.726027
3 0.415924 0.181235 0.0134479 0.0263348 0.725777
1 0.570651 0.935593 0.0146429 0.04591 0.709176
3 0.462031 0.196519 0.0135481 0.0249481 0.686255
9 0.570436 0.950595 0.0147889 0.0602715 0.668361
3 0.506699 0.143729 0.0121891 0.0225521 0.66375
3 0.557382 0.274495 0.0153079 0.031193 0.644801
3 0.212005 0.373129 0.0488435 0.0350284 0.644791
9 0.496717 0.43367 0.00819607 0.0304308 0.631865
9 0.159575 0.673586 0.0314756 0.0362329 0.610218
3 0.490358 0.0856249 0.01081 0.0173638 0.605593
1 0.497029 0.427817 0.00719967 0.027839 0.589305
9 0.486156 0.541886 0.0100533 0.0346129 0.586762
9 0.626567 0.554155 0.0109514 0.0394289 0.584248
5 0.441574 0.695666 0.0322535 0.0973387 0.571134
3 0.68117 0.916923 0.0632418 0.154226 0.568821
5 0.681117 0.917526 0.0620869 0.151287 0.558523
1 0.485849 0.53161 0.00929957 0.0293369 0.558109
6 0.146428 0.562523 0.0316209 0.0535856 0.557608
1 0.626181 0.54568 0.0104773 0.0367066 0.526509
6 0.288581 0.590523 0.0206388 0.0564036 0.524774
9 0.28914 0.487298 0.00952797 0.0277061 0.508424
9 0.693255 0.553709 0.0288181 0.0343728 0.490072
4 0.399218 0.279518 0.018326 0.0403065 0.475417
3 0.324684 0.224914 0.0293387 0.0264303 0.45285
1 0.288658 0.474948 0.010208 0.0294556 0.446828
9 0.0900611 0.535525 0.0239244 0.0281047 0.444784
4 0.221338 0.492142 0.0376726 0.0709403 0.431591
9 0.213012 0.550874 0.0176752 0.0398167 0.378432
1 0.288228 0.479313 0.00820684 0.0334576 0.37079
3 0.573797 0.369225 0.0208199 0.039279 0.36898
9 0.692041 0.54447 0.0279377 0.0344736 0.358592
3 0.548718 0.228081 0.0156648 0.030477 0.353619
1 0.286541 0.474244 0.0105889 0.0290746 0.332715
6 0.441664 0.694916 0.032501 0.0975661 0.30135
9 0.124141 0.508873 0.0275876 0.0351935 0.296447
9 0.287348 0.487235 0.0122282 0.0289866 0.287745
3 0.243267 0.355419 0.0313647 0.0398393 0.266724
9 0.425704 0.0937958 0.00511675 0.015241 0.262696
9 0.720617 0.648876 0.0229135 0.0409199 0.258007
3 0.479128 0.0369998 0.00886498 0.0149939 0.255623
