0 0.51881 0.645901 0.0228689 0.113569 0.787452
0 0.326669 0.299994 0.0186266 0.0875279 0.782866
0 0.360584 0.573449 0.0225457 0.108054 0.739334
0 0.338252 0.582637 0.0216356 0.100139 0.727603
6 0.31173 0.0677741 0.0236818 0.0602895 0.71939
4 0.295335 0.126327 0.0437981 0.1094 0.690554
6 0.488232 0.138741 0.0614111 0.0635382 0.658345
7 0.625666 0.520434 0.0784457 0.177238 0.587115
0 0.341369 0.563402 0.0193933 0.132343 0.522335
1 0.344568 0.172162 0.0157951 0.0569437 0.463604
6 0.750917 0.849538 0.077093 0.225049 0.434154
6 0.306911 0.0591778 0.0286204 0.0534498 0.404678
9 0.412007 0.135875 0.0148022 0.0572172 0.402937
2 0.619655 0.371897 0.0271725 0.0741533 0.398667
6 0.625292 0.519989 0.0783626 0.177274 0.392564
6 0.400685 0.0355108 0.0313314 0.0388336 0.364638
6 0.506526 0.312491 0.0548332 0.0753798 0.318969
0 0.344254 0.172862 0.0162704 0.0575298 0.313694
3 0.680393 0.0248979 0.0537069 0.0497959 0.312525
9 0.619056 0.370477 0.0266158 0.0786447 0.292175
9 0.316561 0.947666 0.0570006 0.0996877 0.280074
0 0.412209 0.133495 0.0150738 0.0593948 0.26729
