3 0.336574 0.803815 0.0664705 0.163372 0.921808
3 0.327708 0.646579 0.110914 0.111996 0.913143
3 0.486724 0.417461 0.0366025 0.0700419 0.88262
3 0.56655 0.475909 0.0411606 0.0676546 0.868951
3 0.392919 0.519091 0.0505508 0.0921324 0.862524
3 0.320274 0.426086 0.0523829 0.0864549 0.860298
5 0.722602 0.418979 0.0991337 0.0977562 0.834414
3 0.400706 0.392341 0.0469306 0.0659388 0.826191
3 0.389603 0.452058 0.0405076 0.0795248 0.824854
3 0.624469 0.3621 0.0315224 0.050401 0.824838
3 0.422101 0.326012 0.0565843 0.0649028 0.815997
3 0.597947 0.323002 0.0453714 0.0515588 0.813465
3 0.637366 0.40778 0.0356759 0.058355 0.803594
3 0.43507 0.15462 0.0159994 0.0252151 0.796692
3 0.546667 0.163018 0.0152836 0.0241589 0.794374
3 0.420653 0.265382 0.0421148 0.0360118 0.770194
5 0.899032 0.900904 0.171298 0.190857 0.756283
3 0.594059 0.285947 0.0347705 0.0442503 0.743837
0 0.428361 0.526487 0.0126146 0.0585308 0.709855
3 0.428881 0.237618 0.0432795 0.0385183 0.698139
3 0.587619 0.259426 0.023991 0.0334014 0.696423
0 0.439058 0.52789 0.0130214 0.065642 0.685184
3 0.420308 0.298701 0.0437933 0.0468294 0.660972
0 0.656977 0.358222 0.00947723 0.0419602 0.656586
3 0.410393 0.15581 0.0154378 0.025962 0.643668
3 0.422975 0.24604 0.043158 0.0343754 0.632471
0 0.376606 0.337734 0.00938142 0.050106 0.631572
3 0.420528 0.206639 0.0200391 0.0340723 0.597227
3 0.568353 0.144028 0.017161 0.024443 0.592093
3 0.601401 0.213684 0.0266821 0.0315996 0.583429
9 0.698028 0.35484 0.0272602 0.0299671 0.528703
0 0.193048 0.668855 0.0287069 0.0819951 0.503643
3 0.513698 0.0842082 0.0107075 0.0158478 0.45121
3 0.419354 0.211955 0.0199258 0.0344889 0.449502
3 0.44662 0.12843 0.0186371 0.0198178 0.448347
3 0.433289 0.134349 0.0181347 0.0232109 0.448265
9 0.635824 0.240369 0.016311 0.021988 0.447993
9 0.658571 0.296193 0.0228753 0.025912 0.429908
0 0.361035 0.348518 0.00886946 0.0379537 0.423623
3 0.433793 0.112201 0.025733 0.0193448 0.401883
3 0.503281 0.0641907 0.00997256 0.0130692 0.398053
0 0.627027 0.294012 0.00846778 0.0331357 0.376011
3 0.420136 0.195003 0.0201803 0.0294447 0.361383
3 0.447551 0.102604 0.0217577 0.0180721 0.359255
3 0.438911 0.113611 0.0291642 0.020829 0.3394
1 0.557597 0.261735 0.00986692 0.0301249 0.275771
3 0.444168 0.0650387 0.0198151 0.0157346 0.275016
3 0.437207 0.120393 0.0274696 0.0220759 0.264622
9 0.165607 0.762275 0.0339971 0.0768665 0.258852
