3 0.285809 0.75906 0.0274316 0.0759623 0.875149
3 0.457025 0.811873 0.0421991 0.0727434 0.862772
3 0.23362 0.648197 0.0229371 0.0576819 0.843507
3 0.193434 0.470648 0.019512 0.0303446 0.837442
3 0.0989911 0.595031 0.0259643 0.0496727 0.799246
3 0.259327 0.291574 0.0143545 0.0173087 0.788514
3 0.392523 0.544666 0.0224742 0.0379564 0.779273
3 0.365946 0.455125 0.0169824 0.0252119 0.740358
3 0.169712 0.459319 0.018715 0.0340561 0.704545
3 0.200374 0.417174 0.0161198 0.0260399 0.701742
3 0.351525 0.400715 0.014142 0.0237357 0.673664
3 0.347099 0.379726 0.0143195 0.0222324 0.657688
3 0.373343 0.482239 0.0165835 0.031198 0.642588
3 0.313154 0.410591 0.0146957 0.0242547 0.620959
3 0.190523 0.328275 0.0245212 0.0177265 0.617656
3 0.262441 0.24924 0.00871267 0.0139171 0.607199
3 0.204991 0.315009 0.0228439 0.0186938 0.600312
4 0.482969 0.537564 0.0427336 0.0437379 0.574155
3 0.24481 0.27178 0.0104864 0.0150477 0.552766
5 0.401283 0.951362 0.0426611 0.0972765 0.519441
3 0.240132 0.243303 0.00792952 0.0133922 0.502369
3 0.344572 0.290569 0.0181292 0.0177081 0.491407
3 0.337842 0.355241 0.0127738 0.0247521 0.490241
3 0.308014 0.249143 0.00805035 0.0154324 0.460988
3 0.263635 0.249552 0.0102678 0.0115742 0.447756
3 0.286103 0.309511 0.00977211 0.0183441 0.4213
3 0.991531 0.556699 0.016781 0.0280473 0.414433
3 0.318733 0.281485 0.00980574 0.0151942 0.399384
3 0.252374 0.246161 0.00794935 0.0123015 0.396306
7 0.581543 0.707505 0.029562 0.0480079 0.386652
3 0.329264 0.319188 0.0131737 0.0178022 0.377034
3 0.252766 0.217174 0.0102697 0.0118733 0.370325
4 0.401325 0.951176 0.0428305 0.096389 0.348965
3 0.210278 0.273579 0.0105599 0.0173069 0.347385
3 0.288983 0.241384 0.00956876 0.012724 0.344243
3 0.151444 0.378119 0.0230397 0.0205539 0.335297
3 0.248303 0.217171 0.00910765 0.0109139 0.32968
3 0.308055 0.25141 0.00910956 0.0127279 0.312464
3 0.378518 0.340506 0.0234537 0.0189677 0.310881
9 0.593363 0.973082 0.0258481 0.0360291 0.2646
3 0.269755 0.198659 0.00541277 0.0114978 0.261977
