3 0.828785 0.50826 0.0357215 0.0504297 0.844672
3 0.806377 0.411458 0.0294067 0.0469891 0.823368
3 0.868236 0.558475 0.0335983 0.0494773 0.816189
4 0.943194 0.922881 0.0885315 0.150201 0.815264
3 0.894404 0.441226 0.0504608 0.0364967 0.773874
3 0.779279 0.44911 0.0510142 0.0409212 0.773751
3 0.798573 0.492811 0.0446829 0.0466812 0.765382
3 0.794679 0.340069 0.0213074 0.0351169 0.758391
3 0.940555 0.528208 0.0477386 0.0363198 0.754915
3 0.762803 0.395122 0.0434383 0.0294979 0.7247
0 0.543185 0.724388 0.0094403 0.0463321 0.715006
3 0.78704 0.310537 0.0179262 0.0293791 0.683902
0 0.836491 0.561119 0.0100841 0.0417993 0.683484
3 0.805211 0.131181 0.0203981 0.0150531 0.678369
3 0.986972 0.381316 0.0259272 0.027219 0.674177
3 0.799453 0.269622 0.0329717 0.0226117 0.672616
3 0.994728 0.398309 0.0105448 0.027555 0.667295
0 0.796376 0.78695 0.011478 0.0488339 0.662775
3 0.408098 0.65983 0.0521908 0.0484575 0.659359
0 0.467311 0.934947 0.0117523 0.0579178 0.656903
3 0.779136 0.428388 0.0477914 0.0328202 0.641651
3 0.722651 0.118783 0.0220192 0.0187615 0.624856
3 0.789579 0.367545 0.0213934 0.04284 0.622688
3 0.756266 0.18523 0.0290314 0.0198924 0.620047
3 0.733166 0.142504 0.0224465 0.0188162 0.61983
0 0.510002 0.863221 0.00951345 0.0498006 0.617281
0 0.526677 0.737649 0.00933026 0.045253 0.616752
0 0.456231 0.829809 0.0103488 0.0506642 0.611063
0 0.054231 0.588686 0.0091928 0.0414241 0.606615
3 0.977007 0.366291 0.041785 0.0307539 0.600764
0 0.486851 0.894388 0.0117825 0.0563195 0.59552
3 0.795069 0.117466 0.0215889 0.01456 0.595384
3 0.878687 0.225156 0.029608 0.0215954 0.594432
3 0.751544 0.338187 0.0452454 0.0302978 0.580296
3 0.696739 0.214175 0.0325817 0.0208546 0.578072
3 0.862965 0.207434 0.03055 0.0230879 0.57337
3 0.834411 0.274076 0.0340862 0.0246849 0.572674
3 0.899413 0.257763 0.0297901 0.0237436 0.562613
3 0.845346 0.183592 0.0266953 0.0189573 0.561681
3 0.747938 0.16436 0.0280625 0.0193496 0.560187
0 0.779196 0.532109 0.00844538 0.0421482 0.557317
3 0.779867 0.435039 0.0478536 0.0433885 0.555192
3 0.852533 0.389408 0.0423599 0.0286387 0.552764
3 0.884059 0.41662 0.0538067 0.0377258 0.549876
0 0.807321 0.816189 0.0138149 0.0621918 0.54741
3 0.887222 0.240783 0.0310947 0.0213098 0.545895
3 0.752743 0.112137 0.0224732 0.0149782 0.544699
3 0.960689 0.343998 0.0426258 0.0278249 0.542339
3 0.794283 0.203812 0.0284856 0.0203958 0.541213
3 0.846424 0.294782 0.0366838 0.0285484 0.538992
3 0.857396 0.317061 0.0381958 0.027487 0.527949
3 0.784857 0.248488 0.0364385 0.0248556 0.526158
3 0.693902 0.105426 0.0113764 0.0141877 0.52536
3 0.815727 0.141995 0.0202682 0.0175832 0.522358
3 0.789126 0.194345 0.0284142 0.0191629 0.517459
0 0.805595 0.871163 0.0137195 0.0553137 0.517425
0 0.345999 0.981702 0.0114857 0.0340959 0.516873
3 0.771576 0.152162 0.0292612 0.0173983 0.512053
3 0.782777 0.178734 0.0265798 0.0178332 0.51205
0 0.518129 0.856175 0.0101843 0.0522996 0.511648
0 0.504291 0.831384 0.0113464 0.050961 0.511326
0 0.45488 0.929289 0.0102846 0.0537381 0.509461
0 0.500463 0.917404 0.0121197 0.050255 0.50945
3 0.846719 0.303898 0.0353848 0.0250008 0.509098
3 0.831763 0.164782 0.0257416 0.0201604 0.508905
0 0.478322 0.773175 0.00983505 0.0500658 0.507529
3 0.835814 0.173649 0.0260609 0.0186433 0.502489
3 0.962954 0.35015 0.0438036 0.03012 0.5021
3 0.862076 0.345814 0.0407924 0.0288274 0.496903
3 0.755493 0.13044 0.0210816 0.0163583 0.495545
0 0.485624 0.723065 0.00884583 0.0423355 0.493901
3 0.819977 0.252264 0.0327825 0.0249136 0.493026
0 0.518313 0.973828 0.0137217 0.0500062 0.490794
3 0.784587 0.186917 0.0273769 0.0198302 0.489723
3 0.742696 0.32785 0.0420241 0.0295035 0.482686
0 0.516103 0.734965 0.00877304 0.0439019 0.482177
3 0.799337 0.219283 0.0323326 0.0198897 0.477703
0 0.779162 0.815073 0.0123743 0.0526798 0.473774
3 0.797345 0.211843 0.0307762 0.0207813 0.471703
3 0.812711 0.237392 0.028196 0.02009 0.468694
0 0.51746 0.716833 0.00935287 0.0448096 0.462165
3 0.894864 0.244837 0.0268083 0.0196252 0.461394
3 0.84717 0.187516 0.0281504 0.0211288 0.459932
3 0.89432 0.402645 0.0576897 0.0361906 0.450889
3 0.853738 0.195113 0.0264587 0.0203443 0.450089
3 0.748238 0.333064 0.0493687 0.0323823 0.444878
3 0.868914 0.405152 0.0442696 0.0314623 0.444514
3 0.908616 0.268227 0.0250634 0.0235953 0.443717
3 0.818144 0.147355 0.0232483 0.0167885 0.443142
3 0.846676 0.374256 0.047984 0.0340229 0.442905
3 0.804018 0.222908 0.0345482 0.0204482 0.440859
3 0.664243 0.124412 0.023459 0.0159181 0.439863
3 0.818985 0.24711 0.0350645 0.0253343 0.438105
0 0.497497 0.730033 0.00772799 0.0412204 0.437663
3 0.882638 0.232623 0.0322271 0.0217535 0.437284
3 0.898075 0.253037 0.0291704 0.0250984 0.436974
0 0.504511 0.712871 0.00961667 0.0425124 0.436277
0 0.47613 0.793681 0.0104462 0.0462758 0.43487
3 0.777381 0.236517 0.0321074 0.020522 0.434279
0 0.488216 0.820126 0.0112208 0.0415948 0.424704
3 0.957937 0.339225 0.0393699 0.0286967 0.423013
0 0.443489 0.894842 0.00897158 0.0468326 0.421591
0 0.780712 0.809156 0.0119185 0.0586782 0.417333
0 0.065401 0.56305 0.00904505 0.0385575 0.417006
0 0.494673 0.763501 0.00945188 0.0453869 0.414906
3 0.77153 0.173815 0.0315646 0.016271 0.413276
3 0.680849 0.170478 0.0279691 0.0183678 0.410424
0 0.0910477 0.577063 0.00822904 0.0363699 0.408346
3 0.934334 0.295428 0.0316966 0.0236187 0.407107
0 0.441338 0.936174 0.00967699 0.0549774 0.40546
0 0.0820762 0.596325 0.00834282 0.0362654 0.404517
3 0.861304 0.350585 0.0402671 0.0269704 0.40268
3 0.80749 0.230797 0.0325598 0.0243623 0.401336
3 0.990868 0.176877 0.0180717 0.0203736 0.401127
0 0.783764 0.816197 0.0116992 0.0526374 0.399402
0 0.827073 0.348682 0.00838183 0.0260314 0.397825
3 0.799005 0.119971 0.0170967 0.017753 0.397049
0 0.907509 0.910953 0.0165549 0.0535463 0.392466
0 0.507959 0.834837 0.0087664 0.0517123 0.389917
3 0.975284 0.113234 0.0149422 0.0153567 0.387887
3 0.762227 0.143308 0.0195981 0.0199922 0.385411
0 0.484427 0.921099 0.00910128 0.0487949 0.385293
0 0.769473 0.789046 0.0140975 0.0572896 0.382043
0 0.517644 0.738642 0.00954581 0.041333 0.381475
0 0.430786 0.950456 0.0113318 0.0588224 0.380403
3 0.943446 0.307124 0.0371234 0.0227227 0.379422
3 0.946807 0.318971 0.0399855 0.0275912 0.378619
4 0.679136 0.149335 0.0288716 0.0218523 0.377354
3 0.684164 0.175504 0.0276584 0.0205663 0.377026
3 0.665109 0.114861 0.0219996 0.0156085 0.376187
3 0.756913 0.189055 0.0274922 0.0219315 0.375208
0 0.582665 0.464227 0.0071561 0.0334899 0.372598
3 0.745005 0.35976 0.0454846 0.0340081 0.370778
3 0.878694 0.412663 0.0496589 0.0372179 0.366826
3 0.864126 0.339604 0.039415 0.0284041 0.364178
0 0.434059 0.964363 0.0121609 0.0458278 0.363762
3 0.859191 0.327768 0.0386519 0.027924 0.361573
0 0.43943 0.830455 0.00996439 0.0422549 0.360805
3 0.755073 0.124049 0.0202575 0.0152902 0.359822
0 0.474812 0.7964 0.00985107 0.0430572 0.357538
3 0.821719 0.26175 0.0348987 0.0236914 0.35708
3 0.832236 0.171147 0.0269634 0.0189325 0.353508
3 0.937778 0.304184 0.0345836 0.0228034 0.352395
3 0.850416 0.308271 0.0347332 0.0212448 0.35199
3 0.954976 0.332097 0.0392712 0.0266129 0.351595
3 0.989499 0.172024 0.0205565 0.0191454 0.350961
3 0.752454 0.177018 0.0273112 0.0207063 0.339403
3 0.864572 0.211066 0.0302636 0.0235386 0.339282
3 0.994679 0.193157 0.0106425 0.0172806 0.33105
3 0.85031 0.385678 0.0476139 0.0286199 0.326866
2 0.314654 0.822493 0.0137659 0.0397539 0.324157
3 0.981381 0.163934 0.0229744 0.0175601 0.322852
3 0.72444 0.123224 0.018948 0.0202582 0.322084
0 0.776805 0.531584 0.0104639 0.0420527 0.317836
3 0.663263 0.118478 0.0213172 0.0166099 0.316339
3 0.770456 0.165166 0.0293352 0.0180092 0.315218
0 0.368649 0.840312 0.0116617 0.0479727 0.314763
0 0.776876 0.816023 0.0128113 0.051142 0.314467
3 0.860654 0.331579 0.0396915 0.023506 0.314162
3 0.678126 0.140081 0.0249925 0.0170744 0.312785
3 0.890562 0.406895 0.0582382 0.0327048 0.311409
0 0.767562 0.794929 0.0141459 0.0568081 0.310445
4 0.688974 0.195677 0.0298103 0.0247539 0.310361
3 0.988195 0.178646 0.0182129 0.0174556 0.310273
0 0.452223 0.939227 0.0119438 0.0527469 0.309025
0 0.489107 0.770418 0.0104872 0.0486453 0.306175
0 0.432868 0.89284 0.00852369 0.0445528 0.30587
3 0.777407 0.171259 0.0258629 0.018727 0.30522
0 0.473231 0.92382 0.011158 0.0542053 0.304712
3 0.776767 0.0980505 0.0189128 0.0183574 0.304641
0 0.78284 0.528686 0.00986956 0.0354718 0.297438
0 0.49803 0.72326 0.00885485 0.0441851 0.295581
0 0.590655 0.465306 0.00680762 0.0321662 0.289864
0 0.486543 0.737431 0.00916537 0.040896 0.2872
0 0.39071 0.851064 0.00935332 0.04389 0.285438
0 0.0484211 0.573903 0.00997061 0.0339109 0.279686
3 0.943493 0.149019 0.0192657 0.0161287 0.278806
0 0.486646 0.824219 0.0108494 0.0391615 0.277708
0 0.4857 0.831888 0.00931509 0.0427839 0.276541
3 0.858101 0.39337 0.0507195 0.0324332 0.274163
3 0.906219 0.265201 0.0267032 0.0212351 0.268913
1 0.74506 0.782352 0.0109699 0.0456852 0.266719
3 0.843331 0.290394 0.0366757 0.0255336 0.265269
3 0.751627 0.156279 0.0320646 0.0173917 0.264979
3 0.77666 0.102268 0.0183436 0.0177023 0.263669
0 0.465607 0.733641 0.0070904 0.0393423 0.261792
3 0.802982 0.129893 0.0186615 0.0148835 0.260502
0 0.0481965 0.563474 0.00950789 0.0407695 0.259096
0 0.484751 0.74316 0.00932999 0.0345349 0.25859
3 0.943219 0.141594 0.0212448 0.01826 0.257975
3 0.948065 0.330844 0.0419182 0.0266448 0.257829
4 0.342209 0.649191 0.0453538 0.0553078 0.256178
0 0.784103 0.789019 0.0126177 0.0511065 0.256116
0 0.473202 0.767574 0.00928286 0.04267 0.25528
3 0.830884 0.0477815 0.0120178 0.0146585 0.251279
