3 0.742176 0.868787 0.105345 0.17773 0.942285
3 0.206262 0.851593 0.0880049 0.174928 0.925287
3 0.252592 0.666012 0.0738001 0.141811 0.920636
3 0.675978 0.740813 0.0921387 0.133706 0.913871
3 0.426347 0.526918 0.0472515 0.111617 0.872513
3 0.469082 0.264979 0.0234423 0.0377873 0.857226
3 0.26381 0.486437 0.101915 0.0698474 0.854191
3 0.161043 0.597028 0.122665 0.0896474 0.852235
4 0.658957 0.616808 0.0740875 0.130083 0.84005
3 0.62141 0.55219 0.0978695 0.0747323 0.837362
3 0.339709 0.407849 0.0361536 0.0709454 0.82492
3 0.660131 0.501139 0.0901628 0.0728706 0.824026
3 0.57126 0.349684 0.0706826 0.0476327 0.810064
3 0.649007 0.420728 0.0888417 0.0594403 0.790267
3 0.356737 0.368939 0.0727524 0.054512 0.776689
3 0.631461 0.467715 0.0829582 0.065436 0.773414
3 0.366326 0.318214 0.0510234 0.046965 0.753769
3 0.375924 0.263776 0.0498702 0.0375019 0.720625
3 0.373735 0.290898 0.0412671 0.0441583 0.716483
3 0.264418 0.453414 0.0963337 0.0580098 0.683942
3 0.557564 0.327623 0.0593448 0.0450547 0.68166
3 0.629125 0.362705 0.0720844 0.0461819 0.674477
3 0.55165 0.291938 0.049216 0.0411999 0.670055
3 0.531271 0.137396 0.0154269 0.0200428 0.668901
3 0.609337 0.380441 0.0681457 0.050256 0.668512
3 0.6228 0.401593 0.0800045 0.0527468 0.666076
4 0.50289 0.279544 0.0221966 0.0474966 0.661858
3 0.460114 0.144901 0.0138216 0.0229971 0.659187
3 0.386194 0.240554 0.0480426 0.0330062 0.657487
3 0.15657 0.454046 0.103307 0.0628609 0.647186
0 0.362862 0.466004 0.0106022 0.0580658 0.646196
3 0.395236 0.219169 0.0403801 0.0275848 0.592318
3 0.132486 0.501583 0.111325 0.0642711 0.569705
0 0.3722 0.466566 0.0119421 0.0586103 0.564609
0 0.410288 0.263494 0.00828364 0.0368742 0.558871
0 0.405603 0.309577 0.00846006 0.0402427 0.558213
3 0.53554 0.265736 0.0446535 0.0393569 0.555584
0 0.317558 0.480629 0.0113061 0.0580925 0.550495
3 0.402946 0.204152 0.0410532 0.0276541 0.543062
3 0.517183 0.200363 0.0367065 0.0257407 0.537236
3 0.50701 0.13123 0.0158774 0.0180117 0.53603
3 0.556212 0.319484 0.0559441 0.0438929 0.522661
3 0.490812 0.10674 0.015887 0.0154012 0.511439
3 0.406769 0.170314 0.0320981 0.0219515 0.496249
3 0.518536 0.205689 0.0352211 0.0256644 0.486305
3 0.510492 0.177611 0.0326673 0.0255186 0.483903
0 0.44076 0.185701 0.00600864 0.024983 0.475274
3 0.513064 0.157206 0.0164194 0.0205088 0.459267
3 0.355657 0.348595 0.0617972 0.0522803 0.458988
3 0.397648 0.214693 0.0412531 0.028164 0.453935
3 0.408359 0.162107 0.0270244 0.0209873 0.443593
3 0.552926 0.259093 0.044784 0.0340912 0.438438
3 0.390513 0.230381 0.0473471 0.0278642 0.430256
3 0.513501 0.183302 0.0363977 0.0235988 0.422189
3 0.386493 0.23503 0.0471337 0.0316651 0.415373
3 0.403894 0.175793 0.0340092 0.0218836 0.413884
0 0.373534 0.483099 0.0115248 0.0659978 0.407831
3 0.541902 0.250254 0.0458633 0.0327639 0.406806
3 0.515871 0.191251 0.0344843 0.0244814 0.406782
3 0.533285 0.231085 0.0512955 0.0329927 0.404196
3 0.536671 0.235261 0.0561554 0.0328306 0.401517
3 0.515273 0.10776 0.0161519 0.0143739 0.400456
3 0.410011 0.156596 0.0246841 0.0195818 0.399637
3 0.397386 0.20878 0.0407794 0.0268243 0.395891
0 0.43166 0.161039 0.0039593 0.0211663 0.393293
2 0.372721 0.486803 0.0111084 0.0616706 0.385946
0 0.478057 0.153414 0.00640717 0.0197489 0.385058
9 0.219654 0.385245 0.0297905 0.0320674 0.364004
3 0.506279 0.175068 0.0266073 0.0241054 0.349372
3 0.517178 0.185624 0.0316244 0.0230564 0.337187
3 0.615379 0.386057 0.0733564 0.0536985 0.333432
4 0.529706 0.234244 0.0460398 0.0354492 0.332624
3 0.512747 0.1532 0.0172796 0.0232561 0.329274
3 0.406581 0.109139 0.01586 0.0169391 0.328967
3 0.554929 0.304977 0.054109 0.0355184 0.32894
3 0.622258 0.368602 0.0839484 0.0527542 0.327772
3 0.383013 0.245329 0.0428738 0.028833 0.317206
3 0.54593 0.245408 0.0468695 0.0326272 0.310463
9 0.722248 0.460561 0.0316901 0.044161 0.293519
3 0.401478 0.133579 0.0254356 0.0177746 0.290462
3 0.554963 0.311449 0.0544907 0.0364317 0.283316
3 0.370109 0.152976 0.0234079 0.0217376 0.282184
3 0.379471 0.147536 0.0219415 0.0200481 0.277563
3 0.567776 0.338558 0.0695682 0.0430578 0.276605
3 0.50296 0.279395 0.0223341 0.0474002 0.264525
0 0.307867 0.466455 0.0138184 0.046845 0.26283
3 0.510235 0.171644 0.028688 0.0238056 0.259237
3 0.616521 0.376121 0.0834599 0.0571228 0.256431
3 0.384353 0.142701 0.0185989 0.021086 0.255221
3 0.525242 0.220827 0.0376316 0.0278151 0.255118
2 0.220161 0.384152 0.0275716 0.0306444 0.25418
9 0.578792 0.217996 0.0155857 0.0199612 0.250163
