3 0.067633 0.826157 0.125072 0.0999397 0.913384
3 0.881319 0.809133 0.068467 0.112996 0.888807
3 0.826391 0.816744 0.0635794 0.114383 0.888741
3 0.485986 0.391018 0.0250573 0.0464182 0.853843
3 0.735476 0.505293 0.029665 0.0475917 0.823936
3 0.5353 0.241488 0.0149878 0.0277591 0.822719
3 0.408229 0.312291 0.0308906 0.0380533 0.808541
3 0.719892 0.346719 0.0208213 0.0324967 0.804045
4 0.724008 0.644525 0.0563731 0.0921146 0.788402
3 0.729324 0.424922 0.03594 0.0422097 0.780402
3 0.780295 0.513888 0.0381244 0.051924 0.778687
3 0.62532 0.34699 0.0183838 0.031907 0.774135
4 0.428646 0.339066 0.0249119 0.0468869 0.773959
3 0.530876 0.199523 0.014234 0.0207033 0.769071
3 0.556785 0.170717 0.0114273 0.0182344 0.726216
4 0.754054 0.596626 0.0341849 0.0718931 0.724233
3 0.686206 0.267382 0.0166345 0.0231801 0.705205
3 0.362465 0.27246 0.0368478 0.0287513 0.695681
3 0.600873 0.209914 0.0128912 0.0203019 0.68999
9 0.85834 0.566316 0.0271454 0.0313808 0.667055
3 0.403949 0.252704 0.0173348 0.0247718 0.64675
3 0.744537 0.456918 0.0349981 0.0489943 0.625587
7 0.427137 0.683558 0.0373484 0.0709212 0.611218
3 0.615645 0.15305 0.00959527 0.0162217 0.610894
3 0.830603 0.677403 0.0381982 0.0898088 0.595987
9 0.942764 0.847298 0.0230927 0.0604029 0.592623
3 0.665786 0.506318 0.0284187 0.0598729 0.589526
3 0.505166 0.179501 0.0111588 0.0192801 0.587797
3 0.759884 0.557671 0.0316139 0.0545141 0.575617
3 0.4354 0.248957 0.0375286 0.0253022 0.573125
3 0.648812 0.177999 0.0136353 0.018172 0.545425
4 0.62202 0.25324 0.0159615 0.0314534 0.53944
3 0.477863 0.178538 0.0227006 0.0195658 0.534288
0 0.325787 0.463631 0.00861168 0.0409257 0.533937
3 0.520018 0.147351 0.0119822 0.0168933 0.527276
3 0.532618 0.133032 0.0132097 0.0128969 0.524661
3 0.581505 0.134497 0.00766085 0.0173093 0.522928
3 0.698618 0.289158 0.0193752 0.0239274 0.514024
3 0.598762 0.16357 0.0100967 0.0168679 0.513084
0 0.682098 0.365406 0.00681229 0.0301624 0.512968
3 0.595892 0.113679 0.0110596 0.0141527 0.499597
9 0.829453 0.525173 0.0238178 0.024323 0.492393
0 0.691423 0.365041 0.00650864 0.0288952 0.490572
3 0.537812 0.136283 0.0138029 0.0123685 0.490279
4 0.445258 0.206446 0.0321716 0.0258373 0.489591
0 0.324295 0.467814 0.0110968 0.0409017 0.476534
3 0.622049 0.254573 0.0153917 0.0297442 0.475209
4 0.705133 0.312012 0.0241596 0.031923 0.4697
3 0.718006 0.264878 0.0265231 0.0249564 0.465205
0 0.335608 0.454549 0.0088271 0.0425249 0.457713
9 0.888649 0.638187 0.0301893 0.0315557 0.454205
3 0.608478 0.12234 0.00845175 0.0123101 0.420644
9 0.884458 0.612893 0.0287018 0.0288753 0.411124
1 0.670173 0.401257 0.00843389 0.0295275 0.402992
9 0.122975 0.719707 0.0349576 0.0415324 0.390158
3 0.565484 0.12637 0.0105457 0.0152331 0.387015
3 0.607818 0.125579 0.00747851 0.0155245 0.382902
9 0.825149 0.493774 0.0220968 0.0245404 0.380385
3 0.66665 0.237988 0.0192223 0.0239485 0.37353
3 0.662788 0.18657 0.0158108 0.0179027 0.364903
3 0.671178 0.210851 0.0237625 0.020503 0.350683
3 0.705687 0.311972 0.0252695 0.0325086 0.348151
3 0.532609 0.124652 0.0124658 0.0112586 0.343657
3 0.518448 0.113114 0.0125168 0.00976419 0.339924
3 0.645728 0.150365 0.00965289 0.0131523 0.336883
4 0.66584 0.506819 0.0282406 0.0603734 0.329662
3 0.676456 0.161926 0.0129291 0.0155501 0.314951
3 0.56084 0.135933 0.00925181 0.0160038 0.31307
9 0.82629 0.516797 0.0252392 0.0306859 0.31183
3 0.520063 0.136919 0.0114798 0.0119364 0.311312
6 0.349825 0.505541 0.0356817 0.043305 0.311153
0 0.337562 0.454828 0.012383 0.0381808 0.310272
0 0.336323 0.460748 0.00967585 0.0417123 0.309004
3 0.529308 0.116378 0.0126208 0.0107375 0.308215
4 0.830841 0.676811 0.0381752 0.0892949 0.30494
3 0.595825 0.0969078 0.0103292 0.0160455 0.300783
3 0.601787 0.146475 0.0110296 0.0184718 0.300666
0 0.669879 0.330598 0.00585336 0.0241696 0.294192
3 0.490448 0.149521 0.0214412 0.0145157 0.284855
1 0.358406 0.496607 0.0134471 0.0324141 0.280606
9 0.828157 0.520305 0.0249338 0.0326402 0.278871
3 0.495316 0.113251 0.0126671 0.00992141 0.278869
3 0.509169 0.131642 0.00969202 0.012011 0.276754
3 0.476637 0.181331 0.0218397 0.0175839 0.272898
3 0.608833 0.118862 0.00842617 0.0155976 0.272443
3 0.620928 0.0926814 0.0081354 0.0101801 0.271724
3 0.652594 0.214138 0.0113975 0.0188196 0.26871
3 0.45777 0.186517 0.0202279 0.0176186 0.261875
3 0.671643 0.214709 0.0269297 0.0233866 0.261556
3 0.670155 0.207641 0.0242842 0.0207064 0.256026
