3 0.690729 0.8161 0.0537056 0.101003 0.899037
3 0.480711 0.948101 0.0460876 0.102215 0.898617
3 0.540367 0.905195 0.0448431 0.106092 0.896781
3 0.728953 0.950174 0.063213 0.0996528 0.88719
3 0.0774056 0.954375 0.127491 0.0895379 0.884136
3 0.614543 0.460327 0.0563692 0.0396771 0.867594
3 0.503486 0.510349 0.0270682 0.0484782 0.864269
3 0.626271 0.728758 0.0393263 0.0867369 0.857943
3 0.607189 0.397926 0.0226993 0.0342811 0.853073
3 0.578985 0.428572 0.0240368 0.037404 0.852962
3 0.180992 0.650117 0.0821553 0.0658156 0.850739
3 0.663429 0.556753 0.0373033 0.0623613 0.848067
3 0.134662 0.773739 0.0968029 0.0845523 0.847405
4 0.752997 0.458611 0.0472561 0.0457893 0.844073
4 0.810846 0.962517 0.0663477 0.0730448 0.836098
3 0.236242 0.513501 0.0624724 0.0549459 0.835984
3 0.804051 0.556367 0.0305806 0.048883 0.834475
3 0.767435 0.557817 0.0310429 0.05145 0.831897
3 0.48573 0.270926 0.0159594 0.0239877 0.830953
3 0.0938995 0.890594 0.11825 0.0843508 0.826571
3 0.688253 0.458795 0.0547881 0.0373316 0.816784
3 0.383001 0.267552 0.0140717 0.025027 0.812515
3 0.810459 0.522269 0.0619986 0.042698 0.804021
3 0.488482 0.395523 0.0213278 0.0371175 0.801573
3 0.73156 0.561181 0.0280558 0.0542557 0.797683
3 0.770706 0.66842 0.0617563 0.0824413 0.793177
3 0.121252 0.833288 0.110587 0.0749963 0.792446
3 0.454786 0.35858 0.0170901 0.0337265 0.792173
3 0.699605 0.514101 0.0562499 0.0467724 0.782323
3 0.842285 0.55922 0.0380283 0.0553186 0.775598
4 0.188402 0.591263 0.041354 0.0712324 0.771782
4 0.741367 0.791877 0.057744 0.112538 0.771497
3 0.152079 0.725178 0.0911837 0.077538 0.768704
3 0.419929 0.392451 0.0382885 0.0402612 0.762509
3 0.542254 0.350439 0.0234249 0.0283264 0.753254
4 0.262604 0.472614 0.0540115 0.0544583 0.743908
3 0.314281 0.281789 0.0163273 0.0266708 0.741049
0 0.80469 0.727506 0.0107029 0.0498062 0.738894
0 0.269111 0.623193 0.0124662 0.044753 0.735791
3 0.422207 0.374549 0.0322689 0.0274069 0.721843
3 0.546353 0.328721 0.0191732 0.0301042 0.712432
3 0.488205 0.351924 0.0200228 0.033724 0.710724
3 0.389015 0.17148 0.0102691 0.0159962 0.70937
3 0.567527 0.399851 0.0230558 0.0410561 0.695478
0 0.244212 0.643407 0.0100439 0.0444945 0.691888
3 0.55974 0.370845 0.0210942 0.0356408 0.691606
1 0.229639 0.785786 0.0158326 0.048534 0.689471
1 0.57846 0.541192 0.00940024 0.033562 0.689031
0 0.779471 0.73827 0.0135699 0.0536211 0.681113
0 0.663218 0.738063 0.0123744 0.0569143 0.666932
9 0.229928 0.804623 0.0173296 0.0608375 0.662895
9 0.57376 0.747038 0.0157892 0.0466865 0.643301
9 0.886513 0.869206 0.0445236 0.0495039 0.636784
0 0.202706 0.688256 0.0129082 0.0524063 0.63227
3 0.291751 0.34902 0.0379644 0.0291204 0.629634
9 0.599251 0.899157 0.0144872 0.0570892 0.629161
3 0.267148 0.437626 0.0478477 0.0431178 0.622931
3 0.269979 0.41475 0.0456911 0.0421192 0.61214
3 0.451748 0.290537 0.0148165 0.0240302 0.600891
3 0.454584 0.329909 0.0169583 0.0308147 0.596761
3 0.451147 0.262007 0.0135551 0.0251091 0.592272
3 0.331204 0.293381 0.0189521 0.0297152 0.584472
3 0.538707 0.306216 0.0159903 0.0261375 0.575536
3 0.264772 0.44538 0.0536248 0.0426437 0.56953
3 0.473466 0.212167 0.0125416 0.0201686 0.565781
3 0.327619 0.242492 0.0160606 0.0217962 0.561525
3 0.482697 0.185433 0.0117675 0.0174587 0.549926
3 0.466863 0.159391 0.00887566 0.0160718 0.548005
0 0.697961 0.696171 0.0108236 0.0466169 0.546847
3 0.504821 0.230189 0.0128173 0.0199467 0.544005
0 0.777834 0.725541 0.0139128 0.0542249 0.533201
1 0.539364 0.40911 0.00879428 0.0271169 0.532694
3 0.409104 0.210058 0.0117492 0.0187519 0.52002
3 0.453584 0.31538 0.0156537 0.0233315 0.516176
2 0.57836 0.545992 0.00956052 0.0306831 0.51382
3 0.448095 0.228886 0.0115482 0.019571 0.498123
0 0.280381 0.318823 0.00600777 0.0270784 0.491544
0 0.678754 0.694616 0.0102204 0.0425451 0.488444
2 0.222104 0.460655 0.0119775 0.0252436 0.487006
0 0.751229 0.734396 0.0112423 0.045734 0.482103
3 0.414573 0.167592 0.0110998 0.0164212 0.47786
0 0.874092 0.810155 0.0124746 0.0549508 0.476568
3 0.415377 0.162025 0.0105211 0.0150709 0.473125
0 0.22592 0.559904 0.011025 0.0421878 0.470666
3 0.44905 0.205836 0.0109964 0.0189658 0.463089
3 0.517413 0.220055 0.0117164 0.0187815 0.462418
3 0.286059 0.373525 0.0412375 0.0274368 0.457982
3 0.450953 0.246381 0.0122588 0.0186225 0.456063
0 0.589323 0.391045 0.00606365 0.0256914 0.454309
0 0.590524 0.384489 0.00675621 0.0244169 0.453961
3 0.465339 0.137842 0.00739861 0.0108596 0.447313
3 0.414287 0.17149 0.0106064 0.0154271 0.438201
3 0.278236 0.387016 0.0424042 0.0369235 0.423748
3 0.534291 0.274616 0.0165575 0.0222007 0.420992
0 0.860479 0.779895 0.0140453 0.0509822 0.419388
3 0.535707 0.286841 0.0170944 0.0223886 0.416514
1 0.574934 0.741153 0.0132868 0.0462666 0.409161
2 0.0935895 0.737445 0.0161707 0.0495602 0.407886
3 0.275864 0.392353 0.0403 0.0318136 0.407756
0 0.774639 0.731981 0.0119284 0.0534683 0.406353
3 0.51825 0.247488 0.0152434 0.0210086 0.402057
0 0.589899 0.39311 0.00782719 0.0245024 0.401385
3 0.292251 0.34566 0.0325841 0.0272029 0.396862
3 0.48983 0.152835 0.0129126 0.0137979 0.395838
3 0.459704 0.116597 0.00741167 0.0120249 0.394473
3 0.486286 0.16186 0.010445 0.0154594 0.392696
3 0.466013 0.181691 0.0109407 0.0222418 0.387139
3 0.338452 0.267957 0.014107 0.0252751 0.386778
3 0.409448 0.204078 0.0114676 0.0218182 0.383416
3 0.507833 0.169996 0.0192005 0.0156915 0.379393
3 0.369727 0.13704 0.0109152 0.0114299 0.374083
3 0.515 0.155234 0.0203231 0.0137516 0.371017
3 0.512014 0.194239 0.0155205 0.0160397 0.369651
3 0.471674 0.112317 0.00682068 0.010994 0.361288
3 0.355346 0.178405 0.0112459 0.0177553 0.360772
3 0.529552 0.186673 0.018175 0.0168298 0.359256
3 0.409295 0.0945166 0.00671654 0.0117301 0.354641
5 0.661127 0.405439 0.0571428 0.0562971 0.353773
8 0.448103 0.185217 0.0129747 0.0215516 0.349961
3 0.740718 0.791964 0.058807 0.11153 0.348367
2 0.162214 0.55175 0.0209112 0.0302992 0.343961
3 0.340779 0.204188 0.0157175 0.0214002 0.339869
3 0.357647 0.165925 0.0116179 0.0154043 0.339278
3 0.523042 0.177278 0.0236015 0.0170616 0.337346
3 0.268952 0.429189 0.0452072 0.0340095 0.335601
3 0.360586 0.162131 0.0104312 0.0135675 0.332986
3 0.494088 0.137431 0.0106816 0.0127905 0.329737
3 0.261542 0.472803 0.0568997 0.0457176 0.326366
3 0.417596 0.137218 0.00870132 0.012477 0.317186
3 0.481128 0.126758 0.00741577 0.0132456 0.311954
3 0.413358 0.199558 0.0115719 0.0188446 0.310371
3 0.510248 0.157542 0.0253147 0.0139519 0.307483
3 0.48619 0.167518 0.0107924 0.0168357 0.306644
2 0.0797684 0.734225 0.0205765 0.0508626 0.30501
3 0.530536 0.191142 0.0163055 0.0178542 0.300354
3 0.512545 0.197881 0.0147722 0.0195161 0.297507
3 0.516468 0.213316 0.0135708 0.0191404 0.29644
8 0.448158 0.158502 0.0125443 0.0226606 0.294793
3 0.325798 0.251325 0.0169375 0.0260069 0.280727
3 0.379564 0.111768 0.00896543 0.0109227 0.279913
3 0.460328 0.128294 0.00839539 0.0119888 0.269068
0 0.210276 0.562679 0.0130146 0.0394331 0.266732
1 0.522757 0.336609 0.0080143 0.0228607 0.263028
3 0.489141 0.117866 0.00953687 0.0135233 0.262698
0 0.280471 0.322294 0.00796731 0.0256424 0.256695
2 0.636861 0.554025 0.0082531 0.0299013 0.252898
3 0.446422 0.112478 0.00824833 0.0118485 0.25183
