3 0.0788322 0.832532 0.115487 0.200231 0.933793
4 0.539873 0.900876 0.0845222 0.156645 0.921381
4 0.549866 0.759568 0.0527784 0.137838 0.901201
3 0.142318 0.605155 0.0704842 0.101508 0.895968
3 0.0458224 0.494069 0.0800286 0.0622205 0.885011
3 0.689261 0.689637 0.100672 0.0868306 0.881025
3 0.340603 0.35952 0.0419466 0.066442 0.8732
3 0.567317 0.571184 0.055092 0.0900257 0.86634
3 0.670664 0.958394 0.142844 0.0816249 0.862387
4 0.249888 0.506426 0.0573238 0.111798 0.859415
3 0.551926 0.365764 0.0308095 0.0592156 0.826598
3 0.581729 0.325519 0.027903 0.0526567 0.824611
3 0.435761 0.187599 0.0256478 0.0397972 0.821273
3 0.666063 0.484872 0.086266 0.0591013 0.813934
3 0.480962 0.178922 0.020256 0.0327555 0.811039
3 0.348099 0.201371 0.0390837 0.0415315 0.798482
3 0.494309 0.151026 0.0205849 0.0278875 0.788895
3 0.448319 0.0961185 0.0182733 0.0267445 0.788868
4 0.120121 0.378384 0.0667245 0.0649743 0.786199
4 0.288813 0.252981 0.0542044 0.0701728 0.779729
3 0.520747 0.167904 0.017277 0.0325781 0.776222
3 0.583821 0.27782 0.0237967 0.0424782 0.773114
3 0.224272 0.283123 0.0633126 0.046448 0.756503
4 0.0630126 0.43595 0.062871 0.0720729 0.755736
3 0.549945 0.178417 0.0209848 0.0349114 0.74573
4 0.660011 0.342024 0.0663137 0.0678909 0.737078
3 0.206548 0.314643 0.0653748 0.0452282 0.734159
4 0.506953 0.219211 0.0217095 0.0460123 0.730318
3 0.529496 0.141851 0.0178787 0.0320177 0.725859
4 0.385458 0.247234 0.0337708 0.0574973 0.698994
3 0.345231 0.167997 0.0374766 0.0295291 0.69157
0 0.49058 0.395401 0.00977029 0.0502573 0.689756
3 0.666785 0.450305 0.0753481 0.0573884 0.688643
3 0.565159 0.138682 0.0210979 0.0342022 0.684921
3 0.520156 0.0762283 0.0149922 0.0208827 0.681402
4 0.241818 0.120934 0.0454948 0.0441105 0.669873
3 0.557623 0.0306282 0.0185133 0.0203976 0.656241
3 0.471979 0.0156806 0.0149849 0.0209402 0.651023
4 0.649377 0.409968 0.0790203 0.069247 0.648619
3 0.650447 0.297512 0.0489611 0.0384758 0.639306
3 0.535411 0.117258 0.0165493 0.026222 0.6381
3 0.372584 0.135839 0.035877 0.0242017 0.620431
3 0.303211 0.202435 0.0474751 0.03436 0.615838
4 0.577926 0.430932 0.0309542 0.0690287 0.614302
3 0.305633 0.19612 0.0466184 0.0306704 0.611617
3 0.325021 0.142511 0.0402805 0.0316688 0.611559
3 0.305505 0.21815 0.0493653 0.0369299 0.605147
9 0.787275 0.967868 0.0463705 0.0539791 0.594603
4 0.311357 0.166605 0.0383517 0.0348616 0.588458
6 0.564233 0.509995 0.0269836 0.0488437 0.550297
3 0.228236 0.190043 0.0484437 0.0388832 0.548821
3 0.381214 0.123076 0.0343863 0.0245017 0.545959
3 0.63032 0.0320512 0.0198384 0.0196879 0.538302
4 0.485896 0.287351 0.0304384 0.0542058 0.536282
3 0.546958 0.0857856 0.0189037 0.0266729 0.53242
7 0.0942263 0.412005 0.0460923 0.0568012 0.528213
3 0.573037 0.105492 0.0169042 0.0270409 0.514184
3 0.516194 0.0989957 0.0196411 0.0262566 0.512389
3 0.667741 0.461324 0.0832144 0.0534775 0.503653
3 0.375191 0.131283 0.0379552 0.0229949 0.500781
9 0.189937 0.378739 0.0269284 0.0334834 0.480284
3 0.607298 0.0226992 0.0148779 0.0200287 0.478698
1 0.542665 0.436481 0.0118013 0.0391671 0.475287
3 0.509692 0.00730092 0.014484 0.0146018 0.463317
3 0.394333 0.094547 0.0302193 0.0235466 0.459098
4 0.600705 0.202123 0.0214733 0.045045 0.45886
4 0.658124 0.233562 0.0474205 0.041072 0.454279
3 0.41813 0.114933 0.0177607 0.0246707 0.45427
3 0.501123 0.123719 0.01934 0.0321735 0.446406
3 0.650728 0.186518 0.0451369 0.0286841 0.434349
3 0.382697 0.119235 0.0351819 0.024826 0.432556
3 0.648343 0.199905 0.0437764 0.029735 0.43069
9 0.00809544 0.402291 0.0161909 0.0310205 0.427742
3 0.502944 0.127504 0.0214321 0.0283579 0.426699
3 0.420934 0.095739 0.0224443 0.026243 0.412371
3 0.65321 0.215008 0.0445553 0.0345985 0.40531
3 0.650166 0.207169 0.0428606 0.0282554 0.397635
3 0.339632 0.175907 0.0426403 0.0390786 0.390669
4 0.606495 0.134987 0.0180978 0.0363252 0.386678
3 0.651699 0.192367 0.0401106 0.0303675 0.383831
3 0.385469 0.113582 0.0347877 0.0233462 0.38074
3 0.64876 0.221831 0.0433395 0.0379442 0.371444
4 0.67386 0.0637626 0.0275343 0.021553 0.37007
3 0.394454 0.106223 0.0305284 0.0245825 0.36854
4 0.503778 0.0550693 0.0232643 0.0267897 0.365698
9 0.853914 0.804154 0.0339469 0.0424395 0.365367
3 0.378055 0.153671 0.0319585 0.0256353 0.354827
3 0.303659 0.209122 0.0521322 0.0355764 0.348076
1 0.572754 0.669818 0.0151775 0.0486554 0.344205
3 0.266862 0.250361 0.0463669 0.0430077 0.338548
3 0.41984 0.101901 0.0237297 0.0266716 0.316795
3 0.276121 0.234397 0.0553531 0.0432882 0.312206
3 0.642548 0.226772 0.0512422 0.034631 0.310534
3 0.267876 0.230464 0.0495168 0.0410269 0.306706
3 0.393524 0.0984017 0.03018 0.0233131 0.305959
3 0.574335 0.109404 0.0176851 0.0237266 0.304735
3 0.574138 0.0934779 0.0147713 0.0257792 0.298398
9 0.232669 0.338397 0.0241398 0.0299969 0.295853
3 0.656439 0.178919 0.0446082 0.0261976 0.295391
0 0.195773 0.241256 0.00927452 0.0389403 0.28845
3 0.00563936 0.596583 0.0112318 0.0737315 0.283646
0 0.612232 0.295443 0.00815793 0.0379985 0.278906
9 0.477809 0.567282 0.0250471 0.0450312 0.278189
9 0.142949 0.289216 0.0183534 0.029626 0.271852
0 0.173897 0.350445 0.0109018 0.0463718 0.269952
3 0.386313 0.107395 0.0325099 0.0238519 0.269165
4 0.672579 0.070593 0.0277937 0.0272206 0.267889
3 0.537958 0.104394 0.0164194 0.0302047 0.262865
3 0.577576 0.43044 0.0303564 0.0672546 0.258616
3 0.671513 0.0748398 0.0258972 0.0248271 0.254566
3 0.653542 0.15053 0.0414587 0.0325247 0.253997
