3 0.602319 0.651595 0.0903038 0.0744669 0.884449
3 0.436259 0.554799 0.0400198 0.0835892 0.865971
3 0.506228 0.456218 0.0299326 0.0603748 0.859656
3 0.50393 0.571602 0.0354102 0.0783144 0.851732
3 0.398492 0.469207 0.0397084 0.0646134 0.844564
3 0.448304 0.478739 0.0330534 0.0686146 0.829669
3 0.7673 0.274344 0.0485565 0.0336963 0.820076
3 0.694561 0.492706 0.0304669 0.0587313 0.807808
3 0.608551 0.264197 0.0200632 0.0355897 0.798297
3 0.754471 0.483165 0.0329396 0.0584522 0.794523
3 0.711894 0.402264 0.0569265 0.0429037 0.790669
3 0.470048 0.251554 0.0239731 0.0402078 0.785816
3 0.484241 0.335302 0.0272831 0.0391768 0.784741
3 0.581815 0.319591 0.0238478 0.045356 0.784613
3 0.476851 0.373007 0.026087 0.0510116 0.783463
4 0.527836 0.352509 0.0263451 0.0676686 0.761476
4 0.408252 0.269027 0.0296087 0.0458052 0.7526
0 0.106153 0.770599 0.0167195 0.0570143 0.743175
3 0.61068 0.212428 0.0171446 0.0276115 0.740722
3 0.615419 0.136966 0.0154343 0.0229557 0.740578
3 0.54109 0.263288 0.0200535 0.0370928 0.740024
3 0.494284 0.0863619 0.0140739 0.0181624 0.736305
3 0.786273 0.613268 0.0791277 0.0680198 0.734966
3 0.305238 0.347954 0.0580867 0.0385427 0.726585
3 0.491805 0.296459 0.0247978 0.0473689 0.708137
3 0.519336 0.0735192 0.00958862 0.0176525 0.701117
0 0.664706 0.676436 0.0163846 0.0562427 0.694743
3 0.469249 0.145581 0.0206627 0.0280717 0.686453
3 0.440127 0.221153 0.022269 0.0330484 0.685985
3 0.66726 0.335502 0.0329058 0.0408438 0.682782
0 0.869037 0.79061 0.0152293 0.0668486 0.680874
3 0.566825 0.0377608 0.00938909 0.0137759 0.671162
3 0.448261 0.197851 0.0213678 0.0337494 0.669556
3 0.698521 0.35768 0.0565728 0.0380066 0.661448
3 0.545361 0.188074 0.015902 0.0254739 0.653285
9 0.238171 0.512063 0.0256452 0.0358887 0.650365
3 0.727496 0.316629 0.0536709 0.0377747 0.640521
3 0.711712 0.437089 0.0304394 0.0502124 0.639264
4 0.367246 0.543027 0.0506616 0.101416 0.636517
3 0.54382 0.242613 0.0186771 0.0322069 0.625919
3 0.6915 0.306051 0.0494165 0.0331672 0.6231
3 0.580298 0.0933135 0.011274 0.0168231 0.620179
3 0.51789 0.124242 0.013805 0.0212352 0.61585
3 0.589126 0.174118 0.0185441 0.0261962 0.613929
0 0.749193 0.636834 0.015509 0.054285 0.613692
3 0.596034 0.150045 0.0188619 0.022135 0.608647
3 0.596758 0.0644733 0.0109279 0.0154996 0.605665
0 0.992748 0.969515 0.0145046 0.0597703 0.59523
3 0.577275 0.133529 0.0160178 0.021841 0.593384
0 0.751711 0.635723 0.01129 0.0540464 0.590727
3 0.456887 0.172091 0.0174856 0.0280293 0.590681
3 0.547218 0.0439166 0.00990547 0.0162632 0.59031
3 0.518683 0.151046 0.0158508 0.026039 0.586501
9 0.137097 0.556553 0.0250283 0.0395813 0.583731
3 0.506029 0.247254 0.0194641 0.0336411 0.577164
3 0.706712 0.381594 0.0531636 0.037125 0.568796
3 0.51027 0.218464 0.0167102 0.0330898 0.566764
3 0.499965 0.252245 0.019512 0.028658 0.56224
3 0.378901 0.249139 0.0404629 0.0303907 0.56078
3 0.367295 0.5439 0.0504302 0.10006 0.558773
3 0.689031 0.271267 0.0379433 0.0291949 0.552813
3 0.54526 0.211433 0.0170504 0.0341426 0.55253
0 0.769841 0.396901 0.00887891 0.0451815 0.551163
4 0.740989 0.337092 0.0535414 0.0434871 0.549495
3 0.351859 0.290332 0.0427168 0.0336435 0.544891
4 0.653555 0.218417 0.027761 0.0420564 0.536887
0 0.823935 0.654036 0.0123357 0.0558327 0.531144
3 0.522448 0.027622 0.0118931 0.0155733 0.525189
9 0.220637 0.64241 0.0250245 0.0395721 0.519221
5 0.450356 0.305722 0.0320085 0.0840727 0.51867
3 0.595636 0.125713 0.0146756 0.0183701 0.510793
4 0.710884 0.29449 0.0469731 0.0366144 0.506105
3 0.533858 0.120351 0.0131905 0.0203793 0.500535
4 0.372423 0.230228 0.0375829 0.032702 0.497853
3 0.497247 0.262575 0.0172997 0.0430627 0.487092
3 0.596837 0.0480571 0.0110295 0.0149444 0.486801
4 0.461059 0.414841 0.0334614 0.0744878 0.486764
3 0.519696 0.176212 0.0145331 0.0236963 0.486424
3 0.611614 0.0482578 0.0107702 0.0140686 0.485461
3 0.458151 0.168599 0.0175919 0.0306903 0.482036
3 0.538355 0.0899874 0.0109958 0.0197306 0.480263
0 0.827033 0.654842 0.0117975 0.0557239 0.471208
9 0.0243056 0.824182 0.0289774 0.0502217 0.469443
0 0.827218 0.443147 0.0103779 0.0426107 0.467947
3 0.680911 0.225012 0.0359943 0.0256697 0.464257
3 0.510738 0.213174 0.0169811 0.0276413 0.456586
3 0.481681 0.111792 0.014658 0.0239638 0.45567
0 0.990851 0.769238 0.0167308 0.0617326 0.448207
9 0.161476 0.545401 0.0189951 0.0352995 0.446972
0 0.157086 0.686728 0.0116011 0.0548845 0.446968
0 0.291469 0.445399 0.00878814 0.0436578 0.444935
0 0.841341 0.56377 0.0123138 0.0463521 0.443928
3 0.637646 0.193211 0.0274382 0.0307145 0.436016
0 0.763001 0.640729 0.0118491 0.0589505 0.435672
3 0.685555 0.262662 0.0402317 0.0269758 0.432533
3 0.675857 0.260537 0.0434272 0.0281365 0.430794
3 0.6133 0.0484863 0.0109148 0.0125129 0.425062
3 0.508599 0.0529732 0.00992907 0.0172252 0.422744
3 0.381564 0.210488 0.03237 0.0254347 0.417237
0 0.276764 0.442709 0.00947943 0.0382039 0.416901
3 0.46012 0.162742 0.0159874 0.0262354 0.41518
3 0.532646 0.112428 0.0135095 0.0199003 0.41109
3 0.702732 0.376925 0.0559367 0.0297277 0.411012
3 0.6818 0.2544 0.0433234 0.0252224 0.406878
9 0.119033 0.734242 0.0434053 0.0463457 0.406556
3 0.621832 0.0856688 0.0105116 0.0163313 0.405262
3 0.712021 0.295977 0.0436607 0.0354833 0.404914
3 0.537683 0.0865117 0.0104393 0.0199718 0.404798
3 0.742053 0.337063 0.0514837 0.0433439 0.403854
9 0.373459 0.394591 0.0129501 0.0279807 0.403428
6 0.635986 0.378662 0.0205806 0.0381605 0.400994
3 0.69336 0.275162 0.0410442 0.0297606 0.398437
3 0.518076 0.0922493 0.0106205 0.0204059 0.391929
0 0.776901 0.403525 0.00883807 0.0458727 0.388012
9 0.216525 0.537626 0.0173169 0.0381546 0.381367
9 0.285065 0.511746 0.0164081 0.0358289 0.380203
0 0.767131 0.635892 0.0129805 0.0526265 0.376659
9 0.236037 0.505481 0.0284176 0.0413822 0.376406
3 0.680616 0.216837 0.033054 0.022732 0.374281
9 0.327787 0.508792 0.0191012 0.0361177 0.374232
3 0.537623 0.104179 0.0140143 0.0179849 0.374035
1 0.372833 0.387382 0.0104218 0.0338993 0.371978
3 0.675309 0.207597 0.0336674 0.0228974 0.370365
3 0.579248 0.111086 0.012245 0.0207978 0.367545
2 0.0562873 0.760091 0.0254753 0.052648 0.362196
3 0.439418 0.133716 0.0241823 0.0197229 0.361343
0 0.301859 0.451737 0.00914803 0.0402874 0.360346
4 0.430165 0.161063 0.0296503 0.0265719 0.360171
3 0.653916 0.13786 0.0245048 0.0209818 0.359407
9 0.208929 0.580786 0.0248518 0.0339374 0.359322
4 0.363892 0.270264 0.0401684 0.0345436 0.357792
0 0.820651 0.652107 0.0109499 0.0566545 0.353312
0 0.773512 0.402832 0.0101146 0.046682 0.350632
3 0.680168 0.248427 0.0438473 0.0283128 0.344398
3 0.647067 0.119627 0.0239877 0.0200428 0.344261
0 0.981675 0.822137 0.0159376 0.0562605 0.337366
9 0.42247 0.392233 0.0228323 0.0274767 0.334905
9 0.185854 0.558129 0.0270168 0.0360243 0.326827
3 0.525754 0.0265084 0.0112048 0.01632 0.317205
0 0.843894 0.49262 0.00994945 0.0368371 0.316157
0 0.163946 0.686776 0.0241808 0.055837 0.312498
1 0.225026 0.632174 0.0136537 0.0382039 0.31173
3 0.641979 0.0908098 0.0138635 0.0196611 0.311115
3 0.659958 0.162665 0.0216704 0.0217554 0.307556
9 0.191988 0.554664 0.0266373 0.0372245 0.304956
9 0.0808316 0.711074 0.0319834 0.0418003 0.300522
9 0.382162 0.33278 0.018183 0.0294508 0.297021
3 0.435582 0.13632 0.0259574 0.0190132 0.296554
0 0.975666 0.796858 0.0189762 0.0608154 0.296186
0 0.360017 0.327826 0.00780191 0.0333991 0.29293
9 0.336432 0.439281 0.0184391 0.0256839 0.291856
3 0.53713 0.0931588 0.012837 0.021054 0.291432
9 0.199346 0.612219 0.0235011 0.028823 0.290527
3 0.632526 0.0750264 0.0088207 0.0194422 0.289987
3 0.497974 0.0784619 0.0109428 0.0237027 0.289192
3 0.642558 0.19163 0.0225016 0.0336367 0.287239
9 0.30938 0.426857 0.0253347 0.0277374 0.284836
0 0.578478 0.191576 0.00597543 0.022474 0.283854
3 0.703411 0.288792 0.0502428 0.0330702 0.281147
3 0.359462 0.252036 0.041294 0.0287045 0.28101
0 0.263936 0.486816 0.00881152 0.0333915 0.267994
3 0.698944 0.309506 0.0623658 0.0343342 0.267264
0 0.877905 0.673207 0.0108661 0.0512192 0.265497
3 0.672032 0.0920215 0.0178719 0.0158198 0.261695
9 0.277762 0.461401 0.0232698 0.0315508 0.257279
0 0.367326 0.326687 0.00928706 0.0347124 0.256392
3 0.678253 0.185087 0.0323826 0.0209926 0.255977
0 0.0964493 0.696946 0.0158626 0.0496054 0.254234
2 0.035647 0.78622 0.022542 0.0593769 0.253223
3 0.654217 0.0720698 0.0224981 0.013562 0.250215
