3 0.420965 0.633513 0.113463 0.235789 0.927495
3 0.497631 0.759249 0.112789 0.261441 0.926004
3 0.757393 0.108041 0.0734733 0.0849399 0.868074
3 0.705909 0.0504123 0.0723444 0.0696258 0.860878
3 0.837619 0.171124 0.0467651 0.0978123 0.829195
6 0.694881 0.396668 0.0953021 0.0874469 0.822417
3 0.830993 0.113416 0.0456009 0.0790849 0.806196
0 0.0866858 0.720802 0.0372322 0.116363 0.788344
9 0.497954 0.474653 0.0480394 0.0775898 0.761309
0 0.220024 0.787632 0.0402628 0.115865 0.75853
3 0.879294 0.246776 0.0533807 0.10799 0.756505
0 0.239177 0.284213 0.0194019 0.0808785 0.749384
9 0.0910578 0.898782 0.0575534 0.145752 0.729715
0 0.248259 0.375102 0.0176194 0.0832978 0.7161
9 0.537573 0.35242 0.0435823 0.055987 0.708308
3 0.644427 0.028262 0.0744074 0.05511 0.692751
0 0.263584 0.181924 0.0139827 0.0770861 0.682581
9 0.569534 0.505151 0.0172424 0.0712656 0.659606
3 0.832919 0.804568 0.160867 0.230907 0.65477
0 0.441646 0.0909462 0.0117169 0.0597669 0.63828
0 0.224063 0.712584 0.0430452 0.0799457 0.617346
9 0.403447 0.466351 0.0619555 0.0730617 0.601599
9 0.536618 0.589473 0.0398287 0.103688 0.600826
0 0.418256 0.0862563 0.0115544 0.0580591 0.590614
9 0.60718 0.323925 0.0408152 0.0517072 0.576157
0 0.589753 0.0794002 0.0122393 0.0512818 0.574902
0 0.616674 0.0848447 0.0127035 0.0482342 0.547425
9 0.557802 0.654081 0.0348802 0.0777021 0.535293
9 0.176818 0.867117 0.0772531 0.0861462 0.530716
9 0.174153 0.848457 0.0819098 0.122741 0.528019
9 0.534708 0.450103 0.0490928 0.0533323 0.5137
0 0.429151 0.0975467 0.0108843 0.0523116 0.496163
0 0.351719 0.415727 0.0180593 0.065397 0.457181
0 0.59604 0.0257362 0.0113941 0.0489809 0.454502
0 0.428642 0.0864533 0.0110637 0.0567286 0.450804
9 0.268983 0.113231 0.0230867 0.0401808 0.425141
9 0.163277 0.809475 0.0646858 0.0825673 0.419016
9 0.33169 0.310217 0.0461842 0.0456301 0.415532
9 0.538167 0.394733 0.0410295 0.0472012 0.400491
6 0.764632 0.0523928 0.0281566 0.0432051 0.399358
9 0.394894 0.415704 0.039334 0.0485018 0.389698
9 0.81758 0.249011 0.0263225 0.0623191 0.379071
0 0.275366 0.165072 0.0122131 0.0606741 0.377709
6 0.710344 0.339727 0.0699257 0.0632395 0.3762
9 0.662215 0.102065 0.0260938 0.0394769 0.368546
9 0.170391 0.82189 0.0751874 0.0852495 0.363609
9 0.399535 0.400482 0.0373558 0.0494095 0.362574
9 0.538805 0.436799 0.0459666 0.0529314 0.360534
0 0.569491 0.029345 0.0127464 0.0533559 0.360394
9 0.60319 0.295345 0.0328743 0.0421878 0.347138
9 0.315159 0.339688 0.0507018 0.0485977 0.343979
9 0.540627 0.428453 0.0436407 0.0472349 0.339092
9 0.665446 0.493781 0.072924 0.100957 0.33147
9 0.321036 0.0540376 0.0142756 0.0386475 0.326032
0 0.558847 0.0226202 0.0102419 0.0423215 0.318027
9 0.312918 0.373703 0.0539546 0.0554462 0.316216
0 0.540721 0.508528 0.0160486 0.0612238 0.316084
9 0.764838 0.0495427 0.0271397 0.0429357 0.313645
9 0.47055 0.426148 0.032699 0.0563483 0.308526
9 0.372774 0.0471954 0.0203207 0.0417368 0.304205
2 0.451284 0.449573 0.0345312 0.0546177 0.290977
9 0.309105 0.0576029 0.0186916 0.0356693 0.288805
2 0.594437 0.445704 0.0311414 0.0591447 0.288129
9 0.467198 0.382921 0.0380011 0.0522362 0.286653
9 0.40214 0.348106 0.0400042 0.0394528 0.28462
0 0.56161 0.0270913 0.0113456 0.0519157 0.282592
9 0.524349 0.277229 0.0364786 0.0418415 0.281217
9 0.334418 0.277739 0.0400255 0.0439428 0.277336
9 0.650424 0.501854 0.0763411 0.0873686 0.27625
9 0.616362 0.470407 0.0410549 0.0685671 0.276119
0 0.338675 0.0939779 0.011989 0.0455925 0.273255
0 0.602318 0.0787688 0.0119753 0.0410119 0.256919
9 0.607992 0.383553 0.0473929 0.0573124 0.251215
