3 0.800608 0.82821 0.0800739 0.215354 0.931941
5 0.161155 0.530107 0.113696 0.19704 0.923532
3 0.366652 0.627961 0.0918033 0.136485 0.922661
4 0.385304 0.502916 0.093134 0.11757 0.916379
4 0.35761 0.85158 0.0811365 0.195209 0.904563
3 0.383566 0.187649 0.0399308 0.0657175 0.899778
3 0.387658 0.380285 0.0543772 0.124604 0.887158
3 0.410059 0.282959 0.0439405 0.0922912 0.883177
3 0.327019 0.176169 0.0365132 0.0609479 0.874104
4 0.264329 0.313809 0.0496046 0.0881108 0.851272
3 0.379993 0.0249305 0.0271689 0.0434357 0.838534
9 0.927013 0.680558 0.0253067 0.0735959 0.796353
9 0.889645 0.668707 0.0231812 0.0681835 0.77178
0 0.267652 0.358754 0.014685 0.0534955 0.709654
0 0.190754 0.37797 0.0102536 0.0358913 0.592718
6 0.027849 0.797037 0.0556979 0.179766 0.577076
9 0.320221 0.109026 0.0256606 0.0311009 0.507727
2 0.862182 0.660308 0.0270451 0.0727395 0.49123
9 0.251404 0.199507 0.0127561 0.0358259 0.488905
9 0.510663 0.618895 0.0198555 0.0655092 0.412112
2 0.130364 0.383367 0.0167199 0.0568329 0.310944
9 0.862152 0.661612 0.0264332 0.0690158 0.250116
