3 0.580245 0.91534 0.0666864 0.165963 0.913866
3 0.418442 0.869217 0.0576604 0.166185 0.911693
3 0.417987 0.705036 0.0492725 0.131671 0.903573
3 0.550414 0.724023 0.0532088 0.131645 0.896727
3 0.415351 0.570373 0.0414366 0.0970996 0.885574
3 0.530941 0.545044 0.0412644 0.0896762 0.87738
3 0.424825 0.47666 0.0370597 0.0827284 0.870682
3 0.508304 0.376767 0.033149 0.0634296 0.832163
5 0.708928 0.40434 0.0965554 0.176637 0.824708
3 0.417486 0.384403 0.0344295 0.0742513 0.800734
3 0.3594 0.0154467 0.0303636 0.0229266 0.795119
5 0.618186 0.404348 0.0751948 0.16973 0.789184
3 0.576513 0.0350807 0.0286686 0.0198855 0.623199
3 0.270519 0.00645117 0.0169363 0.0129023 0.613105
5 0.214583 0.0772285 0.0451695 0.046786 0.609429
4 0.478757 0.428072 0.0367109 0.0810909 0.589591
5 0.77211 0.357628 0.107128 0.0854719 0.524329
8 0.193314 0.0337577 0.0369085 0.0605428 0.514603
5 0.193293 0.0341711 0.0367545 0.059329 0.487347
4 0.165168 0.373669 0.0504951 0.0880699 0.468074
0 0.535012 0.0302118 0.00576455 0.0199531 0.37741
3 0.584437 0.021291 0.0307087 0.0209356 0.345573
4 0.474855 0.365652 0.031571 0.0703443 0.28784
3 0.57905 0.0286042 0.0302616 0.0249041 0.276966
