3 0.460668 0.304463 0.0296333 0.07496 0.882691
3 0.567942 0.42276 0.0757711 0.0655001 0.874427
0 0.434382 0.779308 0.0119387 0.0574564 0.825836
0 0.421824 0.797243 0.0119756 0.0560296 0.795938
0 0.515019 0.63369 0.0131159 0.052466 0.781874
0 0.546195 0.562582 0.0117399 0.0456277 0.765484
0 0.535803 0.799896 0.0109152 0.0504501 0.760491
3 0.500532 0.0220056 0.0316505 0.0256859 0.69372
3 0.535848 0.186978 0.056616 0.0557835 0.681437
0 0.443418 0.15483 0.00712864 0.0349231 0.672749
0 0.482184 0.0607687 0.00600034 0.028558 0.636732
0 0.455662 0.0230048 0.00646703 0.0267272 0.605257
0 0.437822 0.036482 0.00638298 0.0289879 0.588726
0 0.470668 0.034346 0.00616204 0.0295205 0.58863
9 0.612742 0.882251 0.0580276 0.0547268 0.531617
0 0.49284 0.314478 0.0092738 0.0421102 0.51825
6 0.644599 0.715174 0.0647826 0.0707147 0.493398
0 0.499369 0.629288 0.0126379 0.0500043 0.491819
0 0.435863 0.377769 0.0103415 0.0395094 0.475916
0 0.503903 0.324479 0.00923718 0.0434131 0.456046
0 0.43075 0.151286 0.00943128 0.031074 0.448266
9 0.432365 0.632264 0.0182624 0.0493958 0.442898
3 0.525612 0.0425658 0.0280264 0.0256804 0.44106
0 0.366081 0.852335 0.012996 0.0548187 0.43668
0 0.514099 0.554723 0.0123251 0.0479274 0.435168
0 0.494513 0.317653 0.00811512 0.0422724 0.419962
1 0.456985 0.792934 0.013183 0.0380137 0.386464
9 0.457083 0.808118 0.0144927 0.0659668 0.385666
2 0.272868 0.815186 0.0457921 0.0583288 0.335283
0 0.513886 0.332361 0.0113989 0.0419203 0.334759
0 0.420375 0.129345 0.00741348 0.0298715 0.32473
0 0.512111 0.330823 0.00991745 0.0445932 0.306215
0 0.494576 0.137736 0.00861641 0.0299061 0.298954
1 0.334736 0.378265 0.0158585 0.0408163 0.292873
0 0.414151 0.500909 0.0112715 0.0477612 0.285367
2 0.65916 0.811481 0.0401945 0.0482917 0.256633
