3 0.419517 0.877493 0.0716085 0.167952 0.931207
3 0.623545 0.889824 0.0576465 0.148059 0.914185
3 0.354415 0.580563 0.0741693 0.067863 0.899446
3 0.836893 0.702887 0.0502263 0.0986367 0.890756
3 0.536863 0.451605 0.0334203 0.0629598 0.870894
3 0.274192 0.460235 0.0476181 0.0660431 0.863388
3 0.626746 0.528676 0.0354157 0.0662275 0.859915
3 0.42784 0.570394 0.0429308 0.0813003 0.858369
3 0.215649 0.533364 0.0678799 0.0785309 0.854109
3 0.509635 0.375113 0.0287393 0.0504451 0.849732
3 0.800572 0.525699 0.0372182 0.0768198 0.848578
3 0.672568 0.570408 0.0336598 0.0761855 0.840874
3 0.929283 0.507545 0.05075 0.0780387 0.831315
3 0.786437 0.415037 0.0339485 0.0509454 0.83075
3 0.233967 0.827394 0.114857 0.10649 0.823929
3 0.641631 0.209005 0.0175225 0.0278895 0.821837
3 0.616162 0.295001 0.0250172 0.0386603 0.818352
3 0.334669 0.537329 0.0763243 0.0590457 0.813393
3 0.169423 0.586448 0.0771238 0.0658166 0.812797
3 0.344584 0.369353 0.0365818 0.0479461 0.812193
3 0.417526 0.451804 0.0674642 0.0546104 0.811434
3 0.544715 0.2617 0.0287521 0.0363742 0.802541
3 0.444207 0.423828 0.0578268 0.0425256 0.794416
3 0.798129 0.195698 0.0373103 0.028205 0.787639
3 0.674127 0.291479 0.0274791 0.0339055 0.782642
3 0.680997 0.203363 0.0262383 0.0292309 0.781874
3 0.516464 0.332399 0.0383091 0.042098 0.781483
4 0.65422 0.743443 0.0772027 0.106501 0.775003
3 0.630372 0.247714 0.0182596 0.0306152 0.76954
3 0.813287 0.596459 0.0426495 0.0975705 0.756256
3 0.365711 0.32647 0.0374843 0.0503179 0.749919
3 0.770927 0.360485 0.0247169 0.0533673 0.726906
3 0.667983 0.32863 0.0245973 0.0387242 0.719798
0 0.399949 0.706548 0.0139324 0.0582123 0.713376
3 0.400113 0.508899 0.0773202 0.0521956 0.711886
3 0.157731 0.710727 0.0953993 0.109493 0.699482
0 0.376343 0.703717 0.0153207 0.0608394 0.694408
3 0.395414 0.475267 0.0661307 0.0465107 0.692011
3 0.765501 0.323788 0.025846 0.0487079 0.680946
3 0.600657 0.119158 0.0125631 0.0232338 0.677069
3 0.753296 0.232281 0.0183258 0.0307809 0.676776
3 0.498981 0.164663 0.0242689 0.0240929 0.676211
3 0.586182 0.154007 0.0170148 0.0262135 0.653445
3 0.611144 0.0899131 0.0134573 0.0199611 0.645676
3 0.554052 0.235144 0.0165767 0.0360447 0.634674
3 0.790394 0.170363 0.019754 0.0236391 0.623397
3 0.751473 0.210812 0.0217832 0.0332431 0.599008
9 0.831783 0.251131 0.0200878 0.0199824 0.595632
3 0.75861 0.108682 0.026079 0.0237417 0.59072
3 0.512681 0.248757 0.0410529 0.0352922 0.589933
3 0.733819 0.144092 0.0184038 0.0253209 0.58794
3 0.733462 0.452326 0.0676325 0.0493813 0.586307
3 0.440624 0.400725 0.056535 0.0378911 0.577342
0 0.566387 0.978885 0.0164852 0.040896 0.574772
3 0.64852 0.0727233 0.0116863 0.0169648 0.554025
3 0.734445 0.423332 0.0662464 0.0464557 0.541848
3 0.691302 0.0506654 0.0139366 0.0192114 0.522707
3 0.741559 0.0651871 0.0245978 0.0182916 0.516013
3 0.665808 0.0506946 0.0104033 0.0150996 0.501847
3 0.64842 0.66469 0.0383467 0.0708465 0.500993
3 0.719078 0.118171 0.0155897 0.0220588 0.483303
3 0.752974 0.0883378 0.0266472 0.0215792 0.482865
3 0.554521 0.230832 0.0190588 0.0322693 0.468272
3 0.686058 0.260307 0.0216361 0.0342479 0.464232
3 0.734589 0.483545 0.0647568 0.0495841 0.457192
3 0.76031 0.0832733 0.0273122 0.0188267 0.456508
3 0.731246 0.495671 0.0715695 0.0577253 0.454174
3 0.660317 0.0253411 0.00846015 0.0129306 0.453986
3 0.173792 0.904992 0.107285 0.114028 0.451101
9 0.431149 0.243042 0.0173361 0.0234267 0.445557
5 0.75031 0.157931 0.0189464 0.0440376 0.427003
3 0.584301 0.14061 0.0199584 0.0226835 0.416942
3 0.670132 0.350756 0.0266234 0.0449015 0.415235
3 0.701248 0.107593 0.0126505 0.020969 0.407236
3 0.480357 0.367704 0.023384 0.0468619 0.406502
0 0.582626 0.205477 0.00626867 0.0266654 0.404736
3 0.529629 0.124578 0.0276026 0.0192203 0.402998
3 0.568966 0.220567 0.0162911 0.0284724 0.387065
9 0.665864 0.430466 0.0117727 0.0342525 0.382299
3 0.688253 0.235998 0.0176924 0.0321509 0.36342
9 0.642598 0.311107 0.0111653 0.0276739 0.361826
3 0.502711 0.265354 0.036454 0.0330532 0.361396
0 0.582808 0.981466 0.0165493 0.0350033 0.356829
3 0.754192 0.520587 0.0386062 0.0683604 0.35437
3 0.167122 0.744984 0.0882276 0.107935 0.350691
3 0.534273 0.112884 0.0265542 0.0193918 0.336656
3 0.753808 0.226513 0.0193197 0.0341881 0.331001
3 0.716755 0.0515755 0.0155509 0.0165095 0.329391
1 0.665891 0.426144 0.0104947 0.0321332 0.327617
3 0.560593 0.203801 0.020673 0.0299557 0.323843
3 0.791383 0.163601 0.0178862 0.0207665 0.305338
3 0.633106 0.0546608 0.0153812 0.0206263 0.300988
9 0.890406 0.393175 0.0204659 0.028315 0.286169
3 0.406617 0.320703 0.022274 0.041911 0.285208
3 0.562311 0.216484 0.0247954 0.0328521 0.281493
3 0.508103 0.256357 0.0398743 0.0344454 0.279639
9 0.460972 0.197932 0.0113504 0.0223647 0.27741
0 0.583923 0.206301 0.00727216 0.0286625 0.277033
9 0.585144 0.237005 0.00782049 0.0250265 0.274477
3 0.55741 0.0748744 0.0153266 0.019936 0.273044
3 0.537213 0.106127 0.0293282 0.0194628 0.269406
1 0.643081 0.30213 0.0094924 0.0282674 0.253299
0 0.786365 0.127162 0.00567349 0.0203893 0.250022
