3 0.357095 0.569051 0.125559 0.148249 0.88677
3 0.280626 0.48756 0.15313 0.113129 0.85379
3 0.329874 0.421787 0.127071 0.0944821 0.850127
3 0.560112 0.234845 0.0317436 0.0519616 0.848817
3 0.414559 0.385015 0.0533841 0.0882818 0.841052
5 0.183827 0.641162 0.297207 0.236238 0.832765
0 0.458888 0.521633 0.0215265 0.0932634 0.818186
3 0.584052 0.370521 0.0523702 0.0867017 0.798197
3 0.426296 0.278661 0.0702729 0.0581641 0.796082
0 0.60172 0.492936 0.0232445 0.0960151 0.784309
4 0.128272 0.345627 0.0634533 0.111177 0.772732
3 0.4397 0.255333 0.0586796 0.0527754 0.723888
0 0.565633 0.391153 0.0171341 0.0860365 0.70908
1 0.514263 0.421155 0.0221654 0.0742143 0.683133
9 0.66874 0.755649 0.0602097 0.0722178 0.636325
3 0.549159 0.087588 0.0113812 0.0211426 0.633927
9 0.655766 0.668513 0.0452412 0.0804234 0.593744
9 0.514991 0.438821 0.0240873 0.0731715 0.576517
4 0.433317 0.203481 0.0617004 0.0658329 0.560706
0 0.724831 0.931343 0.0365886 0.132556 0.528258
9 0.660323 0.715313 0.0526916 0.0653943 0.519397
0 0.784796 0.963534 0.0269135 0.0723508 0.504919
9 0.674309 0.782928 0.0454725 0.063248 0.488357
3 0.491468 0.0973529 0.0301349 0.0209552 0.485981
9 0.663742 0.72713 0.057095 0.0758847 0.474268
9 0.669889 0.773005 0.0541923 0.059593 0.472777
4 0.436411 0.222651 0.058837 0.0548098 0.427516
9 0.675938 0.793843 0.0443692 0.0878235 0.388296
9 0.604992 0.414307 0.0253947 0.0572533 0.387832
0 0.690248 0.966502 0.0335643 0.0626611 0.36977
0 0.866318 0.950392 0.0387905 0.095654 0.366321
7 0.476558 0.147749 0.0209841 0.0378539 0.356128
0 0.371302 0.369621 0.0143922 0.0610555 0.348104
0 0.778856 0.961004 0.0388467 0.0776496 0.34707
2 0.623341 0.477105 0.0206778 0.0657606 0.346357
3 0.489098 0.101418 0.0314038 0.0215853 0.323498
1 0.724646 0.924756 0.0347033 0.118602 0.308482
3 0.532873 0.0619424 0.00975207 0.0151574 0.305617
0 0.30123 0.360956 0.0119833 0.0484512 0.297566
3 0.480512 0.12567 0.0289137 0.0267636 0.296002
9 0.65723 0.703502 0.0463809 0.0578267 0.292891
3 0.544961 0.0689621 0.00993482 0.015929 0.286689
3 0.484704 0.115932 0.0277943 0.0250521 0.281194
1 0.546144 0.151533 0.00692996 0.0267802 0.269945
3 0.495379 0.0943831 0.026777 0.0192225 0.264439
9 0.481845 0.352845 0.0256407 0.038992 0.256352
9 0.622519 0.477393 0.0219582 0.0639063 0.251828
