3 0.508934 0.804124 0.0190591 0.0483219 0.850038
3 0.52253 0.729456 0.0176706 0.0457021 0.84586
3 0.411112 0.650417 0.0160245 0.0414831 0.844973
3 0.43551 0.780933 0.0148876 0.0449802 0.844187
3 0.542621 0.461589 0.014377 0.0316679 0.840695
3 0.502953 0.417588 0.0163075 0.0328959 0.840536
3 0.471627 0.754093 0.0166675 0.0405529 0.836722
3 0.445737 0.450018 0.0145174 0.036069 0.835628
3 0.656704 0.618138 0.0174866 0.0419786 0.833758
3 0.539915 0.715034 0.0173113 0.0411204 0.82999
3 0.645569 0.573045 0.0170935 0.0368997 0.827857
3 0.458279 0.769747 0.0189401 0.0443197 0.826276
3 0.715895 0.525518 0.0175906 0.0362593 0.825558
3 0.382348 0.439188 0.0159165 0.0358861 0.823383
3 0.642179 0.636969 0.0170419 0.0365204 0.822641
3 0.62706 0.649359 0.0186229 0.0388787 0.822609
3 0.506062 0.669886 0.0164055 0.0441277 0.821976
3 0.459735 0.445335 0.0147666 0.0361118 0.821256
3 0.527605 0.398859 0.0156313 0.0324326 0.818505
3 0.565469 0.370626 0.01714 0.0331545 0.81547
3 0.378634 0.502828 0.0148833 0.0382537 0.81349
3 0.71047 0.446877 0.0167646 0.0345404 0.812211
3 0.55972 0.546065 0.0178769 0.0388994 0.812021
3 0.680117 0.687495 0.0175475 0.042722 0.809936
3 0.501402 0.723525 0.0151317 0.0353192 0.80143
3 0.50846 0.487445 0.014068 0.0382338 0.798427
3 0.417667 0.475119 0.0143202 0.0360029 0.797637
3 0.0403075 0.759665 0.0202655 0.0427158 0.795985
3 0.660488 0.566181 0.0152841 0.038986 0.79387
3 0.681575 0.453142 0.0180201 0.0308038 0.793712
3 0.143203 0.725526 0.0147498 0.0442805 0.791233
3 0.394694 0.563706 0.0153096 0.039301 0.790819
3 0.492346 0.502417 0.0144796 0.0328549 0.788889
3 0.422151 0.559819 0.0163572 0.0382668 0.788218
3 0.573463 0.447047 0.0163685 0.0359293 0.783801
3 0.701396 0.668144 0.0192497 0.0438354 0.783547
3 0.477955 0.823169 0.018451 0.0486623 0.783431
3 0.751298 0.553139 0.0168827 0.0335002 0.78265
3 0.556109 0.709742 0.0159808 0.0428012 0.78123
3 0.525146 0.658743 0.0188316 0.0423521 0.779947
3 0.543054 0.394014 0.0143887 0.0374274 0.77525
3 0.685127 0.603554 0.0179724 0.0361013 0.774598
3 0.0655004 0.614809 0.0256875 0.0224031 0.773821
3 0.76901 0.61757 0.0201602 0.0431715 0.773516
3 0.425758 0.729409 0.0144543 0.0457967 0.773102
3 0.914459 0.922992 0.0247032 0.0495789 0.768422
3 0.0788906 0.102445 0.0111834 0.0305225 0.764261
8 0.807485 0.636894 0.0688588 0.146416 0.764123
3 0.0426194 0.687759 0.0167994 0.0447978 0.763538
3 0.605717 0.342299 0.0149731 0.0306415 0.76138
3 0.464211 0.844481 0.0175669 0.046382 0.761372
3 0.660178 0.377026 0.016131 0.0337146 0.760955
3 0.430461 0.395269 0.0141405 0.030977 0.759795
3 0.158129 0.842796 0.0139426 0.0431542 0.758137
3 0.548626 0.563649 0.0166594 0.0397759 0.75606
3 0.607697 0.509232 0.017038 0.0401001 0.755898
3 0.701932 0.591845 0.0151361 0.0340412 0.744172
3 0.590027 0.432834 0.0159967 0.0365168 0.74301
3 0.610479 0.658184 0.0185295 0.0436946 0.73851
3 0.684621 0.540714 0.018421 0.0390377 0.73031
3 0.765327 0.5286 0.0184323 0.0367789 0.726735
3 0.848706 0.762805 0.0256466 0.0337596 0.724208
3 0.479691 0.512844 0.0143105 0.040027 0.721901
3 0.12798 0.572091 0.0118316 0.0368033 0.719611
3 0.581182 0.364405 0.0147135 0.0329018 0.71807
3 0.0905415 0.188546 0.0129871 0.0322887 0.715788
3 0.624877 0.335582 0.0136243 0.0277288 0.714983
3 0.524227 0.33781 0.0130104 0.0320712 0.713328
3 0.467661 0.612442 0.0171955 0.0423971 0.710311
3 0.0804501 0.0347659 0.0110126 0.0265139 0.709368
3 0.439347 0.628718 0.0171158 0.0376361 0.707476
3 0.639626 0.321868 0.0142672 0.0306153 0.707443
3 0.201285 0.549064 0.0130394 0.040811 0.70561
3 0.447222 0.846765 0.0171469 0.0493446 0.69938
3 0.617124 0.416298 0.0202543 0.0361213 0.698834
3 0.0963823 0.088312 0.00931021 0.0256324 0.697023
3 0.690902 0.434417 0.0173882 0.0339874 0.696323
3 0.464809 0.69819 0.0169899 0.0452279 0.690983
3 0.575342 0.627986 0.0160369 0.0408137 0.684079
3 0.0911863 0.159836 0.0122624 0.0249296 0.671711
3 0.728961 0.584466 0.0172024 0.0381214 0.671298
3 0.636934 0.399376 0.0141163 0.0291387 0.66651
3 0.44406 0.388299 0.0132996 0.0364365 0.666471
3 0.485276 0.363877 0.0146861 0.0338912 0.663338
3 0.523036 0.481664 0.0158004 0.0369817 0.659397
3 0.109176 0.176428 0.0113009 0.0312379 0.657203
3 0.537568 0.329748 0.0146378 0.0306831 0.654451
3 0.0784849 0.260742 0.019149 0.0220663 0.651414
3 0.486034 0.73976 0.0162039 0.0457635 0.650895
3 0.0760902 0.0648793 0.0108224 0.0266782 0.647847
3 0.450097 0.527758 0.0126255 0.0285658 0.642616
3 0.407203 0.415364 0.0138065 0.0382328 0.642501
3 0.170145 0.957557 0.0155791 0.0483412 0.639087
3 0.715255 0.586497 0.0164597 0.038765 0.638899
3 0.559591 0.632426 0.0163891 0.0415526 0.638817
3 0.435458 0.547964 0.0154701 0.0409685 0.632555
3 0.487386 0.423758 0.0148521 0.0356937 0.630204
3 0.423304 0.639162 0.0151349 0.0378204 0.626986
3 0.623463 0.413612 0.0157043 0.0332529 0.62472
3 0.131524 0.621449 0.0121388 0.0351578 0.622161
3 0.361379 0.444003 0.0119235 0.0320628 0.620411
3 0.118457 0.507213 0.0145913 0.0377619 0.615383
3 0.41893 0.408864 0.0138382 0.0324093 0.615226
3 0.46408 0.519988 0.0155124 0.0389046 0.606868
3 0.721806 0.645303 0.0230015 0.0465412 0.602159
3 0.595487 0.352724 0.0149254 0.0333839 0.601073
3 0.565549 0.307234 0.014065 0.0278897 0.600983
3 0.737211 0.562681 0.0156853 0.0378896 0.598922
3 0.140981 0.685122 0.0126743 0.0402652 0.598118
3 0.647209 0.387594 0.0150597 0.0356306 0.595577
3 0.0734163 0.581223 0.0253664 0.0275557 0.593643
3 0.476974 0.432578 0.0142683 0.0325984 0.59301
3 0.732762 0.63498 0.0180548 0.0413371 0.591563
3 0.576611 0.30029 0.0156826 0.0277987 0.581862
3 0.553975 0.315702 0.0144419 0.031189 0.555192
3 0.0423165 0.165849 0.0178802 0.023087 0.553233
3 0.512878 0.348563 0.0117583 0.0288055 0.546446
3 0.48626 0.427728 0.0145639 0.035279 0.545702
3 0.395576 0.426681 0.0144126 0.0368242 0.539692
3 0.00471406 0.0743372 0.00936701 0.0244961 0.536651
3 0.083214 0.239469 0.0175533 0.0190439 0.519525
3 0.604623 0.425233 0.0192638 0.0365712 0.512237
4 0.0791188 0.549504 0.0242257 0.0279952 0.491185
3 0.0188707 0.50962 0.0221823 0.0291151 0.490376
3 0.148066 0.177467 0.00885553 0.0245057 0.469371
3 0.0154968 0.182755 0.0174013 0.0244301 0.464006
3 0.585123 0.293475 0.0133564 0.0269399 0.460196
3 0.708507 0.589898 0.0127131 0.0358869 0.455878
3 0.649707 0.388384 0.0147213 0.0313561 0.455369
3 0.0762807 0.290743 0.0167735 0.0327268 0.447341
3 0.588077 0.285676 0.0134308 0.026746 0.436295
3 0.740097 0.558763 0.0194244 0.0362147 0.426218
3 0.612426 0.419143 0.016894 0.0340509 0.401291
3 0.804581 0.702519 0.0239223 0.0337948 0.394372
3 0.602477 0.430743 0.0159877 0.0367737 0.394155
3 0.475056 0.430354 0.0127169 0.0316016 0.332523
3 0.553462 0.320324 0.0150053 0.0267105 0.329778
3 0.0594061 0.188642 0.0115995 0.0277266 0.313945
3 0.405701 0.411523 0.0143478 0.0407936 0.301108
3 0.168356 0.182009 0.0196237 0.0250141 0.293385
3 0.105086 0.477285 0.0123407 0.0300063 0.293103
3 0.0807727 0.217575 0.0150808 0.0232445 0.290498
3 0.606338 0.271961 0.0116114 0.0253869 0.273808
3 0.727346 0.639505 0.0190736 0.0434523 0.269647
3 0.746177 0.486435 0.0158463 0.0403932 0.262336
3 0.562702 0.30981 0.015211 0.0289427 0.250785
