3 0.451929 0.705334 0.0585758 0.153994 0.922001
3 0.594172 0.640318 0.0757572 0.122809 0.908656
3 0.75468 0.908224 0.0614992 0.177885 0.904191
3 0.685205 0.852929 0.0591942 0.165087 0.89888
3 0.490688 0.567394 0.071332 0.113853 0.897161
3 0.354676 0.945248 0.120877 0.105666 0.893774
3 0.718788 0.699452 0.0751812 0.129606 0.893508
3 0.569599 0.394514 0.0326135 0.100876 0.891793
3 0.621474 0.82732 0.0456234 0.151061 0.890521
3 0.252031 0.140939 0.0530087 0.0635028 0.889693
3 0.946251 0.476969 0.0601661 0.106738 0.887517
3 0.355894 0.184606 0.0593105 0.0668347 0.886019
3 0.900252 0.817123 0.0716747 0.150723 0.885839
3 0.763621 0.738264 0.0738371 0.134898 0.885632
3 0.522733 0.376764 0.0422096 0.0927573 0.88436
3 0.403646 0.193301 0.0646702 0.0774348 0.882518
3 0.560332 0.770049 0.0416027 0.133585 0.881848
3 0.759476 0.48756 0.044624 0.10342 0.880688
3 0.825269 0.780981 0.0663048 0.145286 0.878778
3 0.922288 0.588279 0.0518517 0.126063 0.878113
3 0.769559 0.390145 0.0520583 0.103635 0.875972
3 0.812444 0.520611 0.0442614 0.100746 0.875368
3 0.655364 0.437573 0.0322809 0.0894405 0.874126
3 0.507945 0.744784 0.0462371 0.173935 0.873023
3 0.821716 0.415426 0.0524473 0.103767 0.87204
3 0.712095 0.236734 0.0342392 0.0718273 0.871741
3 0.864448 0.55616 0.0479256 0.104272 0.871243
3 0.878148 0.443108 0.0623905 0.0945202 0.869192
3 0.827329 0.928378 0.0599327 0.141278 0.868926
3 0.550488 0.5908 0.0834726 0.130166 0.868257
3 0.670964 0.210055 0.0347464 0.0679457 0.867094
3 0.970015 0.853332 0.0583058 0.131119 0.865565
3 0.93064 0.236912 0.0323055 0.0872839 0.865111
3 0.668855 0.358452 0.0558006 0.0735558 0.864769
3 0.92781 0.325657 0.0439564 0.0763412 0.864507
3 0.22238 0.27733 0.0540035 0.0775086 0.863555
3 0.444666 0.211731 0.0683998 0.0744791 0.862923
3 0.718762 0.160774 0.0415015 0.065872 0.860482
3 0.585425 0.306084 0.0505898 0.0876927 0.859227
3 0.286301 0.157762 0.063425 0.06778 0.858978
3 0.708699 0.462947 0.0456109 0.103625 0.858387
3 0.632026 0.330812 0.0527574 0.0833665 0.857895
3 0.821074 0.195973 0.0339542 0.0818997 0.857858
3 0.612579 0.422854 0.0347435 0.119063 0.857828
3 0.716112 0.38011 0.0493719 0.093143 0.856906
3 0.896668 0.947262 0.0690942 0.103328 0.852577
3 0.882866 0.302773 0.0340971 0.0928991 0.849692
3 0.97659 0.345289 0.0468202 0.0869169 0.847866
3 0.973048 0.271414 0.0351476 0.0803892 0.84776
3 0.421532 0.0452655 0.040696 0.0585736 0.84695
3 0.839477 0.283656 0.0369913 0.0864676 0.846745
3 0.413352 0.109764 0.0308348 0.0665705 0.845525
3 0.641418 0.129437 0.0331418 0.0677262 0.842047
3 0.680587 0.14082 0.0434004 0.0665712 0.841234
3 0.793707 0.259363 0.0300354 0.081059 0.840744
3 0.240016 0.0298369 0.0401693 0.0596737 0.838935
3 0.50564 0.0777204 0.0395599 0.0604499 0.834567
3 0.323221 0.168093 0.0593072 0.0662007 0.834182
3 0.75134 0.240684 0.0309729 0.0859539 0.831727
3 0.47942 0.130464 0.0264416 0.0668034 0.830631
3 0.745331 0.0397112 0.0277605 0.0533993 0.830329
3 0.780294 0.181262 0.0329773 0.0733278 0.829749
3 0.393073 0.0376392 0.0354864 0.055499 0.827613
4 0.709616 0.0309203 0.040503 0.0618406 0.827118
3 0.177169 0.125414 0.0573228 0.056767 0.826862
3 0.633709 0.199986 0.0294456 0.0774583 0.826425
3 0.0979454 0.0822869 0.0586869 0.0594025 0.825218
3 0.789623 0.0589865 0.0252852 0.0530129 0.822123
3 0.217863 0.135927 0.0557743 0.0590403 0.820925
3 0.293998 0.048531 0.0350727 0.0694386 0.819309
3 0.973497 0.608618 0.0530065 0.136016 0.812839
3 0.365154 0.0255031 0.0336592 0.050019 0.812276
3 0.862985 0.221719 0.0287956 0.0721726 0.807563
3 0.477089 0.0596013 0.036339 0.0672241 0.805064
3 0.341766 0.0191955 0.037155 0.0383911 0.792099
0 0.909765 0.181707 0.0147442 0.0411614 0.787059
0 0.0658943 0.749686 0.0205245 0.0464374 0.783185
3 0.134412 0.0909051 0.0611911 0.0589169 0.781314
3 0.873028 0.0835495 0.0265561 0.0519138 0.774591
0 0.283694 0.308722 0.0105322 0.044222 0.77284
3 0.669373 0.0217685 0.0264768 0.0403977 0.768583
3 0.15325 0.106052 0.059655 0.0549001 0.750177
0 0.183568 0.428356 0.0129588 0.0478244 0.746578
3 0.451578 0.0474486 0.0390774 0.065589 0.741966
0 0.895589 0.647419 0.0220276 0.0478421 0.741899
3 0.914764 0.0978664 0.0328342 0.0607111 0.739167
0 0.356532 0.350604 0.0113494 0.0340543 0.723525
3 0.830053 0.0620959 0.02668 0.0548226 0.719747
9 0.181925 0.741156 0.0274054 0.0587647 0.717692
0 0.87826 0.153694 0.0112758 0.0392013 0.711217
0 0.305895 0.0934033 0.0100126 0.0396333 0.698591
3 0.0109911 0.0258634 0.0219823 0.0429899 0.686665
0 0.31227 0.477544 0.0132737 0.046104 0.680788
0 0.0201601 0.854515 0.0267798 0.0522274 0.669161
3 0.18326 0.018702 0.0302234 0.0358664 0.664046
0 0.262558 0.0710698 0.00874189 0.0392073 0.66269
0 0.85896 0.156996 0.00968152 0.0387505 0.661811
0 0.768334 0.324639 0.0119219 0.0379384 0.660507
0 0.84307 0.639309 0.0199299 0.0476127 0.643779
0 0.846685 0.605175 0.015506 0.0479493 0.638256
0 0.751975 0.327136 0.00902885 0.0417992 0.628537
0 0.296442 0.49922 0.0141583 0.0493742 0.616502
3 0.196659 0.245372 0.048302 0.072685 0.611043
0 0.911744 0.681869 0.0225754 0.0447967 0.609898
0 0.847626 0.152439 0.0106286 0.0378483 0.583753
0 0.290861 0.473189 0.0121099 0.0435936 0.569124
0 0.201812 0.0299819 0.00976524 0.0368786 0.557647
0 0.784928 0.555193 0.0133109 0.0451348 0.55411
0 0.913805 0.708803 0.0169395 0.0449693 0.54989
3 0.385151 0.0893364 0.0338356 0.0613655 0.52511
3 0.653681 0.660413 0.0825851 0.13474 0.484801
0 0.8821 0.190683 0.00940336 0.0321917 0.447265
3 0.391303 0.0887745 0.0403424 0.0595108 0.428415
0 0.846379 0.164848 0.0108894 0.0397254 0.42139
0 0.163634 0.0183038 0.0106088 0.0314376 0.421238
4 0.653718 0.65964 0.0827854 0.133205 0.417955
0 0.207299 0.344429 0.0135398 0.041367 0.410646
0 0.857078 0.16123 0.00888636 0.0410869 0.39842
0 0.511467 0.115612 0.0090477 0.0386442 0.350246
0 0.523927 0.129225 0.0103691 0.0370085 0.346458
0 0.508809 0.11464 0.0126779 0.0384448 0.344103
3 0.419067 0.980612 0.0875243 0.0356602 0.320886
0 0.844535 0.611534 0.0184055 0.0459161 0.318099
0 0.023892 0.823687 0.023413 0.0399455 0.294041
0 0.501827 0.126026 0.00948886 0.0378315 0.293988
3 0.320358 0.0177503 0.0295149 0.0353655 0.256731
