0 0.0888963 0.898077 0.0379642 0.196588 0.850927
0 0.0185282 0.905831 0.0370564 0.185557 0.85063
0 0.391792 0.819396 0.0283033 0.147468 0.834795
0 0.141749 0.878206 0.0372022 0.177649 0.812797
0 0.834419 0.674659 0.0205589 0.0794639 0.810576
0 0.58568 0.775433 0.0212506 0.130836 0.782314
0 0.790965 0.922174 0.0624337 0.153597 0.780226
0 0.161701 0.714688 0.0247734 0.111312 0.771986
0 0.130977 0.662111 0.0179496 0.0806872 0.762922
0 0.488781 0.680152 0.0170135 0.096579 0.751924
0 0.468599 0.801963 0.0200279 0.113311 0.74371
0 0.500282 0.813683 0.0311005 0.161666 0.733205
0 0.735768 0.64047 0.0151613 0.0645629 0.729979
0 0.468246 0.697436 0.017424 0.0760244 0.729692
0 0.90763 0.942121 0.0418638 0.11393 0.697273
0 0.869064 0.873504 0.0240952 0.117397 0.681874
0 0.949816 0.955794 0.0382261 0.0848107 0.670993
0 0.579241 0.665594 0.0155138 0.0759103 0.665559
0 0.561108 0.77497 0.0209087 0.129247 0.661921
0 0.200037 0.666432 0.0161341 0.0860233 0.658811
0 0.239168 0.599287 0.0104712 0.0539271 0.643246
0 0.285847 0.708202 0.0175442 0.109734 0.634483
0 0.302285 0.762486 0.0206795 0.129322 0.633052
0 0.167786 0.640078 0.0142917 0.0649509 0.630666
0 0.502151 0.613439 0.0123597 0.0610358 0.624248
0 0.267305 0.706971 0.0164406 0.105879 0.620666
9 0.095789 0.719575 0.0752115 0.0724165 0.564005
0 0.455243 0.576987 0.00897312 0.0494914 0.549801
0 0.559496 0.789178 0.0176649 0.102193 0.544494
0 0.412268 0.609705 0.0100523 0.0594384 0.51726
0 0.190911 0.669942 0.013377 0.0815716 0.513397
0 0.256139 0.599417 0.0120207 0.0526952 0.498771
0 0.422023 0.6086 0.00963001 0.0584232 0.485273
0 0.304738 0.754742 0.0172184 0.115649 0.479051
0 0.438163 0.809152 0.0246273 0.144304 0.472979
0 0.182651 0.612879 0.0123236 0.0541831 0.467023
0 0.678856 0.486221 0.0133287 0.0581126 0.455794
0 0.805423 0.856839 0.0317355 0.160418 0.445721
0 0.18394 0.643057 0.0130558 0.0613732 0.442491
0 0.178864 0.642009 0.011916 0.0617082 0.415955
0 0.29583 0.942271 0.0365776 0.113196 0.406213
0 0.439128 0.798598 0.0199436 0.127027 0.374955
0 0.193669 0.670209 0.0155582 0.0809649 0.368891
0 0.17107 0.639483 0.0150879 0.0642987 0.365969
0 0.258109 0.598682 0.0114616 0.0513109 0.364167
0 0.253688 0.593127 0.00916548 0.0537604 0.349059
0 0.417917 0.60951 0.0111528 0.0581012 0.344067
0 0.23711 0.597198 0.0118848 0.0524596 0.334757
0 0.285415 0.691464 0.0192744 0.081489 0.324867
0 0.341376 0.746487 0.018675 0.107272 0.324672
0 0.300638 0.960528 0.0346167 0.0769179 0.316809
0 0.574624 0.663275 0.0152309 0.0772708 0.315252
1 0.252483 0.937577 0.0350449 0.123459 0.312856
0 0.29003 0.941957 0.0268002 0.112884 0.310177
0 0.367558 0.584909 0.00987466 0.0440507 0.294255
0 0.188477 0.669837 0.0125989 0.0809974 0.290158
0 0.454431 0.57251 0.0086853 0.0449346 0.28716
0 0.25206 0.938092 0.0344874 0.121977 0.285481
0 0.380053 0.724429 0.0207039 0.102022 0.28384
9 0.894036 0.826475 0.0811077 0.0878238 0.279044
0 0.386458 0.717338 0.0192627 0.0957513 0.256236
