3 0.477251 0.77682 0.110117 0.104788 0.918496
3 0.697109 0.843411 0.116963 0.109371 0.917654
3 0.0738298 0.637459 0.105452 0.0805421 0.890489
3 0.277407 0.718247 0.10528 0.092451 0.881385
3 0.248061 0.648294 0.0982148 0.0715485 0.881193
4 0.191421 0.574032 0.0820392 0.0800191 0.879153
3 0.898192 0.626634 0.0952347 0.0873753 0.855254
3 0.742052 0.400774 0.027714 0.0477941 0.840186
3 0.600871 0.259122 0.0263424 0.0399817 0.833467
3 0.054465 0.48347 0.0697456 0.0545152 0.832104
3 0.583623 0.302057 0.0304201 0.0460079 0.830054
3 0.501476 0.365027 0.0371496 0.0630632 0.824349
3 0.53626 0.377108 0.0369276 0.0610575 0.824216
3 0.566496 0.255186 0.0246385 0.0397647 0.807998
3 0.347845 0.181055 0.0297105 0.0274832 0.806397
0 0.278864 0.822938 0.0190548 0.0743091 0.804765
3 0.565133 0.336197 0.0305961 0.0493775 0.803873
0 0.971687 0.669183 0.0156515 0.0626744 0.797965
3 0.527089 0.315793 0.0323032 0.0507474 0.789696
3 0.978097 0.934139 0.0435619 0.112191 0.784333
3 0.767507 0.0920161 0.0143287 0.0216622 0.782857
3 0.32329 0.170225 0.0247285 0.0337165 0.769202
3 0.436511 0.17184 0.0221424 0.0258714 0.767293
3 0.0890946 0.42849 0.072386 0.0633357 0.764678
3 0.548138 0.279629 0.0280474 0.0491559 0.764232
3 0.817095 0.48257 0.0282162 0.0515205 0.75895
5 0.510294 0.182411 0.0452941 0.0697975 0.756293
3 0.602319 0.201421 0.0226031 0.0339547 0.741895
3 0.616233 0.233257 0.0222091 0.0394358 0.738641
3 0.40072 0.196404 0.0425797 0.0308375 0.73425
3 0.706125 0.0664729 0.0130604 0.0208805 0.724541
3 0.540277 0.203662 0.023418 0.0303685 0.720416
3 0.845526 0.240321 0.0468899 0.0343078 0.716207
3 0.545906 0.179531 0.0241459 0.0303363 0.700719
3 0.650756 0.178392 0.0187828 0.0307795 0.681964
3 0.6083 0.100487 0.0171934 0.021526 0.677774
0 0.992914 0.760915 0.0141718 0.0625038 0.673783
9 0.325608 0.618115 0.0266378 0.0424946 0.671067
3 0.818629 0.200345 0.0192647 0.0275652 0.666583
0 0.460681 0.512659 0.0115407 0.0521964 0.663179
9 0.116321 0.59588 0.0291418 0.0409775 0.662706
3 0.638197 0.19458 0.0233268 0.0319174 0.641293
0 0.897758 0.792019 0.0165926 0.0629344 0.634701
3 0.474294 0.24522 0.0448345 0.0385875 0.632686
3 0.558883 0.0933268 0.0138412 0.0209006 0.623999
3 0.641059 0.0901042 0.0159216 0.0203113 0.622457
3 0.518714 0.137452 0.0217903 0.0250437 0.612183
1 0.714579 0.544364 0.0145035 0.0415795 0.59943
3 0.827193 0.323598 0.024057 0.041869 0.59378
3 0.988374 0.205168 0.0232514 0.0271923 0.593164
3 0.326696 0.109206 0.0300243 0.0234328 0.586137
3 0.539442 0.145817 0.0193423 0.0306598 0.580603
3 0.991554 0.363151 0.0168913 0.0400052 0.578346
3 0.805452 0.177191 0.0205331 0.030152 0.578089
3 0.583297 0.220459 0.0278784 0.0428939 0.575403
4 0.797603 0.334709 0.0241518 0.057989 0.573317
3 0.658268 0.157465 0.0199632 0.0273107 0.567859
3 0.631367 0.212797 0.0190307 0.033978 0.559309
7 0.793282 0.529512 0.0304808 0.0603677 0.558176
2 0.148223 0.81817 0.0359031 0.0645701 0.552727
3 0.434323 0.311715 0.0361711 0.0447583 0.552642
1 0.11647 0.581147 0.0156527 0.0442843 0.550145
1 0.88912 0.703626 0.0129051 0.0451321 0.548715
3 0.963572 0.196557 0.0301224 0.0281715 0.546384
3 0.603413 0.0820595 0.0135434 0.0165374 0.541426
3 0.735207 0.0146696 0.00998001 0.0152535 0.538024
3 0.560905 0.13348 0.0223656 0.0253579 0.537906
3 0.643711 0.138475 0.0171913 0.0321877 0.53664
0 0.502258 0.243449 0.00813751 0.0321782 0.515938
3 0.814512 0.142411 0.019152 0.024005 0.514856
3 0.773727 0.0480531 0.0104456 0.0184759 0.513956
0 0.92163 0.98263 0.0174606 0.0345591 0.511903
4 0.710252 0.0939906 0.0162584 0.030455 0.510928
3 0.0133947 0.519647 0.0267894 0.0623084 0.50753
4 0.482125 0.197352 0.0181553 0.0382188 0.497428
3 0.981534 0.342993 0.0369322 0.0351825 0.496181
3 0.589717 0.0961916 0.0181171 0.0213389 0.494713
9 0.714271 0.555078 0.0171953 0.0456194 0.493602
4 0.820307 0.285357 0.0253776 0.0478372 0.48314
3 0.56286 0.162608 0.0222162 0.0360516 0.483099
3 0.683819 0.0360229 0.0122093 0.0171236 0.481767
3 0.977065 0.313593 0.045219 0.0378093 0.474282
3 0.815251 0.114268 0.0146337 0.0223359 0.472451
3 0.518384 0.094693 0.0246891 0.0211314 0.47161
9 0.88565 0.719342 0.0496046 0.0529681 0.470602
3 0.787432 0.0845437 0.012531 0.0232335 0.457648
3 0.838611 0.211217 0.027639 0.028879 0.454276
3 0.843892 0.153727 0.0169455 0.028368 0.447583
3 0.287362 0.13115 0.0282087 0.0265717 0.442435
1 0.144121 0.798967 0.0195884 0.0595923 0.420449
1 0.884798 0.708299 0.0190247 0.0502081 0.418719
0 0.0113545 0.897515 0.0226428 0.0830621 0.417081
3 0.811836 0.0923717 0.0146669 0.0190451 0.415134
3 0.634401 0.19965 0.0229894 0.0317107 0.410642
2 0.146352 0.80865 0.0299371 0.0601563 0.400678
3 0.873709 0.217112 0.0452911 0.0270485 0.399007
1 0.742631 0.485979 0.0114864 0.0387929 0.394783
3 0.92714 0.211327 0.0392922 0.0261648 0.38661
3 0.775845 0.0488243 0.0111931 0.0194127 0.386131
3 0.339488 0.125159 0.0280839 0.0243155 0.385117
3 0.978348 0.287402 0.0415635 0.0303282 0.380381
3 0.621357 0.0745889 0.0183762 0.0176222 0.378505
3 0.940586 0.242792 0.0418442 0.0296668 0.377508
3 0.574274 0.0921893 0.0150155 0.0232832 0.358091
3 0.817477 0.159205 0.0203118 0.0240743 0.356541
0 0.78437 0.187374 0.00633428 0.0238593 0.352007
3 0.980358 0.293274 0.0386766 0.0318393 0.338474
3 0.803528 0.0675463 0.0174153 0.0172358 0.336451
3 0.668695 0.0273959 0.0161403 0.015259 0.332634
9 0.148864 0.529689 0.0217689 0.0440136 0.332191
3 0.51765 0.149508 0.0247138 0.0265232 0.332044
3 0.663044 0.147942 0.0166201 0.0236032 0.321838
0 0.792343 0.494562 0.0129184 0.0329405 0.321246
1 0.765109 0.141608 0.00747797 0.0209065 0.318993
3 0.813808 0.137254 0.0224906 0.024603 0.31682
1 0.766541 0.22696 0.00818078 0.0268606 0.31407
0 0.786816 0.496977 0.0112 0.0362501 0.306615
3 0.985086 0.347253 0.0298273 0.038445 0.300093
3 0.855318 0.230126 0.0376162 0.0270899 0.295899
3 0.638403 0.0864597 0.0202883 0.0226712 0.291192
3 0.683743 0.0327511 0.0113897 0.0212016 0.289072
1 0.762875 0.258576 0.00656756 0.0256197 0.286681
6 0.885478 0.719221 0.0513997 0.0539822 0.282688
1 0.114474 0.590223 0.0213044 0.0439406 0.275722
4 0.793789 0.340523 0.0278162 0.0547189 0.266286
2 0.150726 0.828442 0.0344244 0.0603443 0.262636
3 0.93061 0.221264 0.0416858 0.0283248 0.25791
3 0.278745 0.0925216 0.0228675 0.0234548 0.253653
3 0.577339 0.0938866 0.0156917 0.0215043 0.253648
