3 0.83374 0.443051 0.0864607 0.0996614 0.880655
3 0.957256 0.428973 0.085289 0.0905053 0.879648
3 0.15841 0.150752 0.0379816 0.0514048 0.843266
3 0.19351 0.166027 0.0397267 0.046184 0.837351
4 0.288616 0.39961 0.0835427 0.0927921 0.836063
4 0.627355 0.378554 0.046744 0.0898587 0.810938
0 0.0114157 0.827382 0.0228314 0.106718 0.797246
0 0.0658658 0.937375 0.0299502 0.121352 0.794181
0 0.145063 0.381099 0.0143468 0.0606744 0.777977
6 0.140938 0.900488 0.133541 0.130119 0.777608
0 0.962992 0.884519 0.0309776 0.0978288 0.752256
0 0.799881 0.90501 0.031368 0.103865 0.740795
0 0.398777 0.82853 0.0215608 0.107538 0.738485
0 0.468973 0.351434 0.0119159 0.0582064 0.722372
9 0.464937 0.727597 0.0396856 0.0856772 0.718949
9 0.275312 0.820164 0.0616132 0.0744786 0.697274
2 0.7682 0.419404 0.0241552 0.0522134 0.676697
0 0.979669 0.912005 0.0219357 0.0633084 0.674944
0 0.509252 0.357679 0.0112684 0.0550524 0.639746
1 0.464628 0.701673 0.0274474 0.0866645 0.636674
3 0.160641 0.0955296 0.0353096 0.0433017 0.614504
0 0.504823 0.213911 0.00909846 0.0488956 0.590426
0 0.468118 0.424276 0.0139864 0.0712757 0.579834
6 0.853317 0.913319 0.116182 0.167676 0.575881
0 0.441324 0.458811 0.0131949 0.0623761 0.573137
0 0.446147 0.240094 0.00836523 0.046781 0.55924
0 0.104024 0.942197 0.0329436 0.103874 0.558191
0 0.444475 0.36173 0.0103554 0.0554208 0.551457
0 0.45253 0.310764 0.0130735 0.0497771 0.546035
0 0.503688 0.333499 0.0115397 0.0521755 0.544111
6 0.0971451 0.141116 0.0226476 0.0390076 0.534008
0 0.455154 0.352612 0.0109705 0.0579781 0.524677
0 0.439093 0.195433 0.0093973 0.0477654 0.517776
0 0.506896 0.299662 0.0102734 0.05105 0.513977
0 0.514477 0.311758 0.00947495 0.0514339 0.507259
0 0.46725 0.415796 0.0131512 0.064223 0.50546
0 0.0375134 0.792382 0.0278438 0.0903922 0.500579
0 0.364438 0.479804 0.0157957 0.0728019 0.497567
0 0.341471 0.48679 0.0143011 0.0598269 0.486382
6 0.0739896 0.145011 0.0194962 0.0319234 0.485234
3 0.251941 0.0158252 0.028029 0.0250758 0.481225
0 0.486329 0.348818 0.0129071 0.0545067 0.474557
6 0.847317 0.577366 0.0934418 0.0778334 0.432713
0 0.859723 0.354015 0.0134869 0.0481968 0.41793
0 0.418445 0.208955 0.00965518 0.043169 0.417713
0 0.46531 0.0859746 0.00690308 0.0294531 0.414466
0 0.514317 0.301791 0.00922223 0.0493123 0.409208
0 0.504977 0.325649 0.0109576 0.047834 0.407788
0 0.372131 0.658843 0.0187402 0.0898697 0.403687
0 0.455319 0.430257 0.0131441 0.0549339 0.4007
0 0.540028 0.269715 0.0112923 0.0393505 0.390175
0 0.492737 0.151174 0.00623892 0.0288986 0.384265
6 0.169738 0.35352 0.0353162 0.0684416 0.381162
1 0.962769 0.884215 0.0322928 0.0974609 0.376073
9 0.912564 0.364975 0.017316 0.0390133 0.37247
3 0.488498 0.0850791 0.0184595 0.0261027 0.359125
9 0.857518 0.391345 0.0213063 0.0481993 0.332926
0 0.328767 0.487471 0.0132072 0.0584868 0.332306
9 0.242708 0.0922834 0.00822271 0.0220056 0.3275
1 0.272882 0.0719649 0.0082664 0.0262897 0.316067
3 0.429623 0.0495654 0.0149586 0.0305205 0.315848
0 0.160011 0.370426 0.0153423 0.0513923 0.297842
0 0.509452 0.153669 0.00692255 0.0267962 0.295706
1 0.163774 0.47546 0.019464 0.0642897 0.292773
9 0.0524529 0.137303 0.0126345 0.0271447 0.290959
0 0.428436 0.478607 0.0135142 0.0513423 0.290391
0 0.486139 0.117536 0.00978097 0.0272399 0.289963
1 0.781009 0.812891 0.0287666 0.0659413 0.285909
0 0.584732 0.22776 0.0088869 0.0352115 0.285696
9 0.779592 0.842121 0.0512408 0.0758925 0.285379
6 0.4108 0.688708 0.0353244 0.0986711 0.278977
1 0.865748 0.839932 0.0299035 0.0937382 0.271923
0 0.433662 0.191704 0.010445 0.0449542 0.267317
0 0.368843 0.656372 0.0193806 0.0839825 0.254158
0 0.409285 0.319972 0.0114328 0.04724 0.25352
9 0.457173 0.27855 0.015233 0.0413693 0.253501
3 0.427505 0.0773657 0.0181745 0.0290775 0.251725
1 0.990593 0.853523 0.0187164 0.0756991 0.250229
