3 0.884477 0.722546 0.0967287 0.0757636 0.88927
3 0.802746 0.643926 0.0788067 0.0557368 0.869149
3 0.953466 0.803639 0.0930683 0.0913431 0.866172
3 0.41406 0.579844 0.0348257 0.0510528 0.843375
3 0.574875 0.598899 0.0309258 0.0528799 0.807359
3 0.496181 0.465704 0.0167097 0.0278636 0.791916
3 0.502072 0.597211 0.028433 0.050071 0.775158
3 0.780222 0.560632 0.0597582 0.0458718 0.760113
3 0.517553 0.535554 0.027074 0.0428267 0.758276
3 0.499374 0.50501 0.0214373 0.0344421 0.755435
3 0.462981 0.442807 0.0174658 0.0296692 0.744323
3 0.497901 0.428681 0.0160239 0.021736 0.726517
3 0.021757 0.563456 0.0432126 0.0563968 0.614814
4 0.308946 0.863137 0.0792286 0.176092 0.604118
3 0.479202 0.359806 0.0094013 0.0166934 0.596704
0 0.553041 0.498911 0.00679092 0.0289658 0.553106
3 0.521752 0.432347 0.0114784 0.0229936 0.542727
3 0.537732 0.431792 0.0169607 0.0247755 0.537047
9 0.873161 0.6393 0.0277118 0.0360594 0.472861
3 0.68248 0.484524 0.0388878 0.0295468 0.467528
3 0.497719 0.370195 0.0127867 0.0172982 0.462938
3 0.530936 0.380641 0.0116669 0.0168633 0.448196
3 0.466367 0.378749 0.0125324 0.0219262 0.437145
3 0.467623 0.380848 0.0147738 0.0209561 0.419692
3 0.308635 0.863057 0.0784747 0.175225 0.408726
4 0.641326 0.428396 0.0386448 0.0278092 0.404893
9 0.872165 0.633667 0.0232609 0.0345517 0.38619
3 0.461241 0.353479 0.0103756 0.0176612 0.381898
3 0.660263 0.451402 0.0307122 0.0303528 0.328776
3 0.480375 0.335089 0.00861053 0.0148684 0.314454
3 0.498667 0.364364 0.0109972 0.0177329 0.313415
3 0.500525 0.3633 0.0118118 0.0157127 0.307978
3 0.64081 0.428714 0.0378325 0.0267137 0.291722
3 0.479333 0.362216 0.0104195 0.0161286 0.282893
3 0.497745 0.32665 0.00992625 0.0137368 0.268386
