4 0.561837 0.579393 0.0355799 0.120707 0.88559
3 0.480359 0.366136 0.0356554 0.113027 0.88272
4 0.580644 0.0957649 0.0272368 0.0885775 0.821853
0 0.429562 0.29194 0.00891894 0.0373982 0.781333
0 0.505334 0.835739 0.012989 0.0390642 0.772495
9 0.276292 0.934664 0.0166931 0.0630639 0.763294
9 0.903936 0.963827 0.0260086 0.0664299 0.744639
0 0.470041 0.203354 0.00905187 0.0395115 0.727329
0 0.418754 0.329058 0.00935534 0.0411607 0.720546
0 0.43539 0.112237 0.00834579 0.0407513 0.696827
0 0.438554 0.0597878 0.00798434 0.0422184 0.65476
9 0.335422 0.0967853 0.0220531 0.028665 0.618433
0 0.55829 0.389038 0.0135137 0.0470812 0.616569
0 0.502703 0.354789 0.00902023 0.0411343 0.602943
0 0.555571 0.391275 0.01122 0.0480194 0.601853
6 0.546817 0.095444 0.0155899 0.0472315 0.597077
0 0.448952 0.248664 0.0104293 0.0377162 0.589981
0 0.492785 0.65634 0.0121926 0.0492961 0.589102
4 0.68416 0.931579 0.103507 0.126165 0.539342
0 0.532255 0.358713 0.013488 0.0464528 0.534239
0 0.420965 0.533182 0.0128714 0.0344285 0.504307
9 0.313452 0.183415 0.0108082 0.0434261 0.503583
0 0.500367 0.655006 0.0119953 0.0524858 0.490975
0 0.429599 0.562341 0.0111416 0.0386951 0.489144
9 0.560036 0.450379 0.0117414 0.0418737 0.463581
7 0.550393 0.334245 0.0211941 0.0672925 0.456211
0 0.503561 0.343534 0.0104783 0.0531744 0.438946
6 0.516465 0.576915 0.0265799 0.0800019 0.433998
6 0.530735 0.509341 0.0287788 0.0858142 0.422167
9 0.311732 0.184635 0.0111079 0.0422978 0.399461
2 0.437035 0.351216 0.0131231 0.0432354 0.397706
3 0.683718 0.932131 0.103919 0.125725 0.387958
3 0.844597 0.978922 0.0527695 0.0405996 0.371651
0 0.419804 0.559037 0.0109178 0.0362935 0.358369
7 0.530857 0.507001 0.0290022 0.0884574 0.353677
9 0.265177 0.457546 0.023494 0.0373211 0.299402
0 0.511065 0.357644 0.00964288 0.0378576 0.294141
1 0.416883 0.242883 0.0106005 0.0344833 0.290168
6 0.312853 0.913963 0.0358256 0.0941898 0.283827
9 0.56442 0.303288 0.0113758 0.0449612 0.280533
0 0.468148 0.265829 0.0104291 0.037915 0.275757
0 0.200483 0.971536 0.02149 0.046285 0.270772
6 0.282794 0.704816 0.0336938 0.0639157 0.268391
2 0.467582 0.270965 0.0103216 0.0397357 0.259498
0 0.431587 0.291843 0.011895 0.0382184 0.255951
