5 0.41357 0.597608 0.103621 0.13872 0.911859
3 0.224302 0.855738 0.0692513 0.158079 0.894779
3 0.060528 0.751169 0.111364 0.0797763 0.885691
4 0.54835 0.872136 0.0428104 0.122776 0.881539
3 0.0612787 0.890157 0.0710002 0.160179 0.881503
5 0.57315 0.611872 0.0531973 0.106632 0.874838
4 0.466485 0.487898 0.0249887 0.0671049 0.871099
3 0.452696 0.420517 0.0234487 0.0456444 0.859575
3 0.526033 0.613475 0.0327674 0.0682488 0.85288
3 0.454128 0.327192 0.0166896 0.0300914 0.845834
3 0.465154 0.300117 0.0154793 0.0265619 0.80533
5 0.537202 0.388537 0.0368481 0.09267 0.798359
5 0.505953 0.476956 0.0398067 0.095057 0.780529
0 0.353457 0.679062 0.0127823 0.0584963 0.777671
3 0.482565 0.569198 0.0429966 0.0810922 0.735376
8 0.552156 0.480829 0.0413939 0.117717 0.734334
3 0.392292 0.282978 0.0287027 0.0267926 0.728523
3 0.461672 0.271719 0.0148636 0.0267455 0.700409
3 0.463636 0.242353 0.0120995 0.0227449 0.686343
5 0.51697 0.289343 0.0281592 0.0719766 0.666108
8 0.516968 0.289014 0.0273214 0.0711507 0.601251
3 0.479982 0.205633 0.0107386 0.0194006 0.584094
3 0.381719 0.231183 0.0294661 0.0233988 0.582018
3 0.482466 0.187055 0.00933035 0.0189025 0.572529
4 0.466955 0.383055 0.0201814 0.0454542 0.55067
9 0.0194989 0.858143 0.0336603 0.0498183 0.527856
5 0.523416 0.330798 0.0222311 0.0525805 0.511957
3 0.388931 0.230825 0.0162958 0.0240494 0.504005
5 0.503784 0.209648 0.0175128 0.0396155 0.469947
3 0.466799 0.384568 0.0199088 0.0472811 0.412798
0 0.360064 0.959947 0.0168386 0.0678484 0.396464
5 0.55224 0.481053 0.0417689 0.119594 0.379854
1 0.360126 0.956828 0.0173646 0.0621758 0.341024
3 0.467745 0.127351 0.00662249 0.0121429 0.264175
3 0.479057 0.139256 0.00848788 0.0136645 0.257021
