3 0.273897 0.55664 0.123397 0.13069 0.930842
3 0.585273 0.808175 0.152107 0.152732 0.928084
3 0.0763711 0.927086 0.152742 0.142933 0.913742
3 0.727305 0.913336 0.087003 0.173309 0.899663
3 0.401551 0.358005 0.0664355 0.102892 0.88958
3 0.360429 0.310268 0.0657012 0.102662 0.881078
0 0.312645 0.659353 0.0181595 0.0768429 0.848902
3 0.980741 0.902877 0.038255 0.19257 0.839055
9 0.0234583 0.804871 0.0463808 0.0841699 0.834946
3 0.547458 0.51446 0.127149 0.113584 0.822977
3 0.970983 0.477095 0.0580332 0.141386 0.822252
3 0.690386 0.589403 0.0578266 0.177852 0.817504
4 0.5562 0.442296 0.09565 0.0971982 0.794738
9 0.0952505 0.670784 0.0361937 0.0767246 0.767167
9 0.220357 0.458742 0.031321 0.060776 0.731413
3 0.989049 0.0434629 0.0219026 0.0470106 0.718446
0 0.131332 0.545122 0.0186005 0.0720907 0.708714
3 0.937704 0.241459 0.0420719 0.0945191 0.642117
0 0.260499 0.138596 0.0120113 0.0546277 0.632644
0 0.254953 0.332408 0.0154957 0.0618559 0.545234
9 0.493189 0.267392 0.0359686 0.0355021 0.53598
0 0.415003 0.0157112 0.00861053 0.0314223 0.532595
3 0.991761 0.145369 0.0159849 0.0570877 0.52539
9 0.14844 0.589893 0.0441261 0.0627414 0.494614
2 0.192499 0.408233 0.0232251 0.0681416 0.472525
2 0.286379 0.340623 0.0322634 0.0438555 0.399171
9 0.424658 0.284825 0.0201741 0.0458906 0.366403
2 0.461694 0.291643 0.0184641 0.043762 0.364201
9 0.353006 0.23913 0.0326149 0.0384441 0.363601
9 0.348761 0.241654 0.0350011 0.0426538 0.359647
9 0.439314 0.187571 0.023128 0.0297425 0.358149
9 0.227183 0.38205 0.0319302 0.0490892 0.353893
9 0.40731 0.243811 0.0253361 0.0430688 0.345399
2 0.194638 0.392186 0.0201443 0.0594496 0.317577
3 0.576593 0.0188074 0.0512651 0.0376148 0.313538
9 0.232838 0.391986 0.035575 0.0441484 0.311413
9 0.435092 0.149958 0.0208446 0.0259464 0.300665
0 0.285794 0.0218631 0.00959917 0.0365247 0.299717
0 0.267752 0.0748862 0.00997972 0.0455541 0.295825
9 0.448685 0.260774 0.0116281 0.0414781 0.273408
3 0.570102 0.381975 0.0840519 0.0585993 0.26507
0 0.268535 0.0799427 0.00865878 0.0447573 0.258212
9 0.307619 0.167544 0.0278215 0.0306152 0.253049
