0 0.872392 0.953845 0.0373764 0.0922014 0.805275
0 0.313403 0.396237 0.0233139 0.0791713 0.79302
0 0.712177 0.933984 0.0328081 0.114927 0.785454
0 0.371861 0.341739 0.0129183 0.0653607 0.774243
0 0.769883 0.144837 0.0102841 0.0443851 0.771632
0 0.730131 0.117348 0.00933057 0.0429306 0.761797
0 0.659448 0.913335 0.0214009 0.112135 0.760657
0 0.0612731 0.399361 0.0228559 0.0710783 0.75685
0 0.497271 0.314956 0.0157634 0.0700421 0.752518
0 0.271487 0.42387 0.0217861 0.0801165 0.739786
0 0.482172 0.27375 0.0117161 0.0640436 0.734726
0 0.686436 0.905908 0.0284063 0.11695 0.727284
0 0.635533 0.329359 0.0118605 0.063766 0.726888
0 0.503251 0.100291 0.00834562 0.0453735 0.726673
0 0.807014 0.969949 0.0273828 0.0567122 0.724224
1 0.686753 0.604888 0.0236892 0.0632855 0.716828
0 0.547241 0.314949 0.0144182 0.0711777 0.712832
0 0.371823 0.158266 0.00968664 0.0541739 0.711946
0 0.387837 0.0769904 0.0082073 0.0383598 0.707462
0 0.568416 0.316912 0.0125345 0.0651349 0.704144
0 0.523536 0.298316 0.011343 0.0698086 0.702968
0 0.694898 0.143762 0.00963611 0.0496586 0.698035
0 0.515103 0.0821673 0.00895004 0.045979 0.696868
0 0.394221 0.438905 0.0182048 0.0763374 0.692495
0 0.714476 0.140196 0.00887671 0.0447499 0.689072
0 0.591508 0.0515776 0.00760345 0.0350682 0.686518
0 0.931104 0.085993 0.00936127 0.0399831 0.684789
0 0.904053 0.0195473 0.0106285 0.0390945 0.68205
0 0.593139 0.31568 0.00995053 0.0462712 0.681763
0 0.579215 0.0830188 0.00843304 0.0438043 0.681028
0 0.750513 0.350046 0.0152571 0.0732362 0.672243
0 0.255075 0.43155 0.0147684 0.0614867 0.664391
0 0.424563 0.231706 0.0120258 0.0569535 0.664028
0 0.719996 0.401559 0.0241609 0.0744702 0.661846
0 0.71837 0.195781 0.0120098 0.0519279 0.661584
0 0.562948 0.27543 0.0104334 0.0566855 0.660524
0 0.940495 0.0889152 0.00969965 0.0408205 0.655719
0 0.439851 0.30058 0.0121109 0.0693506 0.654921
0 0.703838 0.169567 0.0107469 0.0463362 0.650831
0 0.339367 0.229426 0.00969911 0.055093 0.649504
0 0.567219 0.104206 0.00984322 0.0468636 0.648752
0 0.328466 0.181543 0.0101403 0.0482967 0.646847
0 0.207308 0.444229 0.0176149 0.0720759 0.64641
0 0.3832 0.215531 0.0105489 0.0599197 0.644737
0 0.743243 0.104438 0.00977877 0.0500788 0.644134
0 0.708308 0.62464 0.0269586 0.100923 0.643948
0 0.357211 0.218855 0.0100588 0.0517719 0.643399
0 0.388493 0.528708 0.012398 0.072555 0.64117
1 0.68477 0.362653 0.0167997 0.0493922 0.635459
0 0.444709 0.113742 0.00903127 0.0447236 0.630944
0 0.420792 0.484648 0.0177975 0.0859059 0.629355
0 0.792766 0.278357 0.0134378 0.0641296 0.626912
0 0.891073 0.0769333 0.00969768 0.0393518 0.625786
0 0.338245 0.308228 0.0114661 0.0568931 0.62207
0 0.436108 0.231168 0.0111385 0.0576498 0.619739
0 0.982056 0.836749 0.0333969 0.114369 0.616452
0 0.736454 0.405042 0.015742 0.0729805 0.61546
0 0.47578 0.114064 0.0109779 0.0417417 0.606228
0 0.613835 0.316412 0.0155632 0.0718948 0.605374
0 0.317242 0.180565 0.0103178 0.0530367 0.60122
0 0.777431 0.284784 0.0150477 0.0551059 0.599289
1 0.663311 0.516966 0.0416153 0.0453353 0.59922
0 0.132965 0.521757 0.021226 0.0835647 0.594549
0 0.948592 0.0206182 0.0103584 0.0412363 0.58617
0 0.341262 0.182359 0.0107253 0.0510016 0.584353
0 0.985824 0.777732 0.028326 0.090733 0.583826
0 0.417447 0.103966 0.00841868 0.0425578 0.575599
0 0.699322 0.29298 0.0125307 0.0620859 0.572037
0 0.439352 0.231157 0.0118302 0.0576936 0.565227
0 0.903458 0.713708 0.0310577 0.0884488 0.560484
0 0.592817 0.0179448 0.00757599 0.0341337 0.559648
0 0.903796 0.0817902 0.00738525 0.0386233 0.558139
0 0.630564 0.23122 0.0116687 0.0554043 0.553466
0 0.475298 0.11542 0.00797667 0.0425075 0.537488
0 0.381111 0.500534 0.0174538 0.0860806 0.537006
0 0.305478 0.203186 0.0107868 0.051591 0.531161
0 0.906213 0.0795235 0.0109848 0.0408987 0.526749
0 0.329725 0.277833 0.0110367 0.0517993 0.520244
1 0.900883 0.726789 0.0333991 0.0865302 0.515514
0 0.285727 0.164839 0.0101208 0.0487099 0.514881
0 0.56877 0.0988403 0.00915307 0.0467211 0.51408
0 0.621732 0.267106 0.0125 0.0600383 0.508307
1 0.920035 0.945975 0.0269761 0.0801865 0.5039
0 0.89514 0.968386 0.0271034 0.0603307 0.502408
0 0.328217 0.307936 0.0119857 0.0543326 0.49938
0 0.451309 0.0327849 0.00989685 0.0305226 0.498792
0 0.266864 0.254102 0.0123969 0.0549508 0.496099
0 0.576538 0.0269999 0.00945228 0.029949 0.493113
0 0.370209 0.265645 0.0121856 0.0624765 0.484143
0 0.940236 0.966661 0.0289815 0.0666781 0.483528
0 0.354434 0.310043 0.0127302 0.0613468 0.481963
0 0.372517 0.269741 0.0128958 0.0700545 0.481435
0 0.309552 0.294242 0.0161928 0.0686819 0.477897
0 0.777271 0.259507 0.0115141 0.0530529 0.477769
0 0.304166 0.235047 0.010438 0.0552406 0.47747
0 0.38187 0.270021 0.00937428 0.0618713 0.474832
0 0.911434 0.0846964 0.00885369 0.0355738 0.473945
0 0.319876 0.201646 0.0104614 0.0531182 0.46692
0 0.611475 0.313724 0.0134607 0.0723331 0.460291
0 0.480816 0.215226 0.0108612 0.0571539 0.459786
1 0.518799 0.156609 0.012674 0.0305953 0.451595
0 0.41769 0.463366 0.0150142 0.0614927 0.451333
1 0.682675 0.772335 0.0468659 0.0684014 0.448703
0 0.932684 0.0738933 0.00989129 0.0424794 0.440598
0 0.857042 0.0518705 0.00658372 0.027784 0.438915
0 0.43271 0.235211 0.00995654 0.0553157 0.437718
0 0.350894 0.310313 0.0116731 0.0613569 0.427303
0 0.68455 0.3635 0.0169864 0.0512967 0.424955
0 0.340035 0.195521 0.00995021 0.0448022 0.420541
0 0.991628 0.868912 0.0167436 0.110893 0.418105
1 0.900169 0.740934 0.0324904 0.0585842 0.416499
0 0.196181 0.490346 0.0217996 0.0718429 0.41556
0 0.355307 0.280079 0.0131876 0.057483 0.412581
0 0.252807 0.0854459 0.0094883 0.0377343 0.408938
0 0.450229 0.295767 0.0121158 0.0647776 0.406706
0 0.569959 0.0815478 0.0074786 0.0433431 0.3927
0 0.79051 0.282011 0.012984 0.0635888 0.390455
0 0.383829 0.528089 0.0144281 0.0732432 0.384061
1 0.1938 0.557148 0.0167999 0.0478658 0.383742
0 0.254106 0.472303 0.0195296 0.0479414 0.382214
0 0.27905 0.262008 0.0125906 0.0554945 0.381426
0 0.378531 0.275324 0.0118475 0.0566408 0.375704
1 0.703747 0.822521 0.0346672 0.0738433 0.373628
0 0.306771 0.238358 0.01092 0.0574204 0.368025
0 0.280968 0.201402 0.0103853 0.0506539 0.365086
0 0.279314 0.179261 0.00787977 0.0428172 0.360966
1 0.813923 0.0577129 0.0116863 0.0271106 0.359582
0 0.331443 0.228531 0.0103221 0.0529472 0.35647
0 0.32346 0.229609 0.0105634 0.0556164 0.354485
1 0.696378 0.822774 0.0468145 0.076468 0.343969
1 0.677501 0.165401 0.012372 0.0416995 0.343611
9 0.816007 0.0611542 0.0202492 0.0255929 0.343521
0 0.65925 0.297156 0.0120782 0.0471325 0.327131
0 0.37964 0.525702 0.014573 0.0767297 0.32489
0 0.920913 0.944354 0.0254692 0.0822128 0.320406
0 0.74382 0.114544 0.00905403 0.0411711 0.320079
0 0.912941 0.0877227 0.0116455 0.0344395 0.314171
1 0.165131 0.0327532 0.00921417 0.0308818 0.312976
1 0.197867 0.494347 0.0243341 0.0649523 0.312124
0 0.282332 0.260081 0.0100566 0.0538306 0.311569
0 0.329254 0.191523 0.0102323 0.0487006 0.311141
0 0.710322 0.144082 0.0113304 0.0461614 0.310616
0 0.483774 0.219334 0.0121187 0.058267 0.309583
0 0.786793 0.262103 0.0109794 0.0526279 0.309272
0 0.573955 0.0270733 0.0104106 0.0290723 0.307861
0 0.632316 0.237209 0.0124641 0.054038 0.298312
0 0.287943 0.165621 0.011625 0.0482661 0.298093
1 0.880384 0.176536 0.0239587 0.031827 0.294393
1 0.68364 0.615887 0.0363718 0.0794515 0.29197
0 0.376151 0.266917 0.0121037 0.0625804 0.289637
0 0.164623 0.0332376 0.00856872 0.0290622 0.287689
0 0.67118 0.301261 0.0106717 0.0430971 0.285499
1 0.645195 0.141075 0.0128052 0.0373273 0.281966
1 0.203349 0.563449 0.0197911 0.0585778 0.280299
1 0.695423 0.854541 0.0403443 0.0646223 0.277281
0 0.993284 0.0530183 0.0115795 0.0337253 0.276985
1 0.206791 0.766931 0.0266322 0.085395 0.268327
1 0.730839 0.852895 0.0214211 0.0819543 0.268205
2 0.424538 0.137574 0.020034 0.0292651 0.265879
0 0.287107 0.298974 0.0112378 0.0614878 0.265047
0 0.44879 0.032431 0.0100845 0.0311678 0.264541
0 0.350835 0.298923 0.011719 0.0668583 0.263695
9 0.879005 0.177553 0.0259786 0.0299072 0.262455
0 0.310676 0.202042 0.01135 0.0514941 0.262147
9 0.682122 0.775583 0.047637 0.0725898 0.259188
0 0.377049 0.525569 0.0131162 0.0774141 0.258849
1 0.78067 0.0440916 0.0103043 0.0295137 0.257542
0 0.315402 0.246951 0.00892965 0.0624864 0.253415
0 0.191642 0.0263563 0.00865643 0.0280197 0.253347
