3 0.408309 0.80714 0.112646 0.180971 0.930005
4 0.37656 0.673364 0.0654559 0.164813 0.91318
3 0.735957 0.488367 0.0601321 0.143682 0.907026
3 0.394075 0.517528 0.0829862 0.144549 0.899026
3 0.860834 0.346542 0.0591541 0.0929019 0.88736
3 0.733405 0.106352 0.0379572 0.0602253 0.871377
4 0.469568 0.103994 0.0585696 0.0966295 0.813522
3 0.463752 0.0524896 0.0307436 0.0590047 0.809631
3 0.445827 0.183927 0.0381582 0.0778877 0.807877
3 0.643057 0.0202274 0.0272654 0.0397897 0.807132
4 0.674397 0.163548 0.035279 0.0903287 0.783557
9 0.279023 0.597648 0.0401614 0.0551639 0.7796
1 0.62883 0.6799 0.0204395 0.0635124 0.720674
9 0.490992 0.733483 0.0211498 0.0874436 0.705781
3 0.434679 0.255373 0.0510126 0.0751664 0.691953
3 0.418675 0.344652 0.0452789 0.0889601 0.687385
9 0.661362 0.46735 0.0170093 0.0611383 0.652387
1 0.630148 0.512874 0.0157009 0.0560685 0.623994
8 0.908507 0.0488513 0.0766415 0.0965819 0.612806
9 0.51147 0.592088 0.0188841 0.0663668 0.603464
0 0.566233 0.5741 0.0140279 0.066163 0.561644
1 0.662345 0.440008 0.0158581 0.0600343 0.531343
9 0.300915 0.56923 0.0395217 0.0451921 0.529271
1 0.509531 0.0351203 0.00945933 0.0373822 0.524555
9 0.62914 0.534215 0.0150608 0.057268 0.522147
2 0.628752 0.705202 0.0226584 0.0763263 0.509809
1 0.512666 0.567015 0.0164223 0.0594613 0.501014
9 0.0828916 0.834128 0.0358541 0.0806654 0.471001
1 0.601144 0.178083 0.0136063 0.0441278 0.445758
0 0.371383 0.0483103 0.00919198 0.0385698 0.435417
9 0.600878 0.19025 0.0127893 0.0444845 0.413251
0 0.364462 0.119572 0.00885912 0.0444997 0.37998
9 0.509369 0.0416536 0.00900937 0.0338789 0.379435
0 0.381287 0.0757963 0.00954814 0.0385884 0.352665
2 0.302676 0.568517 0.0394383 0.0482498 0.319932
0 0.575136 0.59123 0.0123543 0.0613727 0.319727
0 0.571362 0.582598 0.0139302 0.074734 0.317408
1 0.490553 0.728445 0.0205736 0.0771026 0.317057
5 0.908234 0.0485308 0.0768516 0.0959811 0.289084
9 0.330094 0.543151 0.0317068 0.0397293 0.28385
2 0.330859 0.537227 0.0304276 0.0493253 0.271851
6 0.979436 0.139518 0.0406573 0.0442741 0.269367
