3 0.384435 0.800322 0.0337725 0.0435062 0.871669
3 0.945272 0.886052 0.0234863 0.0499997 0.857586
3 0.241235 0.791554 0.0244872 0.0396642 0.849265
3 0.316908 0.856833 0.0366261 0.0344947 0.843773
3 0.434698 0.750082 0.0323885 0.0455677 0.836249
3 0.963631 0.971981 0.0251339 0.0540592 0.822152
3 0.524559 0.823454 0.029497 0.0441701 0.820852
3 0.597162 0.735547 0.0250484 0.0333398 0.818859
3 0.538195 0.84437 0.0321143 0.0460527 0.81728
3 0.192542 0.700259 0.0214616 0.0344614 0.810416
3 0.210229 0.733734 0.020109 0.0367137 0.810096
3 0.229878 0.688478 0.0218554 0.0308475 0.808498
3 0.311314 0.823992 0.0417439 0.0326976 0.804904
3 0.521207 0.954434 0.0402468 0.0570241 0.804058
3 0.625817 0.641115 0.0219467 0.0275425 0.800247
3 0.118492 0.559363 0.0166737 0.0243548 0.797548
3 0.571316 0.87479 0.0285742 0.0470164 0.792682
3 0.463503 0.905611 0.0369028 0.0544798 0.788521
3 0.645202 0.768081 0.0274123 0.0405745 0.784563
3 0.617615 0.708715 0.0236443 0.0319166 0.78401
3 0.554804 0.858162 0.029627 0.044289 0.781233
3 0.76484 0.659743 0.0204358 0.0299879 0.78042
3 0.480804 0.923964 0.0374239 0.0500302 0.778085
3 0.104019 0.528619 0.0143681 0.0217048 0.773867
3 0.589091 0.668025 0.0301298 0.0264407 0.769148
3 0.169179 0.654289 0.0193127 0.0324881 0.76656
3 0.632782 0.720666 0.0233557 0.0293054 0.760656
3 0.594006 0.62935 0.019297 0.0256733 0.760084
3 0.499481 0.657543 0.0137503 0.0311568 0.752334
3 0.325214 0.663471 0.0240437 0.0257702 0.75092
3 0.617792 0.914481 0.0304223 0.0483816 0.746262
3 0.585553 0.824717 0.0300331 0.0360413 0.743253
3 0.139742 0.592674 0.0161216 0.0270353 0.739595
3 0.836564 0.533639 0.015332 0.0234792 0.731118
3 0.670519 0.63791 0.0230789 0.0268205 0.728608
3 0.349672 0.938075 0.0292656 0.0596177 0.715239
3 0.626729 0.756757 0.0235536 0.0308027 0.712869
3 0.990586 0.557195 0.0149094 0.0247813 0.697161
3 0.496937 0.945269 0.0306658 0.0488961 0.695054
3 0.617367 0.608825 0.0225082 0.0241989 0.690372
3 0.254787 0.641607 0.0203396 0.0252575 0.685415
3 0.566209 0.808556 0.0289812 0.0404002 0.68532
3 0.655492 0.628088 0.0213807 0.0256756 0.675995
3 0.644404 0.570833 0.018715 0.0225985 0.669868
3 0.664278 0.670155 0.0218533 0.0329845 0.669701
3 0.158487 0.490707 0.0143158 0.0170264 0.666073
3 0.700127 0.596495 0.0242983 0.0280095 0.659715
3 0.28028 0.625874 0.0212015 0.0249069 0.65409
3 0.648033 0.730748 0.0236166 0.0331492 0.650624
3 0.754184 0.505746 0.0156353 0.0233141 0.650262
3 0.191504 0.512431 0.0169983 0.0195784 0.649348
3 0.0843152 0.451692 0.0198289 0.0169685 0.646008
3 0.684558 0.590112 0.0143797 0.0252392 0.643831
3 0.257865 0.535854 0.0177067 0.0192145 0.64343
3 0.721091 0.596654 0.0230261 0.0302672 0.642984
3 0.75375 0.559903 0.0180714 0.0220856 0.637295
3 0.635776 0.657176 0.0210186 0.0239605 0.637188
3 0.69633 0.574424 0.0168156 0.0232766 0.636681
3 0.731534 0.528945 0.0164072 0.0227868 0.634382
3 0.732528 0.493446 0.0169714 0.0236847 0.630797
3 0.246514 0.614618 0.0201375 0.0239026 0.626072
3 0.188574 0.530332 0.0182459 0.0211426 0.625111
3 0.238467 0.571172 0.0157775 0.0205449 0.617616
3 0.343882 0.585619 0.0200262 0.0229109 0.616573
3 0.295083 0.613821 0.0199822 0.0252275 0.613073
3 0.284057 0.694034 0.0212823 0.0277656 0.611716
3 0.434088 0.532655 0.0222045 0.0246918 0.610771
3 0.170658 0.488672 0.0123226 0.0173617 0.610448
3 0.365919 0.615743 0.025602 0.02175 0.607045
3 0.75386 0.537813 0.0201219 0.0208255 0.605669
3 0.270279 0.550788 0.0148958 0.0229148 0.603564
3 0.311025 0.674894 0.0257079 0.0263741 0.60321
3 0.668423 0.560703 0.0189774 0.0205794 0.601412
3 0.729946 0.54989 0.014915 0.023346 0.600484
3 0.183117 0.483785 0.0127745 0.0151662 0.597711
3 0.294744 0.582664 0.0157105 0.0212441 0.595121
3 0.697124 0.684625 0.0165686 0.0281491 0.590582
3 0.804659 0.52556 0.0142104 0.022565 0.590142
3 0.743493 0.49616 0.0158559 0.0259047 0.583794
3 0.263662 0.605623 0.0199816 0.0234699 0.583422
3 0.669959 0.583073 0.0189871 0.0285331 0.579444
3 0.76847 0.51027 0.0176313 0.0243435 0.574996
3 0.229185 0.507685 0.0169103 0.0212273 0.5732
3 0.632279 0.616002 0.0229788 0.0253634 0.572894
3 0.604232 0.838805 0.0275815 0.0357676 0.569588
3 0.742868 0.551405 0.0169154 0.0258152 0.569291
3 0.166335 0.470674 0.014478 0.0162755 0.56906
3 0.683244 0.680992 0.0207466 0.0272485 0.568488
3 0.32765 0.594236 0.0187634 0.0211997 0.568188
3 0.7791 0.467396 0.0144304 0.0205139 0.56373
3 0.179454 0.535725 0.0144422 0.0181029 0.563691
3 0.742601 0.500189 0.0159406 0.0242593 0.563597
3 0.705417 0.519274 0.019174 0.0196103 0.563313
3 0.143003 0.451203 0.0143219 0.015736 0.56208
3 0.829468 0.449197 0.0125553 0.0193208 0.561821
3 0.81625 0.479169 0.014233 0.0212878 0.561469
3 0.256469 0.560791 0.0155058 0.0217533 0.560129
3 0.715516 0.544625 0.0147474 0.0223672 0.560091
3 0.435726 0.537676 0.0207755 0.0248094 0.558491
3 0.17865 0.512081 0.0170419 0.0193949 0.554489
3 0.208168 0.518355 0.0154626 0.0226198 0.554349
3 0.295419 0.681961 0.0255917 0.0261949 0.55144
3 0.201158 0.523485 0.0156362 0.019915 0.547923
3 0.779759 0.51576 0.0154026 0.0216891 0.546117
3 0.217088 0.514782 0.0141869 0.0197118 0.545278
3 0.809264 0.458202 0.0110727 0.0208009 0.543246
3 0.641502 0.65155 0.020322 0.0250975 0.541025
3 0.612861 0.749232 0.0210215 0.0261692 0.540767
3 0.656739 0.578919 0.0156507 0.0240281 0.539053
3 0.218828 0.49641 0.0157632 0.0160875 0.537844
3 0.152739 0.449361 0.0125144 0.0146255 0.536435
3 0.767658 0.498267 0.0162885 0.0208226 0.534363
3 0.792318 0.466748 0.0157342 0.0222429 0.526272
3 0.312285 0.603989 0.0185505 0.022734 0.525523
3 0.862047 0.473181 0.0131783 0.0187314 0.520666
3 0.610355 0.633825 0.0180222 0.0225525 0.520368
3 0.144347 0.407036 0.013053 0.0142337 0.515775
3 0.135638 0.453263 0.00986432 0.0176598 0.513713
3 0.291534 0.612451 0.0190832 0.0240211 0.511638
3 0.780569 0.548647 0.0158203 0.0233288 0.510859
3 0.879726 0.440326 0.0135195 0.0154114 0.507391
3 0.0742344 0.423801 0.0115359 0.015672 0.506092
3 0.246272 0.555068 0.0163793 0.0215231 0.504532
3 0.211614 0.516271 0.0190129 0.0202177 0.503233
3 0.10483 0.415278 0.0128795 0.0139574 0.502889
3 0.706721 0.581301 0.0186697 0.0224772 0.500111
3 0.703354 0.535491 0.0189471 0.0240172 0.498117
3 0.268328 0.631521 0.0205348 0.0275772 0.497441
3 0.232226 0.55036 0.0142806 0.0193388 0.495579
3 0.691924 0.531513 0.016162 0.0244251 0.494675
3 0.150954 0.47272 0.0126072 0.0150094 0.493917
3 0.790788 0.517419 0.0174351 0.0228929 0.492317
3 0.116844 0.413587 0.0101966 0.0172752 0.491992
3 0.119044 0.408866 0.0123818 0.017737 0.491748
3 0.277246 0.54779 0.01516 0.0219671 0.487777
3 0.766348 0.46418 0.0139153 0.0192244 0.4863
3 0.0805903 0.423102 0.0175188 0.0157136 0.484543
3 0.317439 0.575914 0.0178647 0.0215763 0.484162
3 0.154014 0.400151 0.0134163 0.0147261 0.483976
3 0.203803 0.562264 0.0185399 0.0205951 0.483839
3 0.613596 0.74624 0.0244768 0.0296136 0.482384
3 0.790046 0.473684 0.0158934 0.0197929 0.481572
3 0.21573 0.549157 0.0156469 0.0181373 0.480687
3 0.693218 0.650784 0.0177284 0.0274512 0.479449
3 0.195454 0.479906 0.0119625 0.0179752 0.477389
3 0.128849 0.480294 0.0118555 0.0175664 0.476169
3 0.659864 0.559875 0.0174059 0.0252296 0.474515
3 0.855738 0.427816 0.0129761 0.0192668 0.473949
3 0.641453 0.622721 0.0179878 0.0262451 0.473521
3 0.242956 0.542056 0.0189754 0.0180102 0.472826
3 0.820367 0.445097 0.0156105 0.0193236 0.469827
3 0.685042 0.570626 0.01572 0.0200285 0.466906
3 0.900587 0.421858 0.0133484 0.0159211 0.464442
3 0.717041 0.529268 0.0172483 0.0235443 0.461008
3 0.268123 0.532128 0.0159307 0.0171968 0.460569
3 0.715625 0.522246 0.0174671 0.01935 0.460467
3 0.807756 0.428984 0.01465 0.0170919 0.458768
3 0.226448 0.573673 0.0155492 0.0252369 0.458745
3 0.177289 0.466077 0.0129392 0.0166724 0.455661
3 0.697519 0.655707 0.0173574 0.0272277 0.453665
3 0.250468 0.616134 0.0179464 0.0238615 0.452439
3 0.792189 0.52218 0.0162237 0.0229527 0.448397
3 0.231108 0.462801 0.0132719 0.0150552 0.443834
3 0.769397 0.546283 0.014728 0.0209514 0.443486
3 0.743581 0.540142 0.0172476 0.0232613 0.439581
3 0.195512 0.571926 0.014727 0.0227581 0.439569
3 0.281529 0.599825 0.0176886 0.0209388 0.439087
3 0.194944 0.475919 0.0133644 0.0185707 0.437953
3 0.12844 0.407503 0.0115716 0.0150216 0.433537
3 0.145786 0.475296 0.01206 0.0175405 0.432488
3 0.834096 0.414792 0.0107803 0.0155637 0.428385
3 0.647121 0.563179 0.0191727 0.0279593 0.424245
3 0.17604 0.463429 0.0139583 0.0164498 0.42281
3 0.757888 0.487625 0.0144293 0.0213781 0.416722
3 0.840023 0.448327 0.0140594 0.0199349 0.41664
3 0.274247 0.546504 0.015636 0.0216249 0.414274
3 0.846293 0.42488 0.0139481 0.0180478 0.413284
3 0.229973 0.54834 0.0173977 0.0199806 0.411579
3 0.818561 0.473132 0.011764 0.0196905 0.409743
3 0.168388 0.518687 0.0172435 0.0170364 0.407007
3 0.807997 0.439044 0.0121578 0.0162074 0.406524
3 0.65195 0.659556 0.0215361 0.0251062 0.406075
3 0.286844 0.588218 0.0166988 0.0209887 0.405925
1 0.915688 0.888598 0.00680141 0.0235728 0.405163
3 0.166598 0.521442 0.0143052 0.0176576 0.401722
3 0.674414 0.639042 0.0207493 0.0258321 0.401431
3 0.219507 0.575004 0.0182472 0.0285216 0.400118
3 0.659305 0.665739 0.0252214 0.0289985 0.399863
3 0.729343 0.546915 0.0185472 0.024069 0.399308
3 0.318338 0.66659 0.0214772 0.023961 0.396475
3 0.16782 0.396447 0.0127805 0.011091 0.394546
3 0.315955 0.599206 0.0182021 0.0219586 0.394358
3 0.67678 0.564916 0.0163043 0.0215042 0.391894
3 0.717175 0.603695 0.0256474 0.0272902 0.389356
3 0.182856 0.479918 0.0117822 0.0162347 0.389038
3 0.898679 0.420729 0.0142025 0.015624 0.385795
3 0.210813 0.574537 0.0179731 0.024212 0.381988
3 0.803617 0.515028 0.0149385 0.0224999 0.380496
3 0.261547 0.608254 0.0185371 0.0215532 0.376617
3 0.311972 0.581222 0.0170187 0.0225388 0.375588
3 0.780472 0.449095 0.0104975 0.0178677 0.375267
3 0.320804 0.663428 0.0227939 0.0238013 0.372404
3 0.809922 0.479345 0.0115244 0.0195867 0.371111
3 0.232963 0.543448 0.0153182 0.0202511 0.367288
3 0.831257 0.490075 0.0128071 0.0202129 0.364005
3 0.638323 0.651353 0.0243584 0.0289005 0.363244
3 0.32893 0.564603 0.0171226 0.0211324 0.361791
3 0.845318 0.486138 0.0141468 0.0236549 0.361677
3 0.939662 0.342097 0.0121799 0.0115788 0.360129
3 0.806989 0.524677 0.0159967 0.0229369 0.359541
3 0.775324 0.547849 0.0173534 0.0224257 0.359352
3 0.182301 0.392201 0.0127439 0.0156242 0.3579
3 0.794402 0.455126 0.0144794 0.0214849 0.357038
3 0.79347 0.477877 0.0175434 0.0220888 0.354742
3 0.958118 0.349049 0.0129692 0.0132277 0.353469
3 0.683239 0.640794 0.018458 0.0268937 0.349635
3 0.665219 0.561394 0.0207079 0.0215868 0.349544
3 0.820823 0.424553 0.0143105 0.0184557 0.347716
3 0.609873 0.602378 0.0197523 0.0244582 0.345132
3 0.6132 0.623816 0.0225554 0.0294895 0.345067
3 0.239131 0.50875 0.0145647 0.0189473 0.344648
3 0.757086 0.559853 0.0182226 0.023088 0.343706
3 0.76577 0.576563 0.017512 0.0267577 0.34127
3 0.0889281 0.419161 0.0126851 0.0133696 0.337895
3 0.0804822 0.451964 0.0134021 0.0154824 0.337834
3 0.16829 0.524446 0.0170598 0.0184146 0.334942
3 0.686699 0.570952 0.0207842 0.0225549 0.333467
3 0.930248 0.339432 0.0136753 0.0126122 0.330145
3 0.904003 0.376594 0.019006 0.0146208 0.324938
3 0.330185 0.580283 0.0170222 0.0224784 0.323029
3 0.271993 0.630983 0.0231347 0.0264047 0.319695
3 0.958598 0.34525 0.0128931 0.012718 0.3153
3 0.282212 0.544428 0.0185747 0.0227136 0.307956
3 0.779877 0.460911 0.0145506 0.0181415 0.300113
3 0.892317 0.357969 0.0167572 0.0136035 0.299893
3 0.885716 0.36315 0.0120958 0.0152542 0.297963
3 0.879198 0.366305 0.0145428 0.0138772 0.297249
3 0.261669 0.531702 0.0194327 0.0196192 0.294217
3 0.199346 0.56569 0.0181326 0.0209024 0.293254
3 0.883055 0.36999 0.0130108 0.0157132 0.292184
3 0.298328 0.615026 0.018399 0.0245789 0.292166
3 0.298345 0.679541 0.0222967 0.0285143 0.291578
3 0.157632 0.542205 0.0145542 0.0242708 0.29123
3 0.809476 0.432574 0.0146658 0.0185546 0.288717
3 0.144603 0.479336 0.0114419 0.0193358 0.288694
3 0.250431 0.566315 0.0154049 0.0229872 0.288685
3 0.593599 0.829775 0.023233 0.039733 0.284099
3 0.700324 0.654164 0.0219671 0.028567 0.283119
3 0.227577 0.499959 0.0171765 0.0224808 0.28173
3 0.944002 0.340664 0.0119053 0.0146962 0.276064
3 0.164142 0.472241 0.0120813 0.0163676 0.272149
3 0.622792 0.611231 0.0228798 0.0240412 0.266608
3 0.840762 0.437327 0.0129215 0.0198174 0.266095
3 0.955275 0.334799 0.0104595 0.0108641 0.261382
3 0.133025 0.456245 0.0104189 0.0209413 0.259361
3 0.898212 0.375298 0.0132198 0.0141958 0.255944
3 0.767043 0.540088 0.0147232 0.0267718 0.255242
3 0.714123 0.584921 0.0180842 0.0223624 0.25059
3 0.766803 0.448383 0.0118632 0.0179565 0.250538
