3 0.764518 0.328013 0.0446491 0.0749761 0.787876
3 0.75822 0.107383 0.0350128 0.0313614 0.7827
3 0.716705 0.11748 0.0339172 0.0341957 0.776289
0 0.58599 0.968871 0.0158536 0.056684 0.766683
0 0.383865 0.583084 0.0109075 0.0495248 0.754864
0 0.397029 0.622847 0.00936109 0.0422211 0.737879
3 0.79808 0.0832738 0.0371526 0.0292752 0.736058
3 0.731935 0.0619339 0.0180327 0.0343265 0.71782
0 0.806879 0.842734 0.0179888 0.0599799 0.714682
0 0.392031 0.518168 0.00830908 0.0451319 0.714333
3 0.268493 0.250343 0.01614 0.0345041 0.713413
0 0.603976 0.701795 0.0103433 0.0538465 0.705857
0 0.528743 0.627036 0.0114971 0.0453414 0.701408
0 0.489507 0.470118 0.0110289 0.0478788 0.696661
0 0.476682 0.588917 0.0101683 0.0447256 0.687616
0 0.739677 0.204085 0.00836648 0.0320018 0.6826
0 0.789121 0.684416 0.015905 0.0446761 0.682458
3 0.0138796 0.192494 0.0276897 0.034102 0.680825
0 0.496608 0.642612 0.0091524 0.0455733 0.65452
0 0.366138 0.488788 0.00936322 0.0499345 0.653235
0 0.338786 0.801594 0.0128017 0.0688307 0.65291
0 0.834096 0.869447 0.0197601 0.0617617 0.649421
0 0.611891 0.954562 0.0152828 0.0663516 0.646382
0 0.572757 0.438145 0.0105747 0.0428557 0.643541
3 0.709573 0.0907893 0.0366055 0.0245497 0.640596
0 0.411496 0.55634 0.0101447 0.0489412 0.639332
0 0.578589 0.847323 0.0120745 0.0555189 0.63737
0 0.480617 0.309214 0.00720767 0.0339477 0.631778
0 0.376878 0.443654 0.00884741 0.0454568 0.627406
0 0.580361 0.740915 0.0150652 0.0504229 0.626511
0 0.374428 0.648446 0.0134534 0.0571791 0.623101
0 0.602217 0.797551 0.0139939 0.060157 0.622145
0 0.415302 0.339313 0.00883426 0.0402295 0.617836
0 0.381391 0.517319 0.00925172 0.0454084 0.615458
0 0.416072 0.61671 0.0101757 0.0461375 0.615401
0 0.68114 0.234343 0.00813581 0.031027 0.601935
0 0.510709 0.437991 0.00868167 0.0409934 0.596121
0 0.535424 0.397475 0.0084259 0.0355482 0.592951
3 0.892893 0.0489843 0.0367321 0.0257268 0.588536
0 0.506658 0.287561 0.00666683 0.0333676 0.585807
0 0.426032 0.613139 0.0110813 0.0546875 0.584606
4 0.744387 0.176494 0.0269841 0.0388416 0.578361
3 0.919524 0.0921858 0.0390223 0.0256284 0.57269
3 0.876994 0.0361266 0.0321539 0.023293 0.566312
0 0.56789 0.726602 0.0109266 0.0508144 0.559588
0 0.353251 0.731173 0.0128904 0.0518267 0.547626
3 0.702603 0.0524024 0.0302304 0.0243776 0.541072
3 0.810686 0.0616121 0.0334903 0.0217788 0.538073
3 0.834926 0.0305208 0.0204842 0.0276065 0.537822
3 0.785509 0.0630901 0.0342213 0.0279556 0.532687
3 0.767651 0.0377451 0.0316948 0.0264722 0.530521
0 0.559579 0.625906 0.0101509 0.0521772 0.525735
3 0.932521 0.11416 0.0380439 0.0284258 0.525156
3 0.903757 0.0717356 0.0321121 0.0275653 0.520265
3 0.868616 0.0222024 0.0340293 0.024002 0.51979
3 0.774091 0.0473295 0.0384567 0.0274208 0.514842
4 0.69114 0.174834 0.0302288 0.0454248 0.513769
3 0.038744 0.170976 0.0306375 0.0371052 0.509563
0 0.505624 0.643545 0.00988752 0.0466055 0.5072
0 0.389613 0.334008 0.00767127 0.0371923 0.505803
0 0.35522 0.499651 0.0091496 0.037898 0.505185
0 0.363365 0.386753 0.00823847 0.0422856 0.504472
3 0.926938 0.102444 0.0393409 0.0276118 0.502257
3 0.915675 0.0885794 0.0349319 0.0240464 0.500708
0 0.534793 0.431933 0.00871048 0.040086 0.494883
3 0.732084 0.0142155 0.0215331 0.0280479 0.494799
3 0.709373 0.080277 0.0373589 0.0285301 0.492191
3 0.944283 0.12589 0.0389271 0.0244302 0.487352
0 0.562989 0.753134 0.0118826 0.0531803 0.486404
0 0.441651 0.32736 0.00796805 0.0353865 0.482516
0 0.544426 0.398673 0.00716885 0.0372552 0.477205
3 0.773776 0.0380811 0.0413903 0.0273205 0.474546
0 0.264322 0.62233 0.0109093 0.0512381 0.467709
3 0.871312 0.0181547 0.0336571 0.0237679 0.466479
0 0.640819 0.83529 0.0167103 0.0563039 0.463641
3 0.948182 0.140731 0.0430459 0.0317096 0.454381
0 0.574959 0.794605 0.0129022 0.0575185 0.454225
0 0.360062 0.738611 0.0125971 0.0617097 0.448383
3 0.776616 0.0291664 0.0328535 0.0222549 0.439975
3 0.946547 0.134707 0.0413887 0.0281545 0.436511
3 0.874067 0.0263652 0.0332664 0.0262066 0.432013
3 0.744064 0.175851 0.0267821 0.0387904 0.427915
0 0.227601 0.149439 0.0073533 0.0221316 0.426124
0 0.427124 0.620907 0.0106404 0.0535987 0.425782
0 0.284709 0.604678 0.00843973 0.0433928 0.423914
0 0.531207 0.636643 0.0118446 0.0575906 0.423286
0 0.367085 0.497509 0.0095941 0.0367365 0.418819
0 0.745144 0.0354355 0.00661792 0.0247726 0.41847
0 0.531884 0.650713 0.0124196 0.0394525 0.416054
0 0.357453 0.732349 0.0141272 0.0541177 0.412489
3 0.886198 0.163067 0.0317929 0.0369797 0.402447
0 0.241589 0.141124 0.0067602 0.0239336 0.39291
0 0.470683 0.270247 0.00757922 0.0317479 0.389121
0 0.536485 0.392966 0.00844412 0.0364543 0.382509
0 0.497674 0.648994 0.0113774 0.0569455 0.379644
3 0.909626 0.0840552 0.0351741 0.0224948 0.375325
3 0.707497 0.0720952 0.0344676 0.0269051 0.372442
1 0.759389 0.759296 0.0195114 0.0421322 0.368343
3 0.947944 0.149236 0.0416973 0.0319336 0.36807
0 0.687214 0.294324 0.00756522 0.0386717 0.366574
3 0.777407 0.0500342 0.0365918 0.0246611 0.365144
3 0.808353 0.148437 0.035305 0.0287264 0.364555
3 0.886239 0.0444308 0.0369641 0.0235558 0.36416
0 0.473245 0.335098 0.00900987 0.0309572 0.358922
0 0.36472 0.384085 0.00841094 0.0401214 0.356642
0 0.597538 0.987835 0.0119409 0.0243291 0.355629
0 0.440534 0.317213 0.00744799 0.0368047 0.355562
0 0.75919 0.0173009 0.00775595 0.0241201 0.354302
0 0.504916 0.633017 0.00988635 0.0481662 0.353044
0 0.251524 0.508378 0.00980709 0.0371414 0.352189
3 0.873059 0.0328252 0.0320019 0.0224959 0.351754
0 0.532503 0.439305 0.010668 0.035963 0.348172
0 0.492098 0.27826 0.00871429 0.0298645 0.345938
0 0.354186 0.760115 0.01476 0.0521298 0.343415
0 0.572738 0.431667 0.00870478 0.0439188 0.343117
0 0.262996 0.518766 0.0092528 0.0403436 0.341442
0 0.416353 0.630536 0.0107829 0.0421141 0.337255
0 0.459303 0.307096 0.00784979 0.0352387 0.336611
0 0.354353 0.493834 0.00971184 0.0491219 0.33445
0 0.491808 0.269084 0.00684909 0.0371651 0.333818
3 0.907805 0.0785794 0.033913 0.0276244 0.321653
0 0.527644 0.632675 0.0122313 0.0519203 0.32162
0 0.546078 0.481225 0.00990273 0.0381311 0.320637
3 0.782005 0.0526271 0.0360637 0.0239828 0.320437
0 0.50852 0.290015 0.00857239 0.0314239 0.316397
0 0.661725 0.243608 0.00787946 0.0370013 0.311954
4 0.692094 0.0274118 0.0328239 0.0277536 0.30449
0 0.484122 0.246742 0.00676862 0.0307216 0.300914
0 0.353277 0.481414 0.00881428 0.0442378 0.299958
0 0.544115 0.414141 0.00842931 0.0342179 0.292323
0 0.377801 0.447401 0.00893317 0.0456789 0.28929
3 0.697739 0.0216412 0.0320019 0.0234566 0.287786
3 0.866598 0.0109095 0.0373317 0.021819 0.285216
0 0.247236 0.627041 0.011678 0.0523141 0.281231
3 0.7055 0.0594288 0.0321333 0.0296738 0.280107
0 0.531928 0.217703 0.00790217 0.0325494 0.279756
0 0.40194 0.337371 0.00902957 0.0361914 0.277235
1 0.668251 0.544037 0.011593 0.0403064 0.276739
4 0.678178 0.0120714 0.0320006 0.0241427 0.271157
9 0.655248 0.459846 0.0165491 0.0388936 0.26566
0 0.482467 0.258764 0.00713882 0.0364568 0.261279
0 0.665181 0.741875 0.0174097 0.0474711 0.260749
3 0.704427 0.01104 0.0256251 0.02208 0.256129
0 0.534163 0.201798 0.00734787 0.0291543 0.255951
0 0.553338 0.225447 0.00662173 0.0269933 0.255917
9 0.62664 0.424189 0.0155882 0.0298206 0.250142
0 0.505689 0.263246 0.00645056 0.0343362 0.25014
0 0.247153 0.614076 0.0116529 0.0464959 0.250005
