3 0.298231 0.470212 0.0719083 0.159477 0.918249
4 0.127302 0.34003 0.0797496 0.129985 0.912459
3 0.777794 0.445066 0.128568 0.109465 0.911883
3 0.4576 0.463561 0.0561716 0.149694 0.891205
3 0.140582 0.0478236 0.0419889 0.0956473 0.84681
0 0.541205 0.452746 0.0146224 0.0598149 0.843804
9 0.970154 0.427103 0.0288313 0.0727378 0.830741
9 0.392037 0.375151 0.0147352 0.0637768 0.761195
0 0.569114 0.475537 0.0145974 0.042709 0.7187
0 0.0592482 0.206563 0.0167502 0.0507712 0.650708
2 0.841278 0.342734 0.0394653 0.0451875 0.531406
6 0.16707 0.210375 0.03323 0.0812044 0.505544
2 0.926704 0.356678 0.0479538 0.0456717 0.492955
2 0.266403 0.411672 0.0177431 0.0567274 0.428551
0 0.0807385 0.197069 0.0167177 0.0530083 0.397768
2 0.479872 0.323547 0.0260242 0.0513201 0.391686
9 0.684386 0.715104 0.0208522 0.0898107 0.353269
9 0.078426 0.028043 0.0275874 0.0425939 0.290193
7 0.128575 0.778717 0.0953318 0.0907125 0.286245
2 0.35428 0.316628 0.038362 0.0427291 0.270027
3 0.10564 0.442694 0.112223 0.0944736 0.260845
