7 0.973144 0.699432 0.0537125 0.0684504 0.909365
3 0.314646 0.788873 0.0499749 0.1248 0.907153
3 0.353723 0.288333 0.0216854 0.0386269 0.870656
3 0.360539 0.540318 0.0375775 0.0848997 0.865806
3 0.419431 0.544419 0.0320766 0.0787473 0.851809
3 0.234327 0.444821 0.0374911 0.0497625 0.84645
3 0.502264 0.370965 0.0222569 0.0411633 0.844017
3 0.512078 0.300844 0.0216856 0.0388485 0.84008
3 0.9371 0.503848 0.0457214 0.0548048 0.816025
3 0.503803 0.170457 0.0132387 0.02552 0.801307
3 0.429098 0.485148 0.0296332 0.0705619 0.770515
9 0.675685 0.748562 0.032894 0.0424711 0.769839
5 0.525179 0.792645 0.0384319 0.1211 0.763994
1 0.180673 0.94098 0.0206017 0.0551617 0.749826
3 0.338187 0.315501 0.0227146 0.0414175 0.739411
9 0.590987 0.674859 0.0135427 0.0457982 0.736735
6 0.691808 0.5084 0.0335917 0.064601 0.731069
1 0.31545 0.544387 0.0103471 0.0331327 0.71853
9 0.776582 0.864916 0.0469142 0.0557309 0.70622
9 0.132236 0.63397 0.0143805 0.0378751 0.70547
9 0.179659 0.964041 0.0247252 0.0692495 0.70092
1 0.382983 0.850942 0.0154666 0.0427094 0.69957
9 0.803068 0.713248 0.0149395 0.0515059 0.696451
9 0.611957 0.950979 0.0190543 0.0692763 0.681074
6 0.559751 0.434787 0.020494 0.0568505 0.675894
9 0.384141 0.87371 0.0176741 0.0659088 0.664703
1 0.679765 0.591939 0.0121267 0.0406361 0.649925
1 0.593086 0.495317 0.0100743 0.0353034 0.647727
9 0.592848 0.501796 0.0105815 0.0368271 0.626574
7 0.912657 0.76839 0.0585175 0.0780153 0.612546
6 0.727555 0.813421 0.0612835 0.0606947 0.601517
9 0.678255 0.598549 0.0157909 0.0388109 0.595403
1 0.681252 0.739619 0.0137913 0.0490399 0.57819
9 0.619231 0.553148 0.0113398 0.0413184 0.565712
1 0.619517 0.547817 0.0105824 0.0355566 0.563745
9 0.315494 0.557095 0.0105346 0.0398759 0.554882
1 0.78117 0.855715 0.0153667 0.0540517 0.550967
1 0.611987 0.935464 0.0173161 0.0513526 0.546978
9 0.612955 0.429523 0.00860322 0.032145 0.543302
3 0.532727 0.0611117 0.0117631 0.0185539 0.53242
3 0.534257 0.0837171 0.00987419 0.0187936 0.530354
1 0.592061 0.665503 0.0117114 0.0446046 0.526922
9 0.232301 0.549693 0.0144876 0.0385249 0.524978
1 0.232428 0.541281 0.0135772 0.043906 0.519742
6 0.0176183 0.688719 0.0350346 0.0487722 0.495408
3 0.434089 0.106318 0.0104992 0.0249663 0.491007
6 0.721283 0.759881 0.0543608 0.056959 0.482765
6 0.168559 0.4638 0.0236835 0.0451276 0.479189
9 0.540055 0.262141 0.00745525 0.0236711 0.461215
3 0.509127 0.0764693 0.0118261 0.0220035 0.44868
1 0.5404 0.254446 0.00671698 0.0203862 0.437536
6 0.130244 0.440536 0.0345548 0.0408076 0.432261
6 0.0870785 0.591502 0.0344386 0.0607852 0.425791
1 0.131829 0.613245 0.0143625 0.0473887 0.420844
6 0.912254 0.767091 0.0581741 0.0778734 0.414153
9 0.561273 0.33146 0.0100607 0.0288193 0.410915
9 0.987859 0.762615 0.0242821 0.0492927 0.40646
1 0.678977 0.74013 0.0193494 0.0496128 0.40643
1 0.613679 0.42495 0.0101604 0.0304852 0.40186
7 0.749962 0.406512 0.0256058 0.0468038 0.400802
7 0.405681 0.280137 0.0130009 0.0336459 0.399249
3 0.599329 0.185827 0.0197611 0.0272593 0.394551
1 0.464506 0.22239 0.0058094 0.0229112 0.389023
6 0.585298 0.260385 0.0152178 0.0386087 0.386721
3 0.615083 0.209764 0.0320606 0.0301564 0.3768
7 0.585155 0.25891 0.0154147 0.0405922 0.36902
9 0.872454 0.464209 0.019664 0.0275321 0.364885
1 0.24176 0.661981 0.013642 0.0490698 0.358347
9 0.380155 0.265848 0.00630665 0.0248501 0.343706
9 0.442846 0.155279 0.00496082 0.0174069 0.33699
1 0.561194 0.323993 0.00989164 0.0260194 0.336168
1 0.456952 0.0936688 0.00346003 0.0132281 0.334883
3 0.608106 0.2098 0.0229448 0.030506 0.327524
9 0.241275 0.672622 0.0150983 0.051627 0.327487
6 0.0651266 0.601248 0.0769926 0.0805979 0.315965
9 0.379746 0.267116 0.00956357 0.0246008 0.314436
3 0.528382 0.0244507 0.00860367 0.0132201 0.309906
0 0.360207 0.319959 0.0079586 0.0316191 0.288542
9 0.0177763 0.689089 0.0354745 0.0460251 0.284878
3 0.531535 0.0536195 0.00961304 0.0184444 0.282932
1 0.729075 0.740587 0.00940323 0.0326762 0.280626
9 0.456824 0.11332 0.00371113 0.0156314 0.278553
1 0.132294 0.629679 0.0136984 0.0410845 0.278083
6 0.058226 0.615667 0.0840448 0.0985158 0.265912
1 0.80956 0.684031 0.0174204 0.0527696 0.261005
1 0.468934 0.365989 0.0110645 0.0335673 0.254449
9 0.559593 0.260361 0.00681699 0.0238595 0.252715
