6 0.628334 0.73578 0.0980244 0.091677 0.891464
3 0.458967 0.208139 0.0305654 0.0499779 0.847344
3 0.833003 0.742108 0.114783 0.117994 0.787046
0 0.489915 0.28558 0.0102373 0.0480342 0.758638
0 0.768692 0.26222 0.00948576 0.0416643 0.752692
0 0.343601 0.902553 0.0255664 0.0979129 0.732216
4 0.801186 0.175521 0.0383783 0.0593924 0.703672
3 0.690391 0.143555 0.0299713 0.0412049 0.693236
0 0.643679 0.58498 0.0184592 0.0674459 0.690093
3 0.618465 0.0635116 0.0214863 0.0270498 0.686648
6 0.520707 0.357187 0.0309212 0.0539407 0.680946
0 0.915295 0.245892 0.0111794 0.049131 0.67924
3 0.706239 0.249646 0.0375103 0.048342 0.673605
0 0.298384 0.900057 0.027521 0.100884 0.664676
0 0.779438 0.263858 0.0114681 0.0441505 0.639412
6 0.555246 0.577497 0.0667543 0.084985 0.634117
0 0.414503 0.525988 0.0143562 0.0715454 0.620464
0 0.485674 0.211272 0.0069866 0.0358573 0.620315
0 0.515229 0.477214 0.0152355 0.077561 0.591236
9 0.803801 0.282635 0.0215395 0.0397185 0.586995
6 0.687437 0.76611 0.103281 0.105163 0.544345
6 0.955319 0.288857 0.037117 0.0399665 0.54319
0 0.782021 0.259442 0.0111435 0.0442676 0.53019
5 0.542014 0.483532 0.0570332 0.171105 0.517346
6 0.526646 0.398769 0.0271668 0.0611064 0.513107
6 0.525745 0.308344 0.0239245 0.0568062 0.501829
0 0.50267 0.509136 0.0141107 0.0682391 0.499289
3 0.51841 0.248862 0.0275021 0.0653201 0.494841
0 0.495944 0.246315 0.00915604 0.0429109 0.494695
4 0.721293 0.137197 0.0292253 0.0469972 0.454148
0 0.660732 0.585723 0.0186636 0.0758169 0.442725
0 0.446038 0.23148 0.00784737 0.0402349 0.437064
9 0.75825 0.230083 0.0262874 0.0271205 0.434789
3 0.545987 0.0620174 0.0284071 0.028302 0.431277
4 0.518514 0.248656 0.0269843 0.065007 0.423461
0 0.481387 0.213485 0.00642269 0.0367077 0.422145
7 0.358648 0.967031 0.0469862 0.0646295 0.408596
0 0.500611 0.289181 0.0113292 0.0402262 0.39251
3 0.721129 0.136585 0.0296445 0.0475668 0.387833
5 0.759844 0.524889 0.160027 0.116345 0.380604
6 0.797915 0.595125 0.0651306 0.0522008 0.378703
3 0.507608 0.156567 0.0238994 0.0418163 0.365742
0 0.397252 0.843092 0.0244082 0.094178 0.347444
9 0.966795 0.314045 0.0228672 0.0353973 0.335848
3 0.615362 0.0618491 0.0241212 0.0298122 0.332802
3 0.4707 0.105487 0.0187597 0.0345244 0.313041
7 0.388008 0.523175 0.0552305 0.0864692 0.29484
6 0.500951 0.184055 0.018148 0.0381902 0.29443
7 0.422676 0.277344 0.0354556 0.0479016 0.292472
9 0.840154 0.177147 0.0136124 0.029837 0.282592
9 0.82865 0.177238 0.0154408 0.0308838 0.266339
6 0.422545 0.276121 0.0372616 0.0485048 0.263998
0 0.483898 0.0974442 0.0070536 0.0254783 0.255111
