3 0.499873 0.856964 0.0707613 0.0681934 0.875523
3 0.971272 0.44683 0.0207367 0.0287005 0.874285
3 0.86705 0.738174 0.0295706 0.0740936 0.859419
3 0.0364956 0.574153 0.040809 0.0363747 0.829782
3 0.935022 0.398959 0.018034 0.0277915 0.800804
3 0.580399 0.955801 0.0753482 0.0799327 0.731572
3 0.892159 0.276633 0.0110741 0.0199785 0.658149
3 0.834954 0.300698 0.0102341 0.0171286 0.649159
3 0.881532 0.238395 0.010215 0.0139069 0.638396
3 0.338416 0.733498 0.0389912 0.0508145 0.542984
3 0.862277 0.356433 0.0130009 0.0249533 0.507829
3 0.0105015 0.558342 0.0210031 0.0372424 0.439701
0 0.929255 0.800637 0.0100708 0.0403191 0.430348
0 0.922373 0.804826 0.0116669 0.0319712 0.400145
3 0.86558 0.209488 0.00708847 0.00935779 0.389398
3 0.902065 0.238816 0.0096962 0.0155754 0.354248
3 0.832152 0.213591 0.00567932 0.0172716 0.350331
7 0.338407 0.733675 0.0386891 0.0494748 0.347027
3 0.83316 0.211453 0.00869999 0.010738 0.325643
3 0.892097 0.216069 0.00950012 0.0136149 0.288844
3 0.879027 0.214777 0.00789681 0.0149108 0.252105
