3 0.659214 0.176899 0.0959074 0.0915893 0.880299
3 0.755888 0.272248 0.0548447 0.11145 0.880084
3 0.872628 0.392692 0.12006 0.140847 0.875142
3 0.0922138 0.0470186 0.0826177 0.0632989 0.830446
4 0.36054 0.0763308 0.0737344 0.0821519 0.829286
0 0.746353 0.650818 0.0269785 0.111718 0.828023
0 0.273913 0.565475 0.0222805 0.0975866 0.794709
0 0.383078 0.537708 0.0171756 0.0754905 0.776576
0 0.41201 0.52742 0.0281813 0.0904742 0.769289
0 0.026108 0.698789 0.0265416 0.0868366 0.768639
3 0.57435 0.019223 0.0773034 0.0374861 0.761728
0 0.345699 0.493118 0.0179267 0.090752 0.76009
3 0.95881 0.597419 0.0823804 0.224083 0.745687
0 0.498229 0.418177 0.0180771 0.089023 0.733829
9 0.371099 0.329341 0.0396993 0.0549934 0.716597
3 0.686197 0.0275353 0.0776554 0.0540407 0.702586
9 0.694586 0.450633 0.0461643 0.0558079 0.70083
9 0.787745 0.0729241 0.0309746 0.0355169 0.69248
0 0.314881 0.478624 0.018356 0.100087 0.685091
9 0.214671 0.401768 0.0486292 0.0543872 0.676531
9 0.551978 0.424892 0.0464983 0.0569729 0.669954
6 0.791247 0.330801 0.0792366 0.0909249 0.669641
9 0.439087 0.33279 0.0442572 0.0498412 0.665404
0 0.295919 0.414448 0.0126273 0.0786201 0.652186
9 0.403245 0.437854 0.0508622 0.0544525 0.648004
0 0.441282 0.524312 0.0191278 0.0856703 0.644372
2 0.446253 0.409231 0.0196411 0.0728868 0.625918
0 0.449433 0.555827 0.0176765 0.0796038 0.62479
0 0.241905 0.354031 0.0158867 0.0737105 0.614192
9 0.672296 0.245689 0.0348675 0.0461184 0.610468
9 0.708666 0.0622341 0.0305717 0.0326174 0.60636
9 0.678251 0.420881 0.0323655 0.0625586 0.597414
0 0.212271 0.344129 0.0130814 0.062973 0.593702
9 0.547273 0.558712 0.0537518 0.0750298 0.586962
9 0.508795 0.3383 0.0292072 0.0542575 0.577506
9 0.613151 0.30071 0.0378357 0.0522351 0.57441
3 0.0146668 0.0455904 0.0293336 0.0671424 0.572046
7 0.225771 0.117179 0.0846334 0.0915345 0.568845
0 0.26927 0.341981 0.0153139 0.0676681 0.568161
9 0.766132 0.919938 0.0657204 0.0690094 0.562081
0 0.341143 0.351962 0.0182114 0.0676351 0.561016
0 0.0353724 0.800645 0.0475667 0.116043 0.553931
9 0.431354 0.0176272 0.0286129 0.0293398 0.549796
0 0.302872 0.488312 0.0165686 0.0833031 0.54703
0 0.234155 0.18024 0.0137484 0.066438 0.54205
9 0.362976 0.383415 0.0307878 0.0470625 0.538589
0 0.337067 0.406367 0.0151745 0.0799675 0.530381
9 0.385285 0.293909 0.0384913 0.044346 0.52918
7 0.35781 0.162638 0.0586 0.0965518 0.528942
9 0.278022 0.735782 0.059849 0.0934085 0.52668
9 0.660296 0.962053 0.0587565 0.0727474 0.511046
0 0.305738 0.42556 0.0126568 0.0765252 0.508478
9 0.450539 0.273813 0.0250687 0.040052 0.505488
9 0.661778 0.350421 0.0299841 0.0515445 0.504956
9 0.0282695 0.543725 0.0450955 0.0643147 0.502387
9 0.668107 0.424221 0.0493338 0.0655169 0.497159
9 0.456523 0.224832 0.0143414 0.0482602 0.478414
9 0.625503 0.414543 0.0451577 0.0516655 0.475378
9 0.646441 0.931783 0.0474501 0.0572001 0.470874
9 0.655405 0.579785 0.0573735 0.0744172 0.466575
9 0.659864 0.60699 0.054316 0.0620884 0.463754
1 0.707283 0.0505172 0.0174107 0.0388551 0.45584
9 0.142403 0.221719 0.0180954 0.0473396 0.453526
1 0.0349906 0.800478 0.0463547 0.115398 0.452707
0 0.227368 0.353168 0.0166756 0.0708663 0.451477
9 0.132175 0.198061 0.033299 0.0399469 0.451085
9 0.0554253 0.329691 0.0379591 0.0453883 0.44437
9 0.747143 0.867036 0.0691486 0.0768117 0.441862
0 0.327427 0.367484 0.01281 0.0567245 0.436514
9 0.400236 0.426934 0.0431567 0.0605725 0.430204
0 0.242258 0.343699 0.0179595 0.0904153 0.423201
9 0.599452 0.261072 0.0267275 0.0494262 0.421612
9 0.774821 0.967523 0.0668436 0.0649545 0.419202
1 0.789561 0.0590404 0.0125388 0.0459558 0.410637
9 0.177394 0.973786 0.0536294 0.0515981 0.40766
9 0.546954 0.231249 0.0343523 0.0398306 0.406592
2 0.87241 0.598625 0.0430189 0.0680476 0.40651
9 0.0886519 0.266391 0.028876 0.04564 0.399592
9 0.49457 0.239641 0.0344049 0.0440528 0.399297
9 0.0373156 0.259759 0.0280705 0.0435516 0.394188
9 0.524511 0.113527 0.0289862 0.0350696 0.391423
9 0.657021 0.599053 0.0547512 0.0580714 0.385757
9 0.137178 0.219441 0.0282881 0.0501033 0.379841
9 0.616418 0.355187 0.0383692 0.0440116 0.379005
9 0.548547 0.247373 0.0355576 0.0416171 0.376608
0 0.227606 0.333184 0.0152364 0.0683725 0.37589
9 0.619603 0.416465 0.0405119 0.0585032 0.374558
9 0.114259 0.280941 0.0304891 0.0472976 0.373312
4 0.688396 0.0269179 0.0816994 0.0532994 0.372015
0 0.398341 0.179393 0.0126925 0.0555697 0.368726
9 0.0618573 0.323764 0.0248091 0.0420582 0.365749
2 0.525046 0.114466 0.0306204 0.0374723 0.364441
9 0.00368331 0.123521 0.00736662 0.0427609 0.358792
9 0.661411 0.622483 0.0534221 0.0653358 0.353096
1 0.524568 0.096596 0.0132543 0.0498709 0.351931
6 0.834254 0.536472 0.0871185 0.0845054 0.351745
9 0.175693 0.205607 0.0254978 0.0537514 0.350896
7 0.440575 0.131757 0.0546747 0.0712747 0.349627
0 0.300172 0.46309 0.0170088 0.0767475 0.348254
0 0.342543 0.378672 0.0175968 0.063763 0.345867
1 0.677825 0.227967 0.0175135 0.0596451 0.341248
9 0.515019 0.180337 0.0166351 0.0526588 0.340809
6 0.111908 0.141644 0.0530744 0.0475072 0.33861
9 0.49878 0.236596 0.0318087 0.0451761 0.335121
9 0.0915181 0.112098 0.040846 0.0432454 0.332317
9 0.134069 0.295182 0.022177 0.0501639 0.325276
9 0.566449 0.36435 0.0418724 0.0534328 0.325275
0 0.414096 0.595286 0.0192207 0.0766367 0.324209
9 0.983069 0.943238 0.033862 0.0749146 0.322864
9 0.116768 0.211462 0.0240972 0.0391708 0.311026
9 0.686889 0.440012 0.0354717 0.0652469 0.310954
9 0.0434915 0.0814725 0.0258767 0.042459 0.305469
9 0.492106 0.304219 0.0347045 0.0535999 0.297629
0 0.298602 0.436603 0.0154799 0.113088 0.296332
9 0.0568014 0.178107 0.0210191 0.0378909 0.295467
9 0.20385 0.248393 0.0408583 0.0437118 0.29175
9 0.758616 0.920527 0.0784208 0.0812242 0.289986
9 0.167991 0.311431 0.0383444 0.0450263 0.289019
9 0.118751 0.27781 0.0290087 0.0490783 0.288959
8 0.925248 0.0435666 0.149474 0.0871331 0.287973
1 0.860812 0.058887 0.0133628 0.0470125 0.28585
9 0.196511 0.251571 0.0321701 0.0412186 0.28251
9 0.683671 0.662809 0.0556616 0.0622127 0.281531
9 0.4912 0.243997 0.0320087 0.0442062 0.27555
9 0.516007 0.241602 0.0215745 0.0478751 0.275009
9 0.708364 0.755888 0.0620429 0.0679701 0.274003
0 0.31257 0.468019 0.0182494 0.0949195 0.273695
9 0.398422 0.410029 0.0368354 0.0587625 0.273487
0 0.232057 0.185565 0.0157995 0.0587612 0.271906
9 0.535416 0.261865 0.0346563 0.0431144 0.268197
9 0.703206 0.723128 0.0452219 0.0623062 0.266484
9 0.629899 0.895487 0.0583119 0.0663964 0.266479
6 0.441122 0.130581 0.0534582 0.0695452 0.265228
9 0.478794 0.21725 0.0168129 0.039359 0.263816
9 0.668518 0.635971 0.0562182 0.0594379 0.260023
0 0.33225 0.377299 0.0163013 0.0734621 0.255576
0 0.438599 0.529756 0.0203749 0.0954354 0.254997
9 0.733025 0.783445 0.046156 0.0716803 0.254569
9 0.742944 0.850376 0.0642599 0.0697631 0.254531
9 0.628699 0.327263 0.0295809 0.0420011 0.254398
0 0.421236 0.157161 0.0113055 0.0433097 0.252366
9 0.13853 0.306393 0.0289315 0.0500038 0.252179
9 0.812335 0.0723752 0.0152538 0.050469 0.251024
