3 0.485781 0.775705 0.0452794 0.113919 0.89113
3 0.337217 0.53757 0.0528461 0.0763067 0.882202
3 0.406619 0.624224 0.0649279 0.0838648 0.881525
3 0.440025 0.526393 0.0589041 0.0692479 0.880189
3 0.304224 0.634492 0.0655875 0.080118 0.878733
3 0.378762 0.777292 0.0372332 0.113846 0.877821
3 0.533495 0.576003 0.0548439 0.0539202 0.873821
3 0.430547 0.768818 0.0361355 0.11383 0.873748
3 0.260868 0.572241 0.0548667 0.0668049 0.870091
3 0.575689 0.411485 0.0437447 0.0539091 0.868191
3 0.520349 0.649731 0.0353038 0.0798114 0.866471
3 0.325672 0.686326 0.0700417 0.0610923 0.865154
5 0.962938 0.351008 0.0740265 0.119444 0.850003
4 0.240201 0.509944 0.0512473 0.0686693 0.844919
3 0.537045 0.382233 0.041189 0.0450299 0.843386
3 0.666687 0.600705 0.0648341 0.0697533 0.841717
3 0.211002 0.249338 0.0451507 0.0372086 0.838481
3 0.903576 0.324212 0.0470745 0.0501415 0.838222
3 0.598281 0.425084 0.0431414 0.0484812 0.834384
3 0.414652 0.497454 0.0600893 0.0738095 0.819317
3 0.658223 0.638927 0.0643846 0.0723943 0.816903
3 0.620357 0.448189 0.0467084 0.0546514 0.816198
3 0.337644 0.353093 0.0460605 0.0459229 0.813887
3 0.504537 0.33879 0.0386214 0.0448935 0.81383
3 0.0392994 0.0304751 0.0412005 0.0321442 0.813422
3 0.646531 0.476184 0.0437376 0.0519263 0.812964
3 0.0304183 0.216426 0.0534211 0.0374606 0.809308
3 0.313382 0.161761 0.0324769 0.0334061 0.807921
3 0.3318 0.172487 0.0278671 0.0324464 0.801722
3 0.356134 0.368518 0.0467801 0.0462202 0.798599
3 0.484712 0.325942 0.0398621 0.0459645 0.79488
3 0.198116 0.442199 0.0557898 0.0604931 0.794195
3 0.554771 0.398216 0.0408071 0.0429511 0.782869
5 0.790008 0.258571 0.180993 0.162387 0.779072
3 0.361566 0.457472 0.0558277 0.0617652 0.773653
3 0.321893 0.325127 0.0472098 0.0425747 0.771087
3 0.205181 0.498062 0.0574242 0.0708679 0.764492
3 0.0876269 0.026373 0.0323801 0.024602 0.762548
3 0.390408 0.480384 0.0585546 0.0617196 0.760484
3 0.693517 0.542675 0.055424 0.0552902 0.757767
3 0.307893 0.303908 0.0443555 0.0429563 0.740314
3 0.1802 0.225169 0.0441822 0.0355977 0.738635
3 0.0505251 0.246312 0.0512229 0.0363687 0.738082
3 0.099804 0.108388 0.0388945 0.0327752 0.733968
3 0.222629 0.347115 0.0381149 0.0522218 0.731565
5 0.488835 0.0729664 0.046418 0.0632314 0.730642
3 0.069519 0.0666131 0.0364358 0.030387 0.72649
3 0.293105 0.139714 0.0359253 0.0303985 0.726423
0 0.544462 0.866152 0.0129944 0.0439096 0.714131
3 0.29245 0.285301 0.0443408 0.0469068 0.713909
3 0.0835379 0.0859483 0.0385 0.0290074 0.712968
3 0.157989 0.198204 0.0368117 0.0365071 0.706448
0 0.476159 0.638268 0.0106628 0.0424819 0.703692
0 0.623031 0.534099 0.00860255 0.0354684 0.698168
3 0.0923569 0.0278534 0.0401838 0.024653 0.695409
3 0.259909 0.238098 0.0413601 0.0377525 0.693196
3 0.521435 0.357681 0.0388123 0.0469514 0.688753
3 0.426998 0.279031 0.0396112 0.0394975 0.682124
3 0.399568 0.246796 0.0399623 0.0344784 0.681811
3 0.373913 0.215724 0.0366916 0.0329108 0.678677
3 0.685946 0.495187 0.0544192 0.0527334 0.677387
3 0.240427 0.220258 0.0400961 0.0353362 0.674909
3 0.385607 0.226467 0.0376499 0.031058 0.67044
5 0.660908 0.181869 0.0534867 0.0680427 0.667041
4 0.071498 0.27797 0.0500173 0.0477643 0.664937
3 0.416689 0.261474 0.0405994 0.0377929 0.663302
3 0.343398 0.432843 0.0647355 0.0596345 0.658782
3 0.236432 0.0798607 0.0360981 0.0261517 0.653142
3 0.458341 0.317719 0.0398184 0.0402057 0.650972
0 0.633697 0.534724 0.00922282 0.0355993 0.648138
3 0.0945609 0.103736 0.0377431 0.030539 0.645852
4 0.342537 0.433812 0.0578959 0.0605833 0.645267
3 0.250667 0.0995143 0.036361 0.0274771 0.634849
0 0.652223 0.528988 0.00841388 0.0387266 0.623928
3 0.278537 0.258692 0.0451506 0.0447764 0.620566
3 0.187982 0.03918 0.0327125 0.0264702 0.620271
3 0.283365 0.127317 0.0358962 0.0312299 0.610389
3 0.173548 0.202742 0.0442529 0.0376787 0.600904
3 0.179238 0.0175975 0.0279093 0.0240577 0.600586
3 0.269986 0.115386 0.0339811 0.0275631 0.58874
3 0.187265 0.157414 0.0399459 0.0336633 0.586882
3 0.187511 0.482188 0.0577194 0.0603322 0.584885
3 0.181529 0.0245624 0.0314346 0.0233945 0.583976
3 0.232554 0.0755867 0.0354712 0.0243131 0.582003
3 0.151758 0.111016 0.038511 0.0278253 0.580659
3 0.226978 0.0726443 0.0320396 0.0268109 0.579809
4 0.0204399 0.177928 0.0407347 0.040692 0.578962
5 0.524031 0.100225 0.0558037 0.0641909 0.578663
3 0.444295 0.299258 0.0402761 0.0382272 0.573761
3 0.1183 0.0706589 0.0350871 0.0279956 0.572589
0 0.41976 0.693475 0.0100319 0.0384881 0.572476
3 0.135444 0.090138 0.0369955 0.0298122 0.571316
0 0.376307 0.674051 0.0103646 0.0460253 0.564161
3 0.105822 0.0459186 0.0352903 0.029686 0.564071
0 0.399264 0.892445 0.0111053 0.0398661 0.563548
3 0.205361 0.050264 0.0332907 0.0259539 0.555788
3 0.178042 0.147478 0.0408523 0.0335206 0.553863
3 0.208397 0.182721 0.0417535 0.0319562 0.534545
3 0.21051 0.0554861 0.0348066 0.0230117 0.528072
3 0.225419 0.204279 0.0417479 0.0371996 0.522517
3 0.226926 0.210437 0.0440604 0.0313649 0.51883
3 0.145531 0.102702 0.0380267 0.026283 0.516375
3 0.0922958 0.292392 0.0517071 0.0474563 0.515598
3 0.341711 0.192624 0.0272917 0.0388044 0.515376
3 0.263568 0.108414 0.0334397 0.0257649 0.513254
3 0.199388 0.0447979 0.0279819 0.023836 0.512406
3 0.164495 0.128427 0.0423225 0.0304556 0.51049
3 0.0283896 0.197169 0.050716 0.0347318 0.509044
3 0.275614 0.12026 0.0348311 0.0284126 0.50055
3 0.608091 0.170191 0.030775 0.0337199 0.491481
3 0.28796 0.279693 0.0444732 0.0442943 0.490188
3 0.280973 0.26691 0.0445007 0.0425212 0.486621
3 0.373135 0.392684 0.0454821 0.0430937 0.479834
3 0.183388 0.0305438 0.0290287 0.0257011 0.478615
0 0.333193 0.483011 0.00800447 0.033814 0.478479
3 0.245177 0.0873797 0.0362757 0.0247512 0.474485
3 0.030211 0.20553 0.052024 0.0343429 0.474126
0 0.400393 0.924713 0.0129022 0.0459673 0.4729
3 0.129222 0.085222 0.0387661 0.0270386 0.45325
3 0.0135005 0.151527 0.0267765 0.0302876 0.44816
3 0.0603427 0.26284 0.0535203 0.0350948 0.445009
3 0.203026 0.17461 0.0431332 0.0305841 0.437921
5 0.620923 0.750859 0.103859 0.233481 0.437755
3 0.155148 0.115572 0.0374985 0.0306378 0.435973
3 0.266316 0.243164 0.0376249 0.0401978 0.433107
3 0.085218 0.093655 0.0366596 0.0286095 0.428264
3 0.395978 0.242395 0.0370981 0.0350567 0.421537
4 0.204803 0.498445 0.0590572 0.070229 0.413589
3 0.171298 0.141952 0.0359841 0.0306343 0.39664
3 0.138753 0.0953744 0.0348392 0.0286678 0.391992
3 0.164601 0.448488 0.0538872 0.0568298 0.39119
3 0.221175 0.199085 0.0452541 0.0342239 0.383983
3 0.447991 0.304692 0.0384855 0.045872 0.373805
3 0.378276 0.221462 0.0418255 0.0286661 0.368292
3 0.0717862 0.279544 0.0520462 0.052483 0.365665
3 0.102781 0.0360708 0.0312736 0.02403 0.361151
3 0.246485 0.223852 0.0375706 0.0319051 0.352553
3 0.159693 0.121311 0.0389441 0.0292994 0.348576
3 0.0644437 0.00731257 0.0374209 0.0146251 0.346641
3 0.00477697 0.129641 0.00935294 0.0348087 0.344869
3 0.187925 0.165795 0.0432883 0.0291759 0.326695
0 0.384742 0.942019 0.0141344 0.0467777 0.314206
4 0.0258114 0.192188 0.0503012 0.0394951 0.311849
3 0.029702 0.190504 0.0524251 0.0361793 0.306994
3 0.2139 0.188763 0.0415838 0.0286499 0.302361
3 0.267356 0.111836 0.0331679 0.0272048 0.289746
3 0.376819 0.0112973 0.022262 0.0213706 0.280948
3 0.361796 0.376856 0.0364819 0.0459106 0.275177
0 0.662789 0.514026 0.00771296 0.0393353 0.256702
0 0.664038 0.5128 0.0105608 0.0359965 0.254936
