3 0.830753 0.655962 0.0644255 0.0527391 0.855144
4 0.598085 0.555835 0.0287071 0.0759307 0.835097
3 0.773234 0.539239 0.0588076 0.0419349 0.829244
3 0.811473 0.624058 0.0565519 0.0468103 0.798809
3 0.567029 0.288195 0.0148064 0.0261415 0.796034
3 0.760411 0.514989 0.052722 0.0378956 0.775518
3 0.851146 0.694441 0.071564 0.0605001 0.764168
3 0.394382 0.222385 0.0274817 0.0205439 0.732229
3 0.748281 0.493796 0.0506845 0.0363979 0.707749
3 0.729889 0.462992 0.0462324 0.0367423 0.626574
3 0.786475 0.469901 0.0434114 0.040518 0.615095
3 0.735611 0.473277 0.047254 0.0316782 0.575332
3 0.40035 0.168384 0.0213036 0.018846 0.568256
3 0.542183 0.220987 0.0134451 0.0244394 0.558735
3 0.535792 0.156992 0.0100314 0.0174729 0.528298
3 0.627203 0.22949 0.014603 0.0197694 0.503089
3 0.402558 0.128785 0.0146366 0.014199 0.469611
3 0.81004 0.505587 0.0492903 0.0408118 0.469137
1 0.560509 0.441904 0.00788441 0.0249785 0.466467
3 0.533279 0.136861 0.0101576 0.0149919 0.456283
8 0.52763 0.187261 0.0202342 0.0309821 0.436272
3 0.739629 0.477022 0.0497604 0.0339101 0.382946
3 0.412696 0.237019 0.0227683 0.020242 0.350001
3 0.888201 0.754522 0.0607067 0.0493778 0.324431
3 0.401201 0.165218 0.020371 0.0193458 0.321501
4 0.809431 0.507375 0.0504843 0.0429355 0.295955
3 0.361513 0.226075 0.0274096 0.0215144 0.292643
3 0.803582 0.454151 0.0493794 0.0374534 0.285358
3 0.481925 0.0947399 0.00737915 0.0141383 0.273182
