3 0.318874 0.568581 0.0741175 0.13388 0.910027
3 0.852719 0.905358 0.110526 0.18795 0.901467
3 0.513186 0.632406 0.0546278 0.126452 0.901162
3 0.512596 0.448708 0.0419215 0.0834547 0.877945
3 0.507464 0.300491 0.028095 0.0559182 0.856202
3 0.49604 0.113081 0.0178591 0.0303138 0.843716
3 0.107877 0.826642 0.160267 0.142174 0.835443
3 0.500303 0.181027 0.0214424 0.0355169 0.832578
3 0.556811 0.232255 0.0288305 0.0425642 0.830403
8 0.413908 0.21994 0.0406019 0.111471 0.819808
3 0.495142 0.062419 0.0137388 0.0240729 0.78681
3 0.424318 0.13654 0.0208286 0.0334514 0.767481
3 0.472625 0.0154552 0.0125872 0.0170185 0.752863
6 0.571524 0.455508 0.02392 0.0653128 0.735123
3 0.590433 0.345483 0.0349106 0.0615397 0.731126
0 0.564923 0.189221 0.00800723 0.0392848 0.721462
3 0.491337 0.0346415 0.0119861 0.0208752 0.688701
9 0.358048 0.68443 0.0199367 0.0764948 0.626762
1 0.477363 0.313175 0.00990201 0.0383207 0.620154
4 0.0712034 0.94116 0.133518 0.113407 0.604211
1 0.440753 0.280857 0.00975409 0.033986 0.604114
9 0.477266 0.323013 0.0099468 0.0355466 0.591372
9 0.440347 0.292869 0.00975243 0.0307715 0.572164
1 0.357812 0.661597 0.0174841 0.0633668 0.570357
3 0.420069 0.110231 0.0206089 0.0320102 0.570116
9 0.457691 0.243879 0.00953504 0.0355049 0.562741
0 0.554909 0.161279 0.00690671 0.0337591 0.541712
3 0.38019 0.12568 0.0403092 0.0336733 0.533931
1 0.556828 0.332252 0.0114292 0.0432244 0.528588
1 0.567273 0.426745 0.0133746 0.0437419 0.518077
0 0.377108 0.211447 0.00839034 0.0393035 0.494667
3 0.424883 0.0670998 0.0234879 0.0280918 0.487098
3 0.522916 0.0707853 0.0119292 0.0220896 0.476213
9 0.529439 0.227213 0.00857925 0.0253315 0.462996
2 0.556026 0.349878 0.0103067 0.0388662 0.457609
1 0.534883 0.141347 0.00729693 0.0248026 0.398507
9 0.374264 0.28944 0.0163498 0.0310614 0.396832
9 0.444999 0.191672 0.00865277 0.0303983 0.393325
0 0.372955 0.209907 0.00871039 0.0404697 0.375092
3 0.559699 0.103562 0.0244392 0.0296592 0.371451
0 0.553849 0.165052 0.0060581 0.0320128 0.367004
3 0.587634 0.178879 0.0339757 0.0341032 0.347437
9 0.313852 0.486205 0.0350709 0.068849 0.344614
1 0.443467 0.184692 0.00850583 0.0308407 0.332801
1 0.457965 0.234827 0.00919495 0.028687 0.30324
1 0.581975 0.301537 0.00978259 0.0301093 0.298267
1 0.530679 0.185461 0.00794723 0.0263317 0.28675
3 0.574028 0.154553 0.0203102 0.0309567 0.284329
3 0.421234 0.119294 0.02101 0.0261119 0.277087
1 0.440075 0.288262 0.0102518 0.0377732 0.272618
0 0.534638 0.0961188 0.00681094 0.0223771 0.268919
3 0.559831 0.0914664 0.0233809 0.0246212 0.259357
3 0.581425 0.160586 0.0377975 0.0306389 0.255489
