3 0.152056 0.801397 0.0512837 0.157167 0.905659
3 0.289107 0.931087 0.0975154 0.136563 0.904182
3 0.953625 0.443502 0.0703501 0.0724893 0.901114
3 0.153222 0.575168 0.0454805 0.116563 0.89546
3 0.152209 0.260114 0.0319225 0.066912 0.889873
3 0.231729 0.129669 0.0357182 0.0508754 0.886923
3 0.947782 0.289436 0.0625626 0.059836 0.882993
3 0.225848 0.073067 0.0234457 0.0421921 0.88076
3 0.706675 0.385545 0.0512156 0.0799724 0.8803
3 0.581152 0.425454 0.0468008 0.0802007 0.878335
3 0.880239 0.309458 0.0630406 0.0636202 0.877808
3 0.737576 0.923091 0.1023 0.123989 0.877639
3 0.810834 0.347056 0.0586861 0.0740503 0.877509
3 0.607233 0.34815 0.0355662 0.0776499 0.872142
3 0.507121 0.342285 0.0365534 0.0730107 0.871688
4 0.0617614 0.600623 0.0552833 0.136067 0.868016
3 0.0732482 0.396335 0.0375616 0.0844367 0.867931
3 0.246366 0.219369 0.0290621 0.0592363 0.863195
3 0.565482 0.344065 0.0309542 0.0751656 0.856278
3 0.410644 0.283025 0.0552624 0.0631809 0.855419
3 0.396235 0.247118 0.0590944 0.0573227 0.839442
4 0.27653 0.360563 0.0430354 0.0831881 0.835508
6 0.752306 0.528682 0.0570111 0.0547841 0.825786
0 0.076813 0.808754 0.017412 0.0563427 0.825732
3 0.15206 0.0166073 0.0210537 0.0326118 0.789287
8 0.926827 0.600776 0.145599 0.167112 0.783055
3 0.192678 0.262131 0.0299087 0.0575598 0.779727
3 0.185242 0.0131853 0.0187323 0.0241215 0.768113
0 0.107226 0.532787 0.013075 0.0502122 0.76388
6 0.867247 0.413984 0.0507416 0.06435 0.744563
2 0.409062 0.768229 0.0325367 0.0453176 0.712077
3 0.0542034 0.970725 0.0597386 0.0517233 0.70725
0 0.305661 0.293086 0.0101092 0.0407464 0.643848
4 0.177444 0.123437 0.0251361 0.0488073 0.63864
0 0.789118 0.441945 0.0116968 0.0444282 0.609353
0 0.794679 0.443164 0.0127685 0.0439122 0.584346
1 0.107166 0.277384 0.0106226 0.035001 0.566193
6 0.0674937 0.281029 0.0271764 0.053002 0.549406
9 0.0561424 0.461353 0.017783 0.043069 0.510621
4 0.0216617 0.401507 0.0380876 0.0749844 0.49711
6 0.374999 0.165869 0.0337499 0.031723 0.495565
1 0.409766 0.757381 0.0161022 0.0512992 0.46824
1 0.126064 0.0315215 0.0103894 0.0237149 0.434239
3 0.00747505 0.730978 0.0148673 0.141461 0.399626
1 0.407772 0.759646 0.0215127 0.0525297 0.397486
3 0.00926285 0.646618 0.0185257 0.128456 0.379798
9 0.333431 0.0383602 0.0163315 0.0203844 0.353814
9 0.109119 0.290354 0.0113711 0.0358733 0.3456
9 0.659283 0.262601 0.0155054 0.0252908 0.328757
3 0.0215786 0.401686 0.0382402 0.0756011 0.321641
0 0.787023 0.443321 0.011568 0.0435969 0.313565
6 0.969349 0.220856 0.0348892 0.0420445 0.286556
9 0.331193 0.0278417 0.0162796 0.0192292 0.275582
9 0.126327 0.0407237 0.00990357 0.026014 0.27178
3 0.867014 0.41446 0.0510716 0.0632148 0.26684
3 0.957779 0.904685 0.0842781 0.161671 0.265406
