3 0.242984 0.761254 0.0932607 0.197095 0.939861
3 0.0901323 0.829402 0.10214 0.205277 0.934683
3 0.760192 0.869035 0.0993586 0.224224 0.929733
3 0.79349 0.599795 0.0513062 0.102678 0.878351
9 0.954095 0.867611 0.0356277 0.0861138 0.87062
3 0.537702 0.406802 0.0366047 0.0628215 0.867426
7 0.307564 0.513631 0.0629309 0.0856306 0.851081
3 0.369805 0.394904 0.0889074 0.063511 0.850211
3 0.408928 0.287027 0.0516868 0.0443884 0.84103
3 0.0254591 0.833857 0.0507027 0.197547 0.837357
4 0.690323 0.436891 0.102034 0.0835231 0.797927
3 0.575956 0.192885 0.0191408 0.0315249 0.788661
3 0.343031 0.362015 0.0789387 0.0570581 0.778239
3 0.203271 0.496176 0.114608 0.0783641 0.768722
3 0.468064 0.15025 0.0174573 0.0244113 0.768426
4 0.390535 0.3365 0.061205 0.0596471 0.744242
8 0.427614 0.211831 0.0744806 0.0674292 0.737049
3 0.497876 0.138917 0.0142929 0.0250127 0.701412
4 0.423555 0.241486 0.0480399 0.0463905 0.688523
3 0.439451 0.171883 0.0356995 0.0275424 0.665109
3 0.550957 0.112212 0.0115051 0.0193665 0.626567
3 0.443969 0.153164 0.022755 0.0260743 0.624259
3 0.44267 0.265254 0.0298826 0.0485695 0.623029
3 0.559344 0.132931 0.0139429 0.0243822 0.598097
3 0.458538 0.133206 0.015921 0.0195444 0.49694
3 0.548581 0.102771 0.0137506 0.0176875 0.474804
3 0.541068 0.0975029 0.015643 0.0175476 0.425554
0 0.376766 0.264964 0.00908423 0.0377635 0.425269
3 0.448114 0.144393 0.0203527 0.0223553 0.381286
0 0.742446 0.412947 0.0118338 0.0502237 0.365554
3 0.457633 0.125668 0.0132868 0.0223805 0.358727
3 0.46409 0.143929 0.017636 0.0225649 0.349211
3 0.224222 0.444879 0.102601 0.0780687 0.335169
3 0.536849 0.0844321 0.0121731 0.0133356 0.334041
0 0.590354 0.154621 0.00683365 0.0198165 0.312952
3 0.390324 0.338962 0.0609661 0.0622131 0.310288
3 0.439989 0.165167 0.0272932 0.0236961 0.308995
0 0.365756 0.26008 0.00766505 0.0347071 0.303372
3 0.461719 0.0851793 0.0209662 0.0159629 0.288209
3 0.518853 0.109104 0.010814 0.0187054 0.267081
3 0.477873 0.0818004 0.0109122 0.015092 0.263729
3 0.460099 0.119653 0.0155018 0.0207885 0.259834
