3 0.0430037 0.8791 0.0859351 0.136873 0.898705
3 0.493831 0.749989 0.0423586 0.0928145 0.896099
3 0.695092 0.908129 0.118874 0.0877865 0.874797
3 0.0655053 0.730596 0.0919235 0.0725934 0.869962
3 0.453355 0.588042 0.0313333 0.0586449 0.864758
3 0.232994 0.601285 0.0444285 0.0654765 0.86015
3 0.464236 0.524913 0.028473 0.04931 0.858931
4 0.426723 0.728769 0.0386635 0.0887962 0.855383
3 0.495072 0.644575 0.0344359 0.0638636 0.848482
4 0.055657 0.643741 0.0839249 0.0757972 0.848037
3 0.438831 0.658584 0.0354453 0.0648079 0.842636
3 0.160184 0.607639 0.0729724 0.0528478 0.840422
3 0.681887 0.733917 0.0852111 0.0671179 0.835742
3 0.162548 0.654142 0.0689518 0.0708165 0.834905
3 0.512096 0.571505 0.0300268 0.0533797 0.803857
3 0.279008 0.476772 0.0374966 0.0510311 0.781978
3 0.388645 0.360075 0.034274 0.0291453 0.781828
3 0.260695 0.529361 0.0346348 0.0532906 0.780632
3 0.22938 0.516436 0.0418966 0.0526221 0.777312
3 0.193472 0.549607 0.0670752 0.0457052 0.777104
3 0.484237 0.442721 0.0237015 0.0401437 0.773957
3 0.22548 0.48287 0.0442835 0.0488847 0.768345
3 0.172805 0.577995 0.0715474 0.0493031 0.766189
3 0.0197502 0.751985 0.0394551 0.0845632 0.763445
3 0.594299 0.320081 0.0353079 0.024832 0.750548
3 0.472475 0.480944 0.023551 0.0441999 0.747009
3 0.334349 0.322924 0.0300921 0.0281277 0.746857
3 0.039234 0.681993 0.074935 0.0736271 0.745782
3 0.581024 0.559802 0.0305384 0.0604435 0.733448
3 0.531479 0.243469 0.0271129 0.0203072 0.709878
0 0.579318 0.403046 0.00685366 0.0292748 0.707143
3 0.524713 0.48253 0.0236508 0.0400619 0.697154
3 0.294337 0.335799 0.0428756 0.0267504 0.695675
4 0.598244 0.810396 0.0419159 0.111205 0.682296
3 0.0811015 0.925723 0.0599535 0.119751 0.681081
4 0.409946 0.825031 0.0559705 0.116227 0.666638
1 0.552842 0.667933 0.0140669 0.0443312 0.627373
1 0.554156 0.561282 0.00778073 0.028986 0.606401
0 0.121548 0.734631 0.0138704 0.0627365 0.599871
1 0.519373 0.961309 0.0224313 0.0542704 0.597022
3 0.40969 0.824361 0.0556065 0.114773 0.571609
4 0.758007 0.966493 0.123877 0.063031 0.570549
1 0.24612 0.796498 0.0150733 0.0465902 0.561184
3 0.46966 0.20832 0.0141388 0.0167455 0.548823
3 0.513851 0.535583 0.0259249 0.0355313 0.5335
3 0.427585 0.246452 0.0203673 0.0187994 0.525327
3 0.684979 0.790556 0.0815125 0.0812018 0.522023
3 0.433006 0.278869 0.0173084 0.0239083 0.514471
3 0.406781 0.225884 0.0189095 0.0171887 0.512236
9 0.248922 0.810376 0.0230381 0.0485058 0.507712
9 0.842034 0.979256 0.0473099 0.041022 0.498102
3 0.00623131 0.830317 0.0124347 0.12046 0.496103
0 0.635805 0.84597 0.0138952 0.0618105 0.495456
0 0.560042 0.479189 0.00817871 0.0342331 0.483578
3 0.623517 0.367602 0.0382542 0.0272151 0.469073
3 0.4354 0.227673 0.0134455 0.0188627 0.466234
3 0.448294 0.249887 0.0176555 0.0187629 0.464827
9 0.55252 0.6845 0.0158142 0.0484007 0.462472
9 0.520209 0.968461 0.0327292 0.0618178 0.460763
0 0.316172 0.380426 0.00618472 0.0292804 0.459844
3 0.364844 0.240398 0.0247024 0.0171238 0.446063
3 0.45089 0.243899 0.0193998 0.0169051 0.443003
3 0.480099 0.192791 0.0100655 0.0144552 0.425075
3 0.464459 0.224563 0.0150837 0.0160794 0.423833
3 0.426135 0.248656 0.0193306 0.0202543 0.418579
9 0.872374 0.931474 0.0266025 0.0449005 0.416757
3 0.461283 0.228371 0.0167786 0.018514 0.416257
3 0.413329 0.276172 0.01597 0.0218641 0.412332
3 0.445482 0.266351 0.0144756 0.0197754 0.4088
3 0.481749 0.18015 0.0100379 0.0121756 0.40063
3 0.414887 0.206955 0.01178 0.0152216 0.391997
3 0.45433 0.181231 0.0154846 0.0129966 0.382296
0 0.510211 0.383165 0.0079242 0.0267966 0.380804
3 0.414226 0.2101 0.0122789 0.016146 0.378325
9 0.554002 0.567254 0.00875662 0.0274535 0.365381
3 0.0052965 0.818484 0.0103433 0.0983185 0.364782
3 0.217158 0.300637 0.0251433 0.0201879 0.361171
3 0.3642 0.237654 0.0246922 0.0165152 0.358578
3 0.0568522 0.643482 0.0809321 0.0739005 0.357987
3 0.369713 0.296883 0.0126904 0.0235267 0.346928
0 0.560128 0.41762 0.00818975 0.0292703 0.344378
3 0.415343 0.269861 0.0178566 0.0238215 0.343918
0 0.327889 0.362361 0.00771018 0.0276636 0.337638
3 0.430737 0.181055 0.0150621 0.0128929 0.335432
0 0.590749 0.428032 0.00777341 0.0282136 0.324829
3 0.369306 0.263764 0.0232725 0.0222681 0.321944
4 0.553123 0.262041 0.0140839 0.0264439 0.319905
0 0.437917 0.397939 0.00580085 0.0292148 0.315466
3 0.575134 0.26086 0.0184252 0.016794 0.314806
3 0.560779 0.293666 0.0167297 0.0199056 0.314591
3 0.407978 0.197288 0.0192023 0.0134986 0.306596
0 0.439423 0.406276 0.00873225 0.0300715 0.305418
3 0.417433 0.261576 0.0152039 0.0195073 0.304984
0 0.547342 0.482354 0.00794395 0.0332536 0.296684
3 0.468458 0.211132 0.013145 0.0158224 0.296472
0 0.545473 0.394442 0.00580709 0.0278864 0.293993
3 0.368372 0.976278 0.0641722 0.0428568 0.292259
0 0.301475 0.384239 0.00955781 0.027475 0.289914
9 0.492529 0.329637 0.01395 0.0199063 0.287947
9 0.847969 0.847461 0.0283717 0.0510705 0.282204
3 0.460903 0.234239 0.018282 0.0204419 0.278886
1 0.250112 0.795713 0.0171724 0.0437081 0.276618
3 0.420829 0.180235 0.0132299 0.0117243 0.264659
1 0.247997 0.800494 0.0205629 0.0481642 0.261935
0 0.511341 0.385685 0.00642449 0.0263668 0.26152
0 0.514964 0.335238 0.00758151 0.021439 0.260797
