3 0.416175 0.738445 0.0371384 0.0975103 0.881871
3 0.142511 0.183619 0.0315876 0.023629 0.870204
3 0.243295 0.18178 0.0320784 0.0224749 0.859742
3 0.541368 0.481624 0.0531967 0.0414197 0.858503
3 0.836314 0.534726 0.0645813 0.0549304 0.858189
3 0.910133 0.39742 0.0499689 0.0335939 0.848711
3 0.887803 0.679012 0.0803497 0.0646789 0.84107
3 0.271093 0.640762 0.0723391 0.0545697 0.841024
3 0.314373 0.471163 0.0490264 0.0409166 0.84017
3 0.298204 0.551004 0.0648001 0.0468233 0.837187
3 0.741595 0.281036 0.0225077 0.0337126 0.836615
3 0.887929 0.278179 0.0291572 0.0322071 0.83524
3 0.5432 0.415317 0.0471738 0.0399444 0.834872
3 0.577027 0.276946 0.0200895 0.028249 0.82639
3 0.285903 0.596695 0.064498 0.0453461 0.82168
3 0.720247 0.277223 0.0194449 0.0315964 0.817088
3 0.551504 0.152974 0.0263839 0.0224776 0.816471
3 0.808143 0.483898 0.0517634 0.0419298 0.814974
3 0.532977 0.277257 0.0181646 0.0308977 0.810961
3 0.340194 0.398112 0.0462246 0.0364595 0.809883
3 0.884961 0.13639 0.0190636 0.0227684 0.802656
3 0.537157 0.178192 0.0307786 0.0227743 0.802511
3 0.352012 0.153404 0.014488 0.0222799 0.798904
3 0.483855 0.176292 0.0305107 0.0205041 0.795871
3 0.876543 0.637657 0.0751301 0.056803 0.794904
3 0.81595 0.0679634 0.0171634 0.0190459 0.792263
3 0.795943 0.442493 0.0495787 0.0393024 0.791774
3 0.128869 0.151499 0.0306274 0.024349 0.790946
3 0.901853 0.153817 0.0179233 0.0236586 0.776121
3 0.321379 0.444897 0.0527456 0.0362618 0.773213
3 0.786229 0.415008 0.0514705 0.0394953 0.766674
3 0.04058 0.150729 0.0254116 0.02157 0.759233
0 0.377047 0.622043 0.00921231 0.0395289 0.758447
0 0.392724 0.667587 0.0086437 0.0429184 0.758438
3 0.699314 0.277215 0.0204607 0.0309909 0.748959
3 0.511858 0.275104 0.0149558 0.0268063 0.745222
3 0.0109146 0.153015 0.0218246 0.023511 0.744582
3 0.558456 0.278017 0.0164968 0.0282171 0.730981
3 0.59958 0.278704 0.017952 0.0310467 0.728962
3 0.412655 0.362604 0.0227094 0.048229 0.723415
0 0.357581 0.674007 0.00901662 0.0418055 0.712099
3 0.241266 0.151015 0.018423 0.0261481 0.709038
3 0.353355 0.338898 0.0433801 0.0277774 0.702093
3 0.52583 0.337638 0.040783 0.0275256 0.698534
3 0.074295 0.152683 0.0273785 0.020696 0.690184
3 0.921822 0.110697 0.020419 0.0218157 0.68693
3 0.864731 0.116749 0.0188717 0.0205108 0.668876
3 0.532916 0.35601 0.041403 0.0274942 0.651312
3 0.53717 0.381334 0.0402022 0.0326161 0.634408
0 0.74695 0.410651 0.00872592 0.031848 0.633726
3 0.751903 0.356911 0.048359 0.0360249 0.633283
3 0.538364 0.399242 0.0434374 0.0306281 0.631207
3 0.411211 0.14916 0.0269123 0.0250434 0.629364
0 0.367157 0.661317 0.00949878 0.0419587 0.621181
3 0.769231 0.384583 0.0487301 0.0362404 0.620903
3 0.976483 0.12394 0.01936 0.020326 0.605533
0 0.735397 0.409785 0.00880993 0.0328939 0.597368
0 0.805484 0.369833 0.00893627 0.0278063 0.588667
0 0.710401 0.394641 0.00831263 0.0285195 0.578876
3 0.341159 0.37434 0.0450239 0.0342055 0.574301
3 0.0583473 0.170979 0.0322393 0.0248862 0.568028
0 0.711893 0.391686 0.00669156 0.0299347 0.566778
3 0.85158 0.0843155 0.0181744 0.0184934 0.565659
3 0.537133 0.393705 0.0426104 0.032084 0.563838
3 0.174529 0.149304 0.0175733 0.0273949 0.560435
3 0.870429 0.0620533 0.0219479 0.0159332 0.536729
3 0.925837 0.170193 0.0282841 0.0230285 0.53474
0 0.375817 0.663049 0.0109547 0.0419539 0.524421
3 0.347509 0.357712 0.0421982 0.0336921 0.520522
3 0.348495 0.347796 0.0438623 0.0290563 0.505865
0 0.356343 0.635613 0.00953302 0.0384272 0.503096
3 0.881155 0.085671 0.0187049 0.0184926 0.497686
0 0.708209 0.337926 0.00637885 0.0239538 0.492815
3 0.932394 0.174997 0.0354221 0.0224989 0.488928
3 0.994227 0.12872 0.0115461 0.0212848 0.486116
3 0.748329 0.342178 0.0485545 0.0306874 0.483626
3 0.838152 0.0268456 0.0149601 0.0160707 0.483145
3 0.766282 0.379676 0.0475111 0.0318575 0.476468
3 0.884889 0.035465 0.0184811 0.0179959 0.474071
3 0.831382 0.0217446 0.0200844 0.0162902 0.468187
0 0.706886 0.374282 0.00598611 0.032196 0.456733
0 0.715256 0.381054 0.00706213 0.0362593 0.456719
3 0.866036 0.0503181 0.0225342 0.0168232 0.453484
3 0.917676 0.0644926 0.0233066 0.0192033 0.450187
3 0.0559249 0.153221 0.0269913 0.0224009 0.447822
0 0.721811 0.391072 0.00652551 0.0291227 0.445123
3 0.773179 0.392711 0.0465015 0.0351135 0.44215
3 0.789734 0.0300385 0.0121119 0.0166521 0.438432
3 0.874752 0.0748555 0.0213804 0.0181765 0.436406
3 0.963937 0.097274 0.0222277 0.0203915 0.433521
3 0.28344 0.0571662 0.0210984 0.0194429 0.428332
3 0.821593 0.0149706 0.0151653 0.0181793 0.428027
4 0.342561 0.373465 0.0470367 0.0326507 0.424316
3 0.978011 0.073737 0.0182797 0.0176334 0.415163
3 0.888416 0.0369905 0.0180843 0.016895 0.407872
3 0.89503 0.0891607 0.0152012 0.0180646 0.40388
0 0.895544 0.228798 0.00587939 0.020759 0.403528
3 0.860033 0.0446989 0.0174896 0.0165179 0.403477
3 0.778953 0.401791 0.0496147 0.0311332 0.394745
0 0.432677 0.190914 0.00495224 0.0205463 0.393333
3 0.94068 0.173903 0.0332421 0.0210459 0.391459
3 0.528146 0.345424 0.0416777 0.02735 0.390408
3 0.849981 0.0812739 0.0173195 0.0159732 0.388228
0 0.736841 0.38994 0.00671463 0.0299296 0.385443
3 0.440197 0.152382 0.0259369 0.022055 0.385227
3 0.980704 0.102777 0.022364 0.0198715 0.379347
3 0.0470968 0.151875 0.0313007 0.022622 0.37658
3 0.957702 0.101641 0.024713 0.0192593 0.372975
3 0.53599 0.368559 0.0405111 0.0298859 0.364218
3 0.93632 0.0768572 0.0200375 0.0171147 0.357432
3 0.929288 0.0708232 0.0188724 0.0168719 0.351535
0 0.833487 0.136865 0.0046139 0.01626 0.350871
3 0.912879 0.0650129 0.0181604 0.0172907 0.340591
3 0.902777 0.0481204 0.0153152 0.0157164 0.340018
3 0.946295 0.0934534 0.0217714 0.0203864 0.335324
3 0.985969 0.0758031 0.0238085 0.0203314 0.334645
3 0.748398 0.0253953 0.010276 0.0169435 0.3216
3 0.987866 0.0808704 0.0224891 0.0183408 0.320178
0 0.846624 0.150593 0.00654144 0.0196392 0.313175
3 0.205266 0.17143 0.0274794 0.0247971 0.309748
0 0.294436 0.177576 0.00681262 0.019708 0.295754
3 0.923316 0.165995 0.0272173 0.0252441 0.294577
3 0.966995 0.100973 0.0223092 0.0205057 0.29234
3 0.983925 0.0971309 0.0230101 0.0211082 0.286625
3 0.540348 0.408161 0.0461765 0.0355852 0.280299
3 0.936362 0.121785 0.0170924 0.0185725 0.280143
3 0.957869 0.0915659 0.0260538 0.0190907 0.272939
3 0.861058 0.0382399 0.0184658 0.0159443 0.269773
3 0.747057 0.334334 0.0467938 0.0336731 0.268919
3 0.82484 0.0166421 0.015565 0.0181168 0.268324
3 0.846792 0.00607993 0.0162693 0.0121599 0.26109
5 0.451212 0.0414944 0.0309445 0.0357641 0.26032
0 0.829809 0.280658 0.00640331 0.0235929 0.254552
0 0.861111 0.156785 0.00520441 0.0206192 0.250927
