3 0.275765 0.747413 0.0656648 0.0628126 0.892688
3 0.925273 0.829926 0.0691624 0.112998 0.889546
3 0.317002 0.857188 0.0619216 0.0689009 0.871994
3 0.396599 0.735629 0.053393 0.0579892 0.849684
3 0.352074 0.304121 0.0309135 0.0237252 0.838413
3 0.593309 0.362664 0.019764 0.0340269 0.829275
3 0.329729 0.440602 0.0425497 0.0380664 0.820367
3 0.174735 0.797394 0.0693382 0.0669664 0.819024
3 0.38747 0.843301 0.0728742 0.0627981 0.811016
3 0.487117 0.446036 0.0211984 0.0503688 0.751434
3 0.372901 0.267342 0.0283135 0.0221996 0.719397
3 0.508326 0.273495 0.0158534 0.0308756 0.711239
3 0.541788 0.304579 0.0167049 0.03079 0.678655
3 0.380865 0.161277 0.0138652 0.0181852 0.672513
3 0.756311 0.283597 0.0309067 0.0210497 0.635239
4 0.572114 0.37135 0.0225931 0.0409367 0.630105
3 0.484723 0.27846 0.0172958 0.0281132 0.616109
3 0.492316 0.169125 0.0099617 0.0201658 0.612484
3 0.528661 0.174863 0.0111901 0.0215492 0.577304
3 0.590164 0.469163 0.0219357 0.0411655 0.524654
3 0.587841 0.325022 0.0180204 0.0322061 0.516561
3 0.736525 0.253242 0.0288193 0.0211895 0.480069
3 0.753474 0.268242 0.0314417 0.0211125 0.468714
5 0.988509 0.182177 0.0229822 0.0415675 0.448751
3 0.743612 0.337569 0.0233425 0.0348661 0.396767
4 0.764268 0.381669 0.0408719 0.0465851 0.391299
0 0.32959 0.817757 0.00861254 0.0302948 0.381298
3 0.739825 0.256668 0.0261658 0.0221526 0.360016
3 0.512006 0.25473 0.0138445 0.0228309 0.35951
3 0.401859 0.10539 0.0138668 0.0138245 0.358854
3 0.755685 0.263538 0.0322899 0.0211198 0.340235
3 0.413298 0.141448 0.0157511 0.016254 0.330339
3 0.476237 0.0618402 0.0100447 0.0112067 0.272476
3 0.751445 0.195943 0.0213547 0.0172657 0.270714
4 0.860612 0.287195 0.0240297 0.0273594 0.268231
