5 0.634009 0.332045 0.0806683 0.120236 0.875575
3 0.202676 0.109083 0.0297693 0.0306698 0.839782
3 0.190051 0.21537 0.0587792 0.0367792 0.830915
3 0.0116628 0.323139 0.0233256 0.0481283 0.790109
3 0.594306 0.0757521 0.0284332 0.0220751 0.74254
3 0.650607 0.178157 0.0264004 0.033243 0.738179
3 0.627822 0.137817 0.0357145 0.0259588 0.737508
5 0.453982 0.0183496 0.022745 0.0366991 0.735535
3 0.511285 0.0593449 0.0164687 0.0238909 0.724903
3 0.0619475 0.255783 0.0492373 0.0510141 0.595305
3 0.636155 0.116602 0.0315747 0.0246908 0.510757
3 0.498618 0.0147864 0.013115 0.0214295 0.490196
0 0.528507 0.0656491 0.00565374 0.0261775 0.486957
3 0.513042 0.0245192 0.0173083 0.0223042 0.459259
4 0.0622569 0.25609 0.0492981 0.0495751 0.445339
3 0.299648 0.0143454 0.0290859 0.0199424 0.415236
0 0.60166 0.142003 0.00919266 0.0233394 0.413184
3 0.667102 0.145715 0.0385426 0.0327286 0.399747
0 0.598511 0.141685 0.00952184 0.0233671 0.322091
