3 0.0179788 0.152403 0.0359577 0.0495991 0.847873
3 0.0735055 0.0912118 0.0385471 0.0384848 0.804645
0 0.581459 0.716806 0.0116092 0.0570423 0.751133
0 0.54266 0.977208 0.0150824 0.045477 0.725534
0 0.542211 0.382208 0.00864846 0.0450933 0.708568
0 0.438812 0.433014 0.00982706 0.0470267 0.706075
0 0.451311 0.432547 0.0101694 0.0490636 0.67642
0 0.417155 0.254497 0.0077507 0.0397938 0.664311
0 0.555074 0.457209 0.0107482 0.0517597 0.656946
0 0.681776 0.310321 0.00919997 0.0331765 0.65203
0 0.607471 0.559764 0.0141378 0.0537072 0.644026
0 0.4225 0.363059 0.00878888 0.0417335 0.632644
0 0.408024 0.353349 0.0106768 0.0410023 0.631696
0 0.543416 0.287062 0.00832883 0.0399335 0.626541
0 0.585982 0.311482 0.00971392 0.0416646 0.624282
0 0.55167 0.660753 0.0159489 0.0572266 0.613777
0 0.820106 0.556189 0.0130718 0.047748 0.586765
4 0.688699 0.138689 0.0296157 0.0489344 0.586083
0 0.474018 0.653235 0.0135534 0.0564842 0.585129
0 0.405823 0.21613 0.00779334 0.0348694 0.574676
0 0.435847 0.339449 0.00974714 0.0441602 0.570411
0 0.694084 0.27174 0.00970822 0.0422919 0.570028
0 0.533681 0.31383 0.00747214 0.0443646 0.566329
0 0.561271 0.347322 0.00882874 0.0450577 0.564013
3 0.105327 0.0582967 0.027616 0.0385066 0.563434
0 0.340396 0.610398 0.0110917 0.043206 0.550317
0 0.403416 0.181488 0.00672625 0.0307915 0.537107
0 0.43233 0.36373 0.00971796 0.0469798 0.535981
0 0.669752 0.0497363 0.00734594 0.0255049 0.534739
0 0.558548 0.689149 0.0131778 0.0600617 0.530874
0 0.630797 0.306719 0.00997696 0.0390353 0.516506
0 0.566731 0.479805 0.00979345 0.0458419 0.504758
3 0.678242 0.0227922 0.0284593 0.0288375 0.503448
0 0.691824 0.0552534 0.00611608 0.0266225 0.499208
0 0.429359 0.128561 0.00790432 0.0359086 0.494463
0 0.624186 0.571442 0.0116203 0.0581004 0.493702
3 0.744716 0.171919 0.0431353 0.03054 0.493216
0 0.692766 0.0239163 0.00605352 0.0244521 0.493011
3 0.73439 0.103151 0.0351379 0.0287495 0.485543
0 0.523674 0.232423 0.00985736 0.0351658 0.476546
0 0.540898 0.329159 0.00840512 0.040855 0.474325
0 0.571924 0.450083 0.0105975 0.0504749 0.461396
0 0.441427 0.222111 0.0083208 0.0396314 0.459486
0 0.690578 0.0569089 0.00673007 0.0257005 0.454728
0 0.41834 0.127843 0.00752088 0.0350289 0.442041
0 0.707434 0.0614753 0.0068117 0.0247886 0.414691
3 0.130428 0.0336562 0.0285016 0.0341263 0.413077
0 0.533408 0.324933 0.00739957 0.0433704 0.410146
0 0.390919 0.224524 0.00697497 0.0403775 0.410096
0 0.375979 0.257886 0.0106065 0.037417 0.406681
0 0.478729 0.265261 0.00931432 0.0382011 0.404958
0 0.64464 0.322805 0.00983092 0.0353584 0.394889
0 0.384786 0.201592 0.00724833 0.0307599 0.391112
0 0.666047 0.341299 0.0100336 0.0359853 0.390119
0 0.437923 0.256272 0.00847303 0.0385905 0.386438
0 0.40393 0.212592 0.00683935 0.0343304 0.384763
0 0.541447 0.314091 0.00777094 0.0410449 0.377711
3 0.67468 0.0192396 0.0283025 0.0305078 0.376754
0 0.557028 0.472747 0.00935279 0.0451638 0.376689
0 0.395672 0.232808 0.00790576 0.0356454 0.37649
0 0.48017 0.126017 0.00694809 0.031904 0.370908
0 0.479646 0.285293 0.00968206 0.0341551 0.368824
0 0.43533 0.245361 0.00832089 0.0350524 0.354513
0 0.582461 0.285813 0.00868625 0.0327818 0.342754
4 0.880193 0.611518 0.137847 0.114162 0.341413
0 0.626082 0.573723 0.0122939 0.0584546 0.335325
0 0.36586 0.246209 0.00656806 0.0382576 0.33378
9 0.716974 0.321284 0.0254513 0.0448542 0.330721
0 0.439499 0.260851 0.00880841 0.0360992 0.328639
0 0.32724 0.599043 0.00912027 0.0378711 0.32854
0 0.384208 0.240158 0.00660894 0.0327071 0.315194
1 0.367513 0.466775 0.0136239 0.0296561 0.314021
0 0.641054 0.0278512 0.00628016 0.0238351 0.308882
0 0.818695 0.557922 0.0183546 0.0507253 0.305888
0 0.337892 0.26429 0.00763025 0.033341 0.305045
0 0.38811 0.222496 0.00674649 0.0378536 0.304643
0 0.346243 0.264936 0.0109554 0.0337522 0.303951
0 0.372681 0.257356 0.00896647 0.0388868 0.301846
0 0.395546 0.197218 0.00726722 0.0299548 0.301129
0 0.408324 0.215351 0.00847702 0.0343861 0.29745
0 0.606041 0.242936 0.00881765 0.0370313 0.295647
2 0.822808 0.495119 0.0204537 0.0477797 0.293892
3 0.778057 0.036411 0.0337342 0.0293556 0.293191
0 0.384297 0.227662 0.00661522 0.0376194 0.292972
0 0.525702 0.233507 0.0110995 0.035299 0.290776
0 0.617532 0.197282 0.00782547 0.0257534 0.289844
0 0.460473 0.122274 0.00846118 0.0318917 0.287425
0 0.703647 0.0541502 0.00602094 0.0269181 0.285866
0 0.461521 0.123888 0.00685349 0.0303054 0.284809
3 0.841685 0.0139313 0.0327045 0.0257556 0.284143
0 0.439889 0.223899 0.00701119 0.039932 0.27126
0 0.716448 0.0101227 0.00552256 0.0202455 0.269681
0 0.65327 0.0334827 0.00607995 0.0226967 0.265453
0 0.438063 0.338067 0.0113955 0.0415928 0.265414
0 0.435692 0.23046 0.00894757 0.0387062 0.26413
3 0.665861 0.0118831 0.0305857 0.0237661 0.251582
