0 0.903615 0.477766 0.0327806 0.111359 0.832118
0 0.505862 0.513787 0.0274176 0.128886 0.803948
0 0.619092 0.633935 0.0316582 0.152844 0.791745
0 0.260671 0.409521 0.0198856 0.0880937 0.780985
0 0.544236 0.595232 0.0370668 0.150569 0.768987
0 0.0541819 0.572082 0.0304277 0.121517 0.758561
0 0.13878 0.452475 0.031986 0.109607 0.752061
1 0.264078 0.538416 0.0429019 0.0756826 0.747756
0 0.0127461 0.402118 0.0226004 0.0858726 0.72626
0 0.949266 0.438434 0.0216633 0.100608 0.718119
0 0.711472 0.515505 0.0260816 0.1158 0.715372
0 0.315727 0.42412 0.0222655 0.0989782 0.711744
0 0.565905 0.603252 0.0338402 0.14558 0.709149
0 0.0186289 0.540622 0.0289908 0.124078 0.708109
0 0.343212 0.411448 0.0187665 0.0909112 0.700041
0 0.243567 0.314792 0.0190483 0.0505432 0.68704
0 0.411617 0.399352 0.0151411 0.0833464 0.685463
0 0.539248 0.350593 0.0146063 0.0672429 0.683103
0 0.686692 0.466553 0.02325 0.0943212 0.682435
0 0.635604 0.376481 0.0173403 0.0799307 0.681889
0 0.232669 0.359646 0.0156171 0.077207 0.660073
0 0.368994 0.404784 0.0183877 0.0960253 0.659868
0 0.814849 0.442984 0.0245449 0.0966566 0.65347
1 0.328061 0.504896 0.0364979 0.0617547 0.632949
0 0.671637 0.34611 0.0132694 0.0671711 0.631353
0 0.126805 0.30461 0.0124575 0.0575837 0.627766
0 0.635009 0.337724 0.0134834 0.0603797 0.62618
0 0.332442 0.255128 0.010013 0.0373446 0.617472
0 0.359312 0.408973 0.0173533 0.0948718 0.601523
0 0.0411243 0.488448 0.0234474 0.106831 0.585467
0 0.557243 0.599968 0.0478287 0.148928 0.572635
0 0.171866 0.308667 0.0157517 0.0632996 0.571612
0 0.0593671 0.462252 0.0275138 0.0953047 0.566718
0 0.90215 0.310975 0.011491 0.0600423 0.556512
0 0.175721 0.308472 0.0136477 0.0667441 0.549022
0 0.281058 0.264855 0.0111223 0.0445763 0.544837
0 0.649496 0.327418 0.0135782 0.0665983 0.535813
0 0.838109 0.430793 0.0222778 0.101442 0.534162
2 0.205943 0.571414 0.0718878 0.0858649 0.519129
0 0.626934 0.537746 0.0237705 0.130504 0.511743
1 0.776018 0.364088 0.0149193 0.0405503 0.501247
0 0.421634 0.297382 0.0117369 0.0679613 0.500432
0 0.364144 0.407057 0.0210668 0.0951682 0.497203
0 0.681775 0.346513 0.0139727 0.064837 0.4945
1 0.729737 0.380059 0.0178769 0.0516 0.491964
1 0.211146 0.559241 0.0215485 0.0864994 0.483598
0 0.583898 0.236912 0.00964902 0.0349655 0.481195
1 0.226105 0.558032 0.0230986 0.0957536 0.469785
0 0.818406 0.355063 0.0124706 0.0637866 0.466448
0 0.382346 0.266488 0.0104978 0.0447373 0.463942
0 0.168454 0.308666 0.0125292 0.0631221 0.456722
0 0.0936312 0.2887 0.0121448 0.0499099 0.452015
0 0.718147 0.328844 0.0143293 0.0571322 0.447503
0 0.317601 0.293936 0.0106297 0.0493968 0.445931
1 0.751096 0.378832 0.0172112 0.053126 0.445425
0 0.304914 0.238673 0.00919438 0.0327274 0.444071
0 0.433223 0.22125 0.00699158 0.030247 0.440251
9 0.970491 0.272292 0.0219734 0.0309616 0.425628
0 0.896082 0.279089 0.0093914 0.0425876 0.417333
0 0.807968 0.360214 0.0148727 0.0622628 0.417053
0 0.64132 0.237489 0.00804005 0.0292768 0.413987
2 0.215857 0.565396 0.0933037 0.0915776 0.409584
0 0.927374 0.306093 0.0111281 0.0536638 0.408335
0 0.815346 0.355555 0.0121422 0.0628411 0.401219
0 0.319625 0.418978 0.0177472 0.0985943 0.389269
0 0.151865 0.310996 0.0139076 0.0583737 0.38921
0 0.116945 0.299742 0.00979409 0.044038 0.388205
0 0.888721 0.408059 0.0183071 0.0866574 0.386928
1 0.531221 0.3962 0.0276987 0.0512993 0.378625
0 0.716145 0.333706 0.0150661 0.0674976 0.378459
0 0.0382803 0.474495 0.0203283 0.0960325 0.375712
1 0.889374 0.405927 0.0172642 0.0826428 0.373053
1 0.18113 0.723436 0.0612426 0.118832 0.370623
0 0.810505 0.359188 0.013995 0.0665382 0.370086
0 0.224424 0.310548 0.0123237 0.0561224 0.368997
0 0.263718 0.273311 0.0115569 0.0380901 0.367653
1 0.872903 0.408027 0.0235475 0.0802246 0.365183
1 0.775583 0.368431 0.01721 0.0558846 0.357538
0 0.208085 0.300069 0.0122674 0.0493293 0.344863
1 0.204521 0.561852 0.0467461 0.0933657 0.335728
0 0.714445 0.360356 0.0147648 0.0637552 0.332993
0 0.894186 0.283155 0.00955925 0.0447384 0.324402
0 0.658622 0.253295 0.00764682 0.028273 0.323934
0 0.311543 0.294795 0.0135698 0.0519304 0.322637
0 0.280765 0.257178 0.0111382 0.0505047 0.322507
0 0.924303 0.311211 0.0113708 0.056369 0.322099
0 0.627503 0.238764 0.00787525 0.0344909 0.321837
0 0.610077 0.244106 0.00841522 0.0391277 0.320593
0 0.561258 0.24417 0.0100358 0.0348298 0.320105
0 0.596269 0.238649 0.00883102 0.0328504 0.319879
0 0.881871 0.317655 0.0120215 0.0533373 0.316737
0 0.397172 0.265099 0.0111825 0.0451671 0.315301
0 0.143943 0.274945 0.0110637 0.0513472 0.31437
0 0.608702 0.239517 0.00859776 0.0340441 0.297435
0 0.0411353 0.47498 0.0189563 0.114379 0.287767
9 0.910663 0.267792 0.0181993 0.0351378 0.285174
9 0.850713 0.236094 0.0232529 0.0254772 0.28466
0 0.678291 0.348419 0.0187102 0.066783 0.283539
0 0.420672 0.275664 0.00933457 0.0502163 0.282844
1 0.745709 0.378318 0.0179804 0.0525584 0.278545
0 0.748665 0.329935 0.0109259 0.0536245 0.277553
0 0.00984997 0.407633 0.019417 0.0829242 0.276927
0 0.0641987 0.465929 0.0312486 0.0990987 0.259302
9 0.806966 0.254923 0.023502 0.0314998 0.256153
1 0.946261 0.320521 0.0151695 0.051778 0.255133
0 0.946505 0.321865 0.0161238 0.0533697 0.254425
0 0.874851 0.405641 0.0194935 0.0790473 0.252731
1 0.528823 0.246228 0.00973657 0.0279512 0.250741
