4 0.515458 0.922988 0.0428329 0.132243 0.873536
3 0.494051 0.595609 0.03025 0.0613978 0.859815
3 0.42387 0.325062 0.0342781 0.0318337 0.834112
3 0.487148 0.323393 0.0222154 0.0257424 0.814046
3 0.38104 0.35743 0.0423398 0.0286242 0.788195
3 0.468911 0.304514 0.0155842 0.0264892 0.786238
3 0.190244 0.333227 0.0404522 0.0268355 0.766566
3 0.246881 0.343472 0.0452638 0.0269543 0.756951
8 0.492781 0.461545 0.0321253 0.0868198 0.753131
3 0.513591 0.300101 0.0154384 0.0262459 0.736036
3 0.464048 0.244742 0.0134836 0.0241298 0.717441
3 0.461927 0.274129 0.0145974 0.0280627 0.701085
3 0.506269 0.267269 0.0152738 0.0284568 0.698444
5 0.621865 0.963412 0.0844973 0.0696479 0.631783
3 0.438489 0.269395 0.0159357 0.02666 0.627894
3 0.38126 0.329443 0.0409268 0.0256959 0.597074
0 0.532252 0.500919 0.00843389 0.0364399 0.593348
0 0.561744 0.582141 0.010991 0.0437301 0.555788
4 0.593043 0.327575 0.0328558 0.0286621 0.550841
3 0.438933 0.299304 0.0163077 0.0295917 0.544903
0 0.570117 0.578039 0.00883502 0.0419155 0.540219
0 0.552181 0.485923 0.00829198 0.0357464 0.529178
5 0.472151 0.158909 0.0116213 0.0239918 0.520244
3 0.478205 0.135402 0.00785805 0.012031 0.518948
3 0.447055 0.156729 0.00801136 0.0142652 0.498811
4 0.455123 0.318656 0.0163594 0.037604 0.47947
3 0.58803 0.312073 0.028841 0.0235353 0.476545
3 0.502773 0.244395 0.0112993 0.0215299 0.465995
5 0.244277 0.319722 0.0569508 0.0408998 0.419827
0 0.563159 0.57292 0.00825308 0.047025 0.407274
3 0.437262 0.295997 0.015534 0.030768 0.335751
3 0.330742 0.173311 0.0186508 0.0140711 0.329023
3 0.250762 0.325613 0.0408453 0.0222197 0.30081
0 0.417183 0.288668 0.0051366 0.0221297 0.291093
3 0.245786 0.33703 0.0473687 0.0268189 0.280104
1 0.480318 0.223879 0.00486755 0.0132367 0.265686
3 0.466231 0.117925 0.00674932 0.0137033 0.265455
0 0.565325 0.554299 0.0100214 0.0356735 0.262059
3 0.507872 0.207054 0.0114727 0.0159028 0.25436
3 0.525745 0.208841 0.0187643 0.0178892 0.254169
