8 0.262181 0.80441 0.116469 0.0875101 0.859367
8 0.103974 0.690292 0.0591434 0.0724016 0.853288
3 0.889122 0.917369 0.0490585 0.0390066 0.83589
3 0.471843 0.881005 0.0449732 0.0422879 0.834096
3 0.610018 0.820992 0.0390017 0.0321455 0.824981
3 0.694263 0.839041 0.0420572 0.0302534 0.818139
3 0.782085 0.890179 0.0502413 0.0356669 0.814182
4 0.578053 0.953643 0.0547252 0.0545912 0.809686
3 0.721692 0.889622 0.0457716 0.0372854 0.804567
3 0.568246 0.888164 0.0485231 0.0392019 0.800921
3 0.730138 0.912211 0.0462162 0.0406033 0.789113
3 0.831083 0.982301 0.0576316 0.0353989 0.784211
3 0.474693 0.807221 0.0411684 0.0360399 0.779878
3 0.571593 0.93024 0.0445885 0.0360724 0.776638
0 0.527321 0.867682 0.00787793 0.0324083 0.772112
3 0.890537 0.759966 0.0400644 0.0272956 0.769656
3 0.850625 0.794661 0.042197 0.030657 0.765565
3 0.0446574 0.578288 0.0230281 0.0162986 0.760839
3 0.862121 0.871312 0.0446243 0.0339559 0.760018
3 0.980308 0.959226 0.0393837 0.0359251 0.756726
3 0.892266 0.842087 0.0529003 0.0329546 0.750419
4 0.646928 0.969093 0.0799915 0.0618139 0.744118
3 0.476482 0.837805 0.0427579 0.0373535 0.735915
3 0.567296 0.649634 0.0284964 0.019141 0.735662
3 0.621694 0.869839 0.0415132 0.0376967 0.734453
3 0.927323 0.799078 0.0385032 0.0255788 0.733965
3 0.0466867 0.635843 0.028778 0.0211704 0.732936
3 0.638289 0.913602 0.0477222 0.0353566 0.732354
3 0.874115 0.894645 0.0484684 0.033411 0.730553
5 0.0730148 0.557551 0.0288508 0.0297887 0.723927
4 0.933716 0.752577 0.0443814 0.0296715 0.719327
3 0.987633 0.729861 0.0234276 0.0231959 0.717573
3 0.67455 0.775414 0.0383186 0.0300334 0.714939
3 0.972907 0.839763 0.0426887 0.0321689 0.710502
3 0.950687 0.914413 0.0560583 0.0421005 0.70758
0 0.506967 0.843964 0.00648202 0.0296414 0.70659
3 0.655909 0.605135 0.0214499 0.0175089 0.705617
3 0.808501 0.931123 0.0554745 0.0370985 0.703448
3 0.768463 0.868539 0.0452319 0.0309916 0.700528
3 0.859012 0.627553 0.0235527 0.0174498 0.700312
3 0.565382 0.861743 0.0448564 0.0312806 0.699787
3 0.637533 0.775381 0.0174559 0.0317151 0.698323
3 0.69296 0.813905 0.0421924 0.0299035 0.693455
3 0.472789 0.777274 0.0366209 0.0307474 0.688681
3 0.666129 0.752493 0.0376661 0.0270482 0.68557
3 0.982825 0.857356 0.0343411 0.0366574 0.682035
3 0.876373 0.821046 0.0456951 0.032644 0.679577
3 0.625563 0.850849 0.0457413 0.0338694 0.676855
3 0.922407 0.879392 0.0490921 0.0331923 0.674842
3 0.950419 0.77838 0.0336193 0.0251478 0.667591
3 0.461533 0.967204 0.0556769 0.0438461 0.665973
3 0.562008 0.849421 0.0429646 0.0289552 0.662152
3 0.846049 0.846436 0.0474316 0.0375575 0.659578
3 0.986499 0.986007 0.0270012 0.0279855 0.655686
8 0.16353 0.647875 0.0600082 0.0513495 0.650505
5 0.183891 0.593063 0.0349574 0.026314 0.649222
3 0.794027 0.776951 0.0358941 0.0303307 0.6489
3 0.552456 0.772756 0.0364289 0.0266449 0.64426
3 0.0688524 0.626722 0.0314578 0.021686 0.64251
8 0.0795236 0.713974 0.0508372 0.0745718 0.641797
3 0.537028 0.681306 0.0298549 0.0237777 0.633477
3 0.626957 0.668579 0.0271169 0.0207747 0.63077
3 0.540459 0.702241 0.0312538 0.0242065 0.629009
3 0.526772 0.640181 0.0233207 0.0170875 0.626578
3 0.698096 0.642965 0.0243173 0.01763 0.625322
3 0.910702 0.779945 0.0386597 0.0306983 0.62472
3 0.618355 0.649853 0.0294254 0.0211968 0.616273
3 0.625779 0.665328 0.0268053 0.0206602 0.615545
3 0.479546 0.658485 0.0301339 0.0201106 0.614803
3 0.901433 0.730076 0.0375559 0.0271579 0.613627
3 0.841577 0.842688 0.0448822 0.0345338 0.61107
3 0.678821 0.697697 0.0364238 0.0221444 0.61039
3 0.564541 0.855915 0.0433548 0.0308211 0.607871
3 0.842921 0.61634 0.0262142 0.0191811 0.607303
8 0.0246903 0.765212 0.049044 0.068966 0.606417
3 0.641209 0.938987 0.0506046 0.0372767 0.60606
3 0.880457 0.708059 0.0366045 0.0273827 0.604988
3 0.848172 0.717065 0.0295855 0.023856 0.602644
3 0.938796 0.684268 0.0279323 0.019833 0.599703
3 0.709758 0.759964 0.0336229 0.0243781 0.59943
3 0.647307 0.706548 0.0315694 0.0239668 0.598319
3 0.698934 0.6051 0.0204492 0.0148492 0.594131
3 0.822378 0.689067 0.0299011 0.0186504 0.593728
3 0.666481 0.67562 0.0301907 0.0213412 0.592087
3 0.817363 0.956491 0.0544808 0.0381518 0.592043
3 0.747878 0.829539 0.0427537 0.0300554 0.589754
3 0.962888 0.706384 0.0353843 0.0233126 0.587795
3 0.475623 0.735637 0.0362198 0.025175 0.587498
3 0.656125 0.5629 0.0186724 0.0154989 0.586786
8 0.135178 0.664293 0.0698483 0.0555098 0.586248
3 0.691889 0.80762 0.0429131 0.0288143 0.577369
3 0.751126 0.614742 0.0222032 0.0168749 0.576275
3 0.572212 0.668165 0.0275045 0.0191874 0.573608
3 0.749259 0.835759 0.0430301 0.0301009 0.572907
3 0.531555 0.657272 0.0273254 0.0197505 0.572672
8 0.294578 0.729223 0.101385 0.0663015 0.571194
3 0.594127 0.754224 0.0345829 0.0250936 0.569605
3 0.719302 0.775638 0.0371489 0.0226487 0.568695
3 0.637026 0.691475 0.0286392 0.0223827 0.568105
3 0.06543 0.595767 0.0240819 0.0190413 0.567025
3 0.815981 0.754578 0.0401061 0.0242778 0.565871
4 0.605658 0.786339 0.0403826 0.036064 0.564011
3 0.841336 0.7087 0.0297644 0.0212526 0.563642
3 0.546384 0.743928 0.0323231 0.023779 0.561734
3 0.656399 0.727523 0.0292007 0.0272152 0.561154
3 0.477878 0.673959 0.030644 0.0228669 0.554439
3 0.763027 0.735966 0.0334006 0.0230378 0.55313
3 0.674556 0.580613 0.0228895 0.0145794 0.552661
3 0.731265 0.798277 0.0419674 0.0260402 0.550837
3 0.87022 0.73568 0.0360655 0.0258448 0.55002
3 0.702041 0.606655 0.024501 0.0153263 0.549053
3 0.737157 0.596009 0.0230309 0.0168249 0.547809
3 0.0874156 0.607274 0.0269023 0.0178721 0.547148
3 0.97995 0.807383 0.0393224 0.0272732 0.546397
3 0.565251 0.868267 0.0453352 0.0325487 0.54392
3 0.478666 0.665743 0.0308634 0.020056 0.543422
3 0.80438 0.585347 0.0218544 0.0164004 0.540565
3 0.745181 0.823111 0.0406611 0.0276621 0.540398
0 0.505928 0.705217 0.00554172 0.0225823 0.539881
8 0.646027 0.96985 0.0809721 0.0603008 0.538402
3 0.47832 0.714436 0.0339962 0.0260374 0.536142
8 0.297106 0.725675 0.0886595 0.0530419 0.535933
3 0.763579 0.629603 0.020654 0.016083 0.535381
3 0.679745 0.585438 0.022906 0.0159386 0.533612
3 0.723005 0.627957 0.02435 0.0173676 0.533427
3 0.781911 0.70555 0.0340655 0.0217573 0.529942
3 0.592695 0.746661 0.0364565 0.0246755 0.529862
3 0.747804 0.713899 0.0302327 0.0213436 0.529296
3 0.0230434 0.627319 0.0302543 0.0214884 0.527868
3 0.924005 0.678678 0.0290777 0.0207818 0.527653
3 0.554707 0.797674 0.0425327 0.0328597 0.527072
3 0.732074 0.688706 0.0287717 0.0178611 0.524999
3 0.658523 0.659083 0.0322472 0.0171422 0.523074
3 0.682486 0.591602 0.0214513 0.0172789 0.522268
3 0.474483 0.858121 0.0441937 0.0351596 0.521472
3 0.564379 0.83057 0.0438597 0.0266683 0.52035
3 0.808975 0.674083 0.028289 0.0202718 0.520238
3 0.705657 0.650229 0.0298452 0.0178784 0.520162
3 0.94692 0.692479 0.03187 0.0202236 0.517076
3 0.476623 0.649733 0.0301922 0.0220212 0.516725
3 0.751563 0.718701 0.0328786 0.0221472 0.516585
3 0.824795 0.695032 0.029681 0.0222864 0.516092
3 0.836944 0.773697 0.0361218 0.0244086 0.512755
3 0.526493 0.637039 0.0220535 0.0171966 0.512366
3 0.477997 0.769649 0.0398111 0.0271109 0.512105
3 0.742374 0.816845 0.0410651 0.0274495 0.510352
3 0.579267 0.705467 0.0316223 0.019869 0.509727
3 0.784559 0.571703 0.018512 0.0139926 0.508614
3 0.593035 0.758664 0.0367256 0.0269365 0.507632
3 0.130947 0.625644 0.0343036 0.0241674 0.507491
3 0.861613 0.628953 0.0245061 0.01912 0.50668
3 0.478074 0.637196 0.0297217 0.0190579 0.505499
3 0.641407 0.585722 0.0143728 0.0160134 0.505191
5 0.0477081 0.739977 0.0461515 0.0654388 0.504874
3 0.899648 0.725736 0.0385372 0.0248731 0.504468
3 0.550219 0.755459 0.03347 0.022309 0.504163
3 0.920579 0.675599 0.0266556 0.0216482 0.503156
3 0.653712 0.650451 0.0319147 0.0200287 0.499851
3 0.792891 0.627285 0.024893 0.0183362 0.497417
3 0.729466 0.6839 0.0280981 0.0195814 0.497274
3 0.719446 0.582692 0.0225217 0.0151163 0.49529
3 0.582626 0.716756 0.0317072 0.0211533 0.491731
3 0.650679 0.647352 0.0303804 0.0207579 0.491669
3 0.721343 0.669656 0.0278086 0.0196291 0.491289
3 0.638198 0.695196 0.0264066 0.0212256 0.488788
3 0.982547 0.822662 0.0349066 0.0321516 0.488298
3 0.720268 0.779419 0.0373345 0.0259828 0.483626
3 0.479795 0.631939 0.0269398 0.0194679 0.48352
3 0.656128 0.656535 0.0284556 0.0198547 0.482075
3 0.544146 0.728299 0.0328993 0.0245124 0.481414
3 0.800509 0.733471 0.037661 0.0218453 0.47981
3 0.768855 0.605325 0.0211297 0.0148978 0.478768
3 0.975875 0.802638 0.038538 0.0296143 0.476741
3 0.477193 0.751394 0.0371574 0.0249955 0.476495
3 0.585896 0.72765 0.0341534 0.0245914 0.473996
3 0.687891 0.730565 0.0362215 0.0212547 0.472878
3 0.574871 0.688417 0.0282952 0.0186062 0.470389
3 0.785687 0.713858 0.0308312 0.0221574 0.47
3 0.58202 0.710627 0.0318018 0.0195923 0.467363
3 0.840947 0.674427 0.0289418 0.0210938 0.46697
3 0.465504 0.98907 0.047781 0.0218603 0.458712
8 0.337482 0.653878 0.0607984 0.0365175 0.456455
3 0.650229 0.715996 0.0311227 0.0240168 0.454401
3 0.559147 0.826698 0.0400373 0.0288182 0.45263
3 0.545597 0.732679 0.0324983 0.0216404 0.448572
3 0.832969 0.66425 0.0305205 0.0209859 0.448244
3 0.79762 0.660383 0.0282706 0.020608 0.44689
3 0.759592 0.599823 0.0253035 0.0136515 0.443758
3 0.687529 0.719243 0.0355907 0.0254028 0.443018
3 0.480009 0.704176 0.0332228 0.0234318 0.442829
3 0.823205 0.961225 0.0479608 0.0399455 0.441191
3 0.54315 0.711292 0.0344376 0.0226012 0.437973
3 0.78363 0.709339 0.035061 0.0218799 0.437887
3 0.949981 0.696699 0.0292736 0.0214423 0.436794
0 0.867101 0.670593 0.0072744 0.0209761 0.435914
3 0.7976 0.727846 0.0363309 0.0228785 0.435807
3 0.974122 0.787731 0.0390983 0.025923 0.432673
3 0.0668899 0.629968 0.0298735 0.0210261 0.432453
3 0.108658 0.576908 0.0275635 0.0193744 0.431867
3 0.589051 0.734372 0.0367077 0.0222947 0.430478
3 0.464342 0.974488 0.0504229 0.0390536 0.428939
5 0.0167778 0.663826 0.0333041 0.0297476 0.427863
3 0.535723 0.675755 0.0277118 0.0198776 0.425976
3 0.545221 0.71726 0.0344893 0.0215939 0.425731
3 0.716373 0.563728 0.0199488 0.0163908 0.423813
3 0.877277 0.63838 0.0256118 0.0178709 0.422324
3 0.83174 0.772026 0.0402245 0.0244549 0.420716
3 0.705156 0.754584 0.0339417 0.0230337 0.419901
4 0.82135 0.960033 0.0503802 0.0370497 0.41878
3 0.815533 0.749403 0.0417358 0.0222453 0.41866
3 0.0128223 0.593117 0.0234035 0.0211634 0.418543
5 0.0253603 0.765991 0.0506634 0.0698334 0.418009
3 0.708776 0.613247 0.0239519 0.0173525 0.417182
0 0.510538 0.84404 0.00557444 0.0277401 0.417007
3 0.478128 0.687024 0.0321027 0.0233876 0.416394
3 0.747052 0.582864 0.0188994 0.01431 0.415645
3 0.534011 0.661829 0.0288231 0.0221156 0.414584
3 0.70987 0.655943 0.0314144 0.019173 0.4085
4 0.899211 0.657496 0.0352334 0.0243995 0.408327
3 0.759735 0.567752 0.0160675 0.013564 0.407944
3 0.839997 0.779923 0.0337399 0.0282135 0.406567
3 0.955012 0.701968 0.0362547 0.0212633 0.404767
3 0.78598 0.616457 0.0232572 0.0161061 0.403599
3 0.797579 0.582972 0.0180502 0.0151556 0.402936
5 0.212008 0.592884 0.0270767 0.0268498 0.402298
3 0.741706 0.66622 0.0300971 0.0194122 0.400171
3 0.591859 0.741354 0.0362192 0.0247637 0.398705
3 0.886484 0.646228 0.022797 0.0195526 0.397718
3 0.735765 0.657468 0.0321522 0.0188836 0.396744
3 0.825645 0.654694 0.0224162 0.0207221 0.394437
3 0.817631 0.682024 0.0272568 0.0181798 0.388062
3 0.477767 0.694349 0.031902 0.0233656 0.3877
3 0.673214 0.690913 0.0308893 0.0200233 0.387171
3 0.743261 0.711338 0.0283691 0.0225753 0.38711
3 0.667241 0.563117 0.0181775 0.0151788 0.387057
3 0.793811 0.656105 0.0243045 0.0184648 0.385819
5 0.0108546 0.791985 0.0216663 0.0711538 0.383347
3 0.724858 0.590364 0.0236041 0.0192939 0.382757
3 0.098697 0.600218 0.0252047 0.0212417 0.379475
3 0.739175 0.813661 0.0394433 0.0279658 0.378529
3 0.650386 0.599681 0.0244137 0.0166452 0.376377
3 0.725923 0.584653 0.0216907 0.0160672 0.37609
3 0.766915 0.688562 0.033728 0.0216175 0.375659
3 0.840717 0.610154 0.0236047 0.0204293 0.37511
3 0.573833 0.696274 0.0303206 0.0197294 0.374609
3 0.741137 0.705377 0.0329092 0.0213002 0.373902
3 0.714544 0.662509 0.025836 0.0191779 0.372774
3 0.771439 0.698531 0.032324 0.0214166 0.371867
3 0.61974 0.653318 0.0277609 0.0195099 0.368805
3 0.69836 0.742067 0.0377735 0.0249905 0.367053
3 0.75824 0.564893 0.0186649 0.0186861 0.365116
8 0.0475775 0.739658 0.0475292 0.0667945 0.365065
3 0.475982 0.742212 0.0366007 0.0270898 0.364374
3 0.731779 0.676061 0.0364374 0.0196966 0.363669
3 0.863249 0.695029 0.0334888 0.022005 0.362961
3 0.710982 0.615709 0.0220123 0.0160904 0.362775
0 0.5286 0.605795 0.00581342 0.014768 0.360748
3 0.684985 0.710327 0.0327161 0.0202379 0.360121
3 0.475799 0.726563 0.0363193 0.0260596 0.359391
3 0.850438 0.681772 0.0344811 0.0225181 0.358828
3 0.735353 0.653328 0.0287264 0.0197844 0.353651
4 0.555189 0.795758 0.0427807 0.0326776 0.353568
3 0.711861 0.653304 0.0290467 0.0185258 0.352919
3 0.704056 0.750323 0.0359997 0.0240384 0.351298
3 0.548708 0.749009 0.032589 0.0228522 0.348715
3 0.648116 0.562925 0.0197636 0.0151058 0.346775
3 0.754243 0.67644 0.0326165 0.0206138 0.346632
3 0.658815 0.563699 0.0210956 0.0143958 0.346609
3 0.754134 0.584471 0.0218968 0.0148358 0.345441
3 0.963278 0.78611 0.0490256 0.0257484 0.345185
3 0.830303 0.660314 0.0283915 0.0216538 0.342525
3 0.479478 0.697887 0.0347915 0.0235879 0.342223
3 0.584717 0.722287 0.0317368 0.0238245 0.340725
5 0.207276 0.589238 0.0395253 0.0307347 0.340025
3 0.837206 0.70543 0.0282365 0.0204142 0.339262
3 0.775437 0.609835 0.0185593 0.0197053 0.328659
5 0.0803777 0.713388 0.0507504 0.0783498 0.328204
3 0.604835 0.786326 0.0424917 0.0345418 0.317287
4 0.0157794 0.66437 0.0315587 0.032037 0.314787
3 0.790642 0.723535 0.0346725 0.023547 0.313113
3 0.969708 0.795434 0.0407343 0.0266069 0.31257
3 0.677101 0.564303 0.0159469 0.0175101 0.3078
3 0.015432 0.635231 0.0292911 0.0195851 0.306231
3 0.763432 0.684875 0.0313324 0.0242813 0.304763
3 0.681625 0.726398 0.0356525 0.0236908 0.30448
3 0.828014 0.70046 0.0285494 0.0214786 0.303375
3 0.532517 0.653894 0.0252569 0.0193354 0.300759
8 0.147729 0.654699 0.0797587 0.0556744 0.295837
0 0.41929 0.606892 0.00535314 0.0149663 0.291883
0 0.88036 0.685272 0.00761333 0.0212787 0.291018
3 0.806643 0.743277 0.0416107 0.0233375 0.289467
4 0.895861 0.653259 0.0337757 0.0211597 0.287116
3 0.122573 0.586829 0.0264374 0.0192094 0.286366
3 0.72694 0.792003 0.0400047 0.0261601 0.281749
3 0.866595 0.691257 0.0368729 0.0212963 0.281743
3 0.832165 0.604028 0.0176932 0.0163335 0.275196
3 0.642161 0.569119 0.0150202 0.0144349 0.271261
3 0.860536 0.689769 0.03405 0.0237493 0.270139
3 0.118677 0.586052 0.031135 0.021247 0.268225
3 0.552745 0.779328 0.0388066 0.02962 0.264553
