3 0.0999789 0.930799 0.0662898 0.123417 0.917216
3 0.704618 0.917229 0.0481003 0.0919118 0.905137
3 0.201732 0.743544 0.0500765 0.0780552 0.887089
3 0.25894 0.579965 0.0305638 0.0483404 0.867877
3 0.356782 0.726326 0.0331738 0.0767178 0.867451
3 0.672868 0.811932 0.0468379 0.0829888 0.867312
3 0.505434 0.519996 0.0224163 0.0397239 0.865223
4 0.274961 0.844689 0.0435452 0.10918 0.865002
3 0.225325 0.626686 0.0356196 0.0579288 0.860194
3 0.327177 0.596876 0.0296296 0.0541113 0.856402
3 0.283721 0.515603 0.0473004 0.0440999 0.844542
3 0.467719 0.42832 0.0157608 0.0270493 0.839053
3 0.58396 0.512452 0.0231253 0.0387383 0.806249
3 0.488866 0.407029 0.0174526 0.0277261 0.790918
3 0.558804 0.427875 0.0173832 0.0299931 0.787801
3 0.0203343 0.404683 0.0312083 0.0283148 0.775352
3 0.318507 0.425278 0.0429042 0.0285119 0.747076
4 0.925673 0.794779 0.0541354 0.104556 0.677368
3 0.474304 0.317952 0.0152554 0.0199758 0.666768
3 0.974673 0.809385 0.0506542 0.0782074 0.66067
3 0.328604 0.40747 0.0358127 0.0246105 0.649834
3 0.573007 0.471554 0.02012 0.0327144 0.648907
4 0.58621 0.432514 0.020112 0.0358536 0.648306
3 0.898073 0.803581 0.042737 0.0856833 0.62958
3 0.480532 0.316172 0.014415 0.0182003 0.623811
9 0.190068 0.71374 0.0246128 0.0336561 0.619968
1 0.60975 0.883105 0.0131847 0.0457187 0.615697
3 0.587665 0.358232 0.0257587 0.0201123 0.607648
3 0.575709 0.399441 0.0168447 0.0289403 0.591886
3 0.409285 0.286253 0.0106968 0.017431 0.589651
3 0.530879 0.390771 0.01803 0.0276204 0.587894
3 0.561166 0.357812 0.0202099 0.0236871 0.575823
3 0.483132 0.269494 0.0108269 0.0170851 0.571903
3 0.487433 0.335083 0.0136709 0.0231654 0.571104
3 0.570264 0.448026 0.0201828 0.0290641 0.566367
3 0.331635 0.388661 0.0352414 0.0237039 0.556972
3 0.333573 0.383803 0.0339603 0.0236844 0.547419
3 0.353686 0.342541 0.0289889 0.021982 0.541592
3 0.458721 0.240287 0.00827827 0.0135889 0.534985
3 0.615057 0.374415 0.029165 0.0231354 0.532287
3 0.351148 0.345714 0.0286961 0.0205532 0.530016
3 0.35998 0.318179 0.0252954 0.0182497 0.526984
3 0.616125 0.354566 0.0256771 0.0233965 0.526927
3 0.616927 0.457732 0.0264645 0.0428108 0.523883
3 0.431706 0.239033 0.00828362 0.0138881 0.514601
3 0.506476 0.262709 0.0107006 0.0142551 0.512843
9 0.144355 0.710443 0.0146153 0.0323864 0.512653
9 0.60987 0.893182 0.0122589 0.049371 0.507423
3 0.460552 0.297889 0.0103901 0.0188937 0.485304
3 0.5566 0.403816 0.0128936 0.0285035 0.480871
3 0.496113 0.24725 0.0104099 0.01443 0.477296
3 0.548801 0.31327 0.0142361 0.0190322 0.47702
3 0.39641 0.263454 0.0091121 0.0147004 0.473968
3 0.482117 0.29533 0.0110987 0.0184933 0.472808
3 0.412086 0.26388 0.0100878 0.0170382 0.470545
3 0.546996 0.332298 0.0219776 0.0188317 0.464944
0 0.359468 0.373888 0.00646782 0.0233871 0.464448
3 0.365597 0.297511 0.0205918 0.0174045 0.463025
3 0.530667 0.32692 0.0165232 0.0184193 0.459363
3 0.515068 0.288349 0.0118908 0.0177734 0.453081
3 0.480785 0.248547 0.00977573 0.0135496 0.449884
3 0.391526 0.372827 0.0139772 0.0290263 0.449563
3 0.360471 0.331788 0.0271949 0.0210721 0.449049
3 0.929582 0.792598 0.0481831 0.107815 0.443286
3 0.338623 0.36115 0.0260628 0.0217357 0.439124
3 0.364646 0.302958 0.0228976 0.0179966 0.432686
3 0.393602 0.222215 0.00955432 0.0126561 0.431868
3 0.334116 0.376553 0.0350931 0.0258752 0.423387
3 0.328052 0.400852 0.0372034 0.0245117 0.420938
3 0.446066 0.308258 0.0119464 0.020935 0.41718
3 0.361365 0.307073 0.0223935 0.0161242 0.415306
3 0.0926362 0.329789 0.0231748 0.0208122 0.412092
4 0.394534 0.338169 0.0142589 0.0286514 0.404059
3 0.46104 0.257404 0.00878954 0.0135334 0.39876
3 0.355766 0.336321 0.0301723 0.0195185 0.391522
3 0.583381 0.336141 0.0277836 0.0203971 0.391378
3 0.514118 0.29708 0.0129 0.0161151 0.384322
3 0.341706 0.356042 0.0316686 0.0216556 0.379225
3 0.550334 0.331569 0.0224362 0.0188598 0.376383
3 0.0721497 0.340325 0.0251747 0.0215325 0.371964
3 0.586865 0.354355 0.0293163 0.0214317 0.370925
3 0.383489 0.262017 0.00942717 0.0144294 0.370335
3 0.524303 0.307279 0.0131812 0.0178764 0.36977
3 0.470872 0.226112 0.00770741 0.0133357 0.36395
3 0.583801 0.346068 0.0286701 0.0199205 0.34574
3 0.508037 0.255165 0.012294 0.0126794 0.342051
4 0.619656 0.327895 0.0235134 0.0221326 0.34149
3 0.334506 0.371357 0.0327234 0.0221239 0.341109
3 0.383382 0.241159 0.00927327 0.0154126 0.33744
3 0.353475 0.333646 0.0285431 0.0194058 0.336812
3 0.483939 0.219804 0.00699463 0.0113385 0.334293
3 0.50655 0.245778 0.0127199 0.013043 0.332759
1 0.554106 0.477366 0.00667858 0.0238465 0.330453
3 0.463932 0.258825 0.009769 0.0157579 0.309681
3 0.472451 0.199649 0.00759697 0.0111387 0.305401
3 0.460332 0.261206 0.00886402 0.0143457 0.304298
4 0.896991 0.796877 0.0432922 0.0990616 0.303971
9 0.517266 0.349086 0.00538807 0.0171717 0.298911
3 0.525803 0.304376 0.0124254 0.0152776 0.291862
2 0.652032 0.744653 0.0147884 0.0362083 0.291661
3 0.372621 0.273057 0.0108512 0.0142497 0.288861
1 0.507113 0.399276 0.00505533 0.0192798 0.279433
3 0.4043 0.201019 0.00757421 0.00997611 0.278572
0 0.590867 0.388177 0.0062254 0.0221892 0.270506
3 0.471008 0.236424 0.00698452 0.0161412 0.269111
3 0.515496 0.275307 0.0132814 0.0175463 0.264386
9 0.554997 0.479857 0.00649732 0.0229541 0.263857
9 0.267801 0.461131 0.0130959 0.0212568 0.255941
0 0.545135 0.418477 0.00603205 0.023764 0.254995
3 0.504944 0.22127 0.0124048 0.0111287 0.252249
