3 0.291661 0.805454 0.0802777 0.163111 0.922754
3 0.662692 0.923455 0.0752781 0.149725 0.907119
6 0.55425 0.745935 0.0330069 0.0961394 0.899523
3 0.964495 0.693397 0.0699659 0.089839 0.868397
3 0.413311 0.456784 0.0319977 0.0518316 0.856653
4 0.909662 0.693651 0.0896508 0.117625 0.847439
3 0.71176 0.674302 0.052498 0.0848989 0.828323
3 0.494324 0.481152 0.0276899 0.0466475 0.82532
3 0.558625 0.394299 0.0191451 0.0370627 0.823913
3 0.490856 0.373715 0.0216794 0.0325678 0.816091
3 0.447879 0.363113 0.0189001 0.0336559 0.766118
3 0.854746 0.632602 0.089233 0.070537 0.713366
4 0.739538 0.409315 0.0296908 0.0489785 0.695227
3 0.686035 0.355725 0.0395245 0.0272544 0.670107
0 0.893816 0.589457 0.011753 0.0567632 0.654522
0 0.908994 0.601241 0.0126154 0.0508929 0.637599
3 0.832107 0.588687 0.0788669 0.0617391 0.620484
3 0.500193 0.312099 0.0132306 0.0241667 0.610383
9 0.853608 0.526286 0.0243639 0.0302324 0.567511
3 0.545803 0.339139 0.0137378 0.0264019 0.547913
3 0.49846 0.290743 0.0130794 0.0217091 0.526668
3 0.432571 0.309505 0.0124815 0.0249947 0.514057
3 0.523598 0.282136 0.00973551 0.0172903 0.489185
3 0.416462 0.326058 0.0184624 0.031315 0.476112
3 0.476705 0.275354 0.0106968 0.0192872 0.469016
3 0.498801 0.270671 0.0119009 0.0161704 0.4633
1 0.527857 0.375473 0.00618295 0.0223034 0.45501
3 0.514766 0.258333 0.00800144 0.0146501 0.414918
0 0.783863 0.698698 0.013925 0.0539873 0.401183
3 0.459509 0.272493 0.0111829 0.0191588 0.37934
3 0.691077 0.416362 0.0423855 0.0356664 0.3615
3 0.762717 0.558022 0.0627816 0.0827603 0.344873
0 0.800462 0.705789 0.0132678 0.0556133 0.340139
3 0.669346 0.34552 0.0301092 0.0253333 0.332003
3 0.53759 0.293233 0.0105034 0.0192891 0.323116
3 0.667781 0.341979 0.0283358 0.0248979 0.323076
3 0.536233 0.283346 0.0103029 0.0184579 0.312355
9 0.880315 0.532064 0.0129723 0.0337573 0.31196
3 0.498727 0.244936 0.0101062 0.0148969 0.309334
3 0.476944 0.278754 0.0118145 0.0207842 0.307507
4 0.763698 0.557994 0.0636013 0.079626 0.290576
3 0.67384 0.314675 0.0291412 0.0252226 0.279311
3 0.692872 0.313449 0.0215868 0.0194972 0.279245
9 0.71675 0.362276 0.0140374 0.0209037 0.276248
3 0.500984 0.243372 0.0106123 0.0154848 0.271847
3 0.690817 0.434534 0.0458676 0.0367528 0.267985
3 0.500595 0.267086 0.0113407 0.014534 0.265221
3 0.519464 0.222431 0.00813657 0.0109321 0.25421
