3 0.5362 0.660666 0.0354878 0.0681834 0.857293
3 0.475014 0.529998 0.0254196 0.0543911 0.823237
6 0.519857 0.729715 0.0218365 0.067983 0.808801
5 0.512326 0.460855 0.0267824 0.0986263 0.774962
3 0.436758 0.34017 0.0295847 0.0216206 0.754489
1 0.452837 0.716013 0.0117702 0.0420481 0.668667
1 0.541115 0.856811 0.0154854 0.0580809 0.637882
9 0.453194 0.728713 0.0123065 0.0497335 0.48541
5 0.585907 0.583903 0.0452262 0.092895 0.483768
9 0.57387 0.784558 0.0139169 0.0600989 0.407538
3 0.362684 0.339839 0.0378786 0.0251114 0.400305
3 0.469015 0.289727 0.01014 0.0196687 0.400253
3 0.496414 0.273286 0.0122019 0.0173474 0.394708
3 0.586725 0.58526 0.0448624 0.0914383 0.389499
2 0.541247 0.875542 0.018004 0.0556971 0.384954
6 0.497736 0.632954 0.0213242 0.0675964 0.361676
0 0.443022 0.516784 0.00847645 0.0325193 0.351243
6 0.562157 0.496771 0.0199255 0.037587 0.303557
9 0.453472 0.73807 0.0123528 0.0450779 0.267433
