5 0.56805 0.582905 0.089574 0.340571 0.91477
3 0.375783 0.459508 0.0613508 0.118295 0.909824
3 0.887904 0.746771 0.162874 0.141978 0.909705
5 0.480105 0.212123 0.0492296 0.107289 0.902371
5 0.705146 0.771458 0.162359 0.405004 0.892875
4 0.200147 0.691132 0.145502 0.174652 0.885264
5 0.42787 0.225592 0.049045 0.112417 0.874506
3 0.439694 0.149137 0.0419025 0.055408 0.864889
3 0.477551 0.136028 0.0449506 0.0540267 0.864471
3 0.324919 0.356971 0.100412 0.0927162 0.854747
3 0.707024 0.351705 0.0818705 0.0959899 0.853608
3 0.432448 0.0856933 0.0521022 0.0467373 0.83644
5 0.390928 0.147844 0.0559641 0.0871677 0.822628
4 0.627563 0.245734 0.0778162 0.0819853 0.816618
5 0.454505 0.587744 0.103924 0.47475 0.810942
3 0.595361 0.1146 0.0285931 0.0535998 0.807764
3 0.400442 0.102005 0.0403917 0.0466929 0.801127
5 0.53783 0.104734 0.0455237 0.0954663 0.800523
3 0.323072 0.223789 0.0566519 0.0751518 0.781124
3 0.457403 0.343141 0.0474571 0.0897614 0.775865
3 0.290475 0.0655587 0.0525406 0.0427924 0.760803
3 0.308159 0.306959 0.0839796 0.0730699 0.715093
9 0.671363 0.135774 0.0215994 0.0321287 0.604385
5 0.545178 0.0480713 0.102316 0.0961427 0.602113
5 0.502738 0.0600611 0.0532086 0.0596661 0.499737
5 0.560383 0.0483421 0.0701922 0.0949748 0.428338
5 0.710886 0.260696 0.0712709 0.143173 0.407454
1 0.750925 0.572382 0.0185215 0.0505714 0.372081
0 0.677084 0.972008 0.0263456 0.0542914 0.359321
5 0.516808 0.0585761 0.081523 0.0644803 0.351813
5 0.697602 0.0595207 0.0965612 0.0935677 0.322181
5 0.537577 0.0542111 0.122645 0.0773225 0.314893
3 0.229691 0.0789009 0.0488307 0.0411456 0.303561
1 0.675574 0.128091 0.0115164 0.0386928 0.293623
3 0.207066 0.0446417 0.0472209 0.0496653 0.279298
3 0.206912 0.0599443 0.0532668 0.0492352 0.2703
