3 0.230306 0.713847 0.0837666 0.154943 0.922899
3 0.334956 0.885137 0.0696545 0.211714 0.922349
3 0.507858 0.849089 0.0614784 0.169391 0.904142
3 0.666009 0.75044 0.0681027 0.137437 0.896767
3 0.852135 0.67737 0.0719445 0.113292 0.88799
3 0.965463 0.753395 0.0688616 0.124693 0.880813
3 0.519511 0.566506 0.047573 0.112714 0.868712
3 0.395895 0.434486 0.0375854 0.0754098 0.854123
3 0.936164 0.374759 0.0585597 0.0624992 0.851012
3 0.597862 0.388958 0.0376314 0.0594152 0.850109
3 0.558539 0.478509 0.0389297 0.0699068 0.849938
4 0.811499 0.55351 0.0628377 0.122892 0.821226
4 0.722117 0.366182 0.051614 0.0679095 0.819893
3 0.585527 0.334177 0.0286232 0.0460878 0.819074
3 0.512717 0.243555 0.0191415 0.0340446 0.812568
3 0.917738 0.473245 0.0884146 0.0683193 0.810369
3 0.469159 0.268683 0.0243107 0.04581 0.801126
0 0.843923 0.758968 0.0211315 0.0792579 0.75729
3 0.576694 0.288311 0.0222555 0.0357901 0.745998
3 0.480487 0.200899 0.0196908 0.0367725 0.743235
3 0.534615 0.181601 0.0151745 0.0262825 0.706249
3 0.512514 0.209565 0.0189195 0.0293695 0.700531
3 0.951064 0.522719 0.0911865 0.0773217 0.684082
3 0.839932 0.425089 0.0666023 0.0561621 0.667061
3 0.776809 0.39383 0.0611216 0.0611908 0.606423
3 0.513381 0.139725 0.0126079 0.0192284 0.602641
3 0.531331 0.113969 0.00929889 0.0188509 0.599147
3 0.53572 0.154251 0.0133852 0.0274025 0.564387
3 0.461885 0.126459 0.0139567 0.0215705 0.563556
4 0.681258 0.304181 0.0454418 0.0601986 0.553073
3 0.771938 0.363389 0.0674671 0.0524338 0.535934
1 0.361274 0.523825 0.0154943 0.0503802 0.51782
3 0.723052 0.256545 0.0456655 0.0405927 0.517303
3 0.73105 0.243029 0.0422408 0.0264892 0.497502
3 0.762298 0.47816 0.0560728 0.0761728 0.485243
3 0.447921 0.401841 0.0327685 0.0802207 0.47842
0 0.89661 0.3395 0.00878314 0.0351808 0.474189
3 0.516456 0.104828 0.0114828 0.021858 0.468149
3 0.733783 0.186521 0.0360517 0.0269552 0.461341
3 0.539998 0.0919434 0.0100033 0.0159055 0.437518
3 0.492681 0.116478 0.0118624 0.0220795 0.437288
1 0.755976 0.880142 0.0231333 0.0692416 0.414599
1 0.735112 0.852898 0.0206148 0.0613759 0.405649
3 0.513895 0.171135 0.016238 0.0314476 0.39755
3 0.720778 0.228081 0.0356518 0.0277416 0.387725
3 0.518108 0.0832123 0.0105772 0.0152484 0.385438
3 0.53502 0.0826957 0.0102543 0.0183829 0.353533
0 0.766094 0.272634 0.00736156 0.033194 0.344337
0 0.759348 0.240202 0.00655338 0.0253043 0.340788
3 0.642175 0.225431 0.0216541 0.037399 0.335199
3 0.952458 0.537058 0.0928487 0.0974567 0.332615
0 0.776081 0.248015 0.0104572 0.0335091 0.331282
0 0.781494 0.274217 0.00849582 0.0308061 0.320446
3 0.547154 0.148317 0.00921743 0.0201569 0.316487
0 0.281286 0.298119 0.0079358 0.0369795 0.316276
0 0.791525 0.281548 0.00645402 0.0355354 0.307569
0 0.695345 0.264978 0.00837075 0.0323038 0.302343
3 0.534613 0.167898 0.0142382 0.0307566 0.301796
0 0.765963 0.247406 0.00657376 0.0327683 0.300264
3 0.724434 0.17327 0.0295165 0.0250196 0.286684
3 0.517666 0.0793689 0.0104904 0.0164636 0.28289
3 0.514049 0.162307 0.0146217 0.0269787 0.28102
3 0.730503 0.179858 0.0380121 0.0280983 0.274733
3 0.802549 0.322768 0.0668674 0.0441631 0.274525
3 0.737116 0.188983 0.0327888 0.0257362 0.271918
3 0.809525 0.35149 0.0707365 0.0483499 0.26539
0 0.754352 0.891598 0.0251174 0.0875318 0.255836
3 0.782682 0.360765 0.0663794 0.0493153 0.255618
