3 0.580162 0.512694 0.0185541 0.035288 0.878463
3 0.463345 0.815167 0.0604865 0.0611125 0.875149
3 0.325381 0.727753 0.0367023 0.0770688 0.865544
3 0.531949 0.660943 0.0214696 0.0513114 0.862503
3 0.602793 0.714253 0.0269465 0.0629776 0.861059
3 0.606539 0.813443 0.0316555 0.0855876 0.860413
3 0.368303 0.589494 0.0259233 0.0513028 0.849073
3 0.534002 0.435835 0.0154324 0.0318537 0.81769
3 0.432553 0.517874 0.022813 0.0516096 0.813617
3 0.547287 0.392941 0.0147432 0.0261695 0.810124
3 0.429175 0.367515 0.0150158 0.0273721 0.661479
3 0.572416 0.429628 0.0154961 0.0277001 0.648931
3 0.564688 0.362874 0.013937 0.0233425 0.637616
3 0.568916 0.399468 0.0163368 0.0313534 0.571846
3 0.567244 0.385873 0.0153008 0.0245587 0.571017
7 0.564348 0.621221 0.0158914 0.0502094 0.568411
3 0.57417 0.460187 0.0163244 0.0335692 0.558857
3 0.44067 0.336384 0.0140532 0.0269908 0.550631
3 0.476747 0.286784 0.00991592 0.0201086 0.532432
3 0.5632 0.345652 0.0131518 0.0199323 0.493304
3 0.568094 0.390097 0.0155637 0.0241723 0.453521
3 0.466684 0.274506 0.0121565 0.016982 0.444783
3 0.461432 0.273992 0.0113437 0.0176126 0.381569
3 0.475773 0.282894 0.0118933 0.0195614 0.351298
3 0.485623 0.226733 0.00877552 0.0120482 0.335654
3 0.484493 0.240075 0.00747299 0.0154974 0.314163
0 0.594776 0.418071 0.00494919 0.0175036 0.282255
