3 0.792906 0.76075 0.0889211 0.136458 0.926758
3 0.650746 0.677992 0.0641775 0.0958032 0.913791
5 0.705215 0.599507 0.0846822 0.135852 0.900552
5 0.639291 0.472782 0.0714824 0.114634 0.881517
3 0.936576 0.950303 0.115861 0.0975118 0.8763
4 0.492328 0.42038 0.0348231 0.0740433 0.871462
3 0.419668 0.174907 0.0177721 0.0265814 0.856689
5 0.593678 0.395499 0.0564671 0.100214 0.841907
0 0.404359 0.74812 0.0168832 0.0680851 0.808716
5 0.452499 0.168037 0.0298359 0.0450498 0.710756
8 0.545683 0.41945 0.0584242 0.104431 0.66278
5 0.432701 0.131691 0.0227781 0.0461168 0.634939
5 0.779714 0.112592 0.0554284 0.0387964 0.615552
5 0.826819 0.230501 0.051178 0.0501168 0.596937
5 0.545371 0.420667 0.0582894 0.103258 0.556842
4 0.689232 0.331621 0.0461422 0.040663 0.550996
5 0.812036 0.353308 0.088087 0.130633 0.540515
3 0.308214 0.0396302 0.0108049 0.0164961 0.488375
3 0.710891 0.349924 0.0441031 0.0397564 0.386401
3 0.591057 0.231111 0.0353284 0.0237605 0.34803
5 0.44904 0.164858 0.0297831 0.0402064 0.332557
3 0.372258 0.0505631 0.0154425 0.0200221 0.32077
5 0.83214 0.372169 0.0513129 0.0898861 0.319041
3 0.399034 0.0908593 0.018792 0.0266939 0.317835
0 0.39474 0.114746 0.00545968 0.0165049 0.282878
3 0.33319 0.0153547 0.00973387 0.0151974 0.254567
