3 0.607966 0.729607 0.0889191 0.0789587 0.822886
3 0.547473 0.0531907 0.0429498 0.0341409 0.788001
4 0.420983 0.0202537 0.0369943 0.0394459 0.787818
0 0.457469 0.680832 0.0111397 0.0464972 0.766931
0 0.463091 0.512068 0.00985525 0.0451448 0.727838
7 0.519567 0.296308 0.0180571 0.0533033 0.719854
0 0.50785 0.780465 0.0116874 0.0506978 0.686713
0 0.518335 0.779154 0.0118011 0.0550377 0.675756
9 0.586828 0.650357 0.0144365 0.0544269 0.665371
0 0.456938 0.626062 0.0106049 0.0447357 0.647254
6 0.588333 0.381868 0.0382599 0.0477344 0.628456
1 0.528734 0.43385 0.0108768 0.0391134 0.598583
6 0.643209 0.916515 0.048522 0.0646531 0.590047
9 0.290465 0.861059 0.0354575 0.0442026 0.581086
9 0.36165 0.313424 0.0169995 0.0285586 0.563956
9 0.381217 0.278926 0.0214051 0.0266107 0.52312
0 0.531351 0.367007 0.00920455 0.0355849 0.497947
9 0.528556 0.43827 0.0123909 0.0393921 0.496769
0 0.43629 0.929611 0.0122263 0.0618063 0.487469
6 0.456269 0.203253 0.0124023 0.0388635 0.469754
0 0.46815 0.62496 0.00901058 0.0399785 0.46432
3 0.472703 0.010302 0.0186422 0.020604 0.445107
7 0.394495 0.108108 0.0243908 0.030474 0.425082
6 0.626504 0.775026 0.0560375 0.0557956 0.420586
7 0.626096 0.774908 0.0546906 0.056762 0.41918
0 0.464962 0.185868 0.00808613 0.0315027 0.389302
0 0.453058 0.0690297 0.00777862 0.0294802 0.365347
7 0.588064 0.381287 0.0384987 0.0485104 0.350701
0 0.442306 0.641682 0.0123362 0.0479789 0.312853
9 0.643386 0.895332 0.040809 0.0407801 0.281818
9 0.491329 0.201377 0.00786402 0.0308227 0.275365
0 0.35383 0.438059 0.0120215 0.0328429 0.275007
0 0.457403 0.108448 0.00698431 0.0262668 0.267421
0 0.465825 0.188682 0.00832596 0.0302422 0.266098
