3 0.746247 0.422505 0.0827629 0.0973945 0.872444
3 0.947437 0.431422 0.105126 0.107514 0.870325
3 0.842398 0.529885 0.123071 0.116747 0.851465
4 0.947368 0.341181 0.104072 0.0915786 0.839882
0 0.209038 0.779051 0.031793 0.136576 0.830983
3 0.783862 0.270698 0.0705498 0.0509603 0.766773
3 0.682307 0.200323 0.0559331 0.0439011 0.756587
0 0.294357 0.505833 0.0194661 0.0906223 0.718413
3 0.196272 0.374906 0.0950835 0.0746401 0.695006
0 0.709293 0.285586 0.011515 0.0485184 0.679972
3 0.341433 0.139332 0.0181929 0.0282355 0.661303
1 0.329977 0.511486 0.0280364 0.074627 0.661297
9 0.728834 0.240982 0.0252838 0.0272079 0.619201
0 0.7218 0.287949 0.0130096 0.0507398 0.576249
6 0.181111 0.625632 0.0873658 0.0736043 0.561246
6 0.217288 0.53159 0.0626146 0.0731832 0.557993
7 0.397532 0.311075 0.0327736 0.0791714 0.507169
0 0.362324 0.25231 0.00874497 0.0455579 0.501658
3 0.524052 0.112451 0.0188752 0.0261402 0.474398
3 0.506121 0.118328 0.0194056 0.0237874 0.465909
1 0.81545 0.335048 0.0138816 0.0465634 0.464341
3 0.270404 0.432671 0.0721912 0.105267 0.453452
9 0.329936 0.544841 0.0274193 0.0822937 0.446953
9 0.31263 0.305205 0.0161996 0.0443458 0.421041
6 0.403111 0.431374 0.0290165 0.0851862 0.411456
6 0.413604 0.366616 0.0266762 0.0605752 0.404995
9 0.985759 0.612142 0.0282879 0.0712757 0.401199
4 0.567402 0.120081 0.0296366 0.0346759 0.400795
6 0.219671 0.547558 0.0635757 0.0824376 0.370262
7 0.41283 0.369692 0.0258423 0.0670979 0.368385
7 0.403328 0.431212 0.0307486 0.0846937 0.350866
9 0.814813 0.341348 0.0148769 0.0471511 0.345026
0 0.390625 0.719242 0.0317041 0.109066 0.334284
6 0.985609 0.61463 0.0287813 0.0795448 0.327886
9 0.377429 0.727312 0.0258296 0.0968307 0.326434
9 0.330062 0.530816 0.0294456 0.0724388 0.322924
3 0.467698 0.184108 0.0401972 0.0315454 0.322794
6 0.281653 0.358804 0.0503835 0.0505486 0.321596
6 0.175594 0.696248 0.0892424 0.0826046 0.320684
3 0.236155 0.219862 0.0347821 0.045616 0.319369
0 0.356334 0.629306 0.0234042 0.106072 0.310325
3 0.311379 0.201635 0.0346912 0.043208 0.304836
1 0.109968 0.952636 0.0455749 0.0947274 0.298824
3 0.374195 0.107423 0.0145261 0.0196508 0.290527
5 0.541224 0.0939039 0.0233171 0.0309608 0.285944
6 0.419118 0.658393 0.0662068 0.0660036 0.266841
0 0.377962 0.254725 0.00926992 0.0392392 0.262868
