0 0.104257 0.903866 0.056125 0.191925 0.895778
0 0.20892 0.552162 0.0327855 0.124528 0.80097
0 0.460632 0.535251 0.0242231 0.122345 0.780806
0 0.641305 0.496278 0.0241091 0.111902 0.755008
0 0.801945 0.437876 0.0257996 0.0993697 0.746782
0 0.373415 0.457955 0.0196056 0.0944947 0.745569
0 0.293617 0.313263 0.0138489 0.0636433 0.744011
0 0.949174 0.48312 0.0299103 0.107262 0.726868
0 0.929941 0.296024 0.0138901 0.0573983 0.725278
0 0.276605 0.440776 0.0195681 0.0975659 0.723624
0 0.355093 0.479877 0.0239417 0.112336 0.721354
0 0.987288 0.423085 0.0237467 0.0954988 0.714717
0 0.254416 0.362137 0.0152038 0.0737544 0.708162
0 0.812078 0.326853 0.0136951 0.0605283 0.706497
0 0.847801 0.269985 0.0131104 0.0496119 0.70557
0 0.956683 0.432164 0.0193432 0.0881807 0.705435
0 0.49295 0.363667 0.0177462 0.0855462 0.703503
0 0.889773 0.482887 0.0225334 0.0976896 0.70276
0 0.541145 0.357842 0.0185511 0.0840317 0.683218
0 0.979987 0.64636 0.03979 0.133113 0.677358
0 0.576752 0.362401 0.0150621 0.0704456 0.673002
0 0.576704 0.327012 0.0140036 0.0716255 0.671073
0 0.187146 0.368827 0.0228189 0.0745928 0.671048
0 0.422133 0.456621 0.0241273 0.125745 0.668452
0 0.604099 0.268193 0.0107861 0.0455493 0.667358
1 0.727719 0.415978 0.0286339 0.0537133 0.663369
0 0.228178 0.313545 0.0137033 0.0653893 0.655155
0 0.898785 0.285482 0.0132736 0.0567666 0.640619
0 0.513236 0.350423 0.0170712 0.0967536 0.635408
0 0.227915 0.485811 0.0200806 0.0895245 0.629371
0 0.333271 0.329514 0.0141305 0.062705 0.621659
0 0.27332 0.350304 0.016058 0.0875803 0.617625
0 0.515281 0.345222 0.0144392 0.0905939 0.615039
1 0.0296234 0.390299 0.0190652 0.0408948 0.603933
0 0.21746 0.302917 0.0118872 0.0598865 0.602379
0 0.456733 0.372091 0.015939 0.0818993 0.580813
1 0.367013 0.345765 0.0202679 0.045743 0.571345
0 0.250063 0.294351 0.0137629 0.0559696 0.565833
0 0.175478 0.313134 0.016274 0.0640864 0.536674
1 0.867343 0.495783 0.021653 0.0733336 0.536067
0 0.417307 0.447243 0.0252939 0.126269 0.532656
1 0.192612 0.434612 0.0288542 0.0519905 0.526838
0 0.878149 0.279784 0.0110519 0.0520302 0.519998
0 0.634638 0.273115 0.0109553 0.0507716 0.511344
0 0.982983 0.222267 0.010825 0.0308289 0.496276
0 0.34667 0.257386 0.00960121 0.0427778 0.492935
0 0.159165 0.369251 0.0151659 0.0591796 0.48314
0 0.307989 0.328034 0.0146568 0.0727874 0.48305
1 0.00823548 0.398936 0.0160041 0.0313308 0.474422
0 0.168398 0.312472 0.0150324 0.062669 0.470445
0 0.740874 0.306228 0.0130107 0.0561095 0.469876
0 0.623255 0.276522 0.010199 0.049733 0.465814
0 0.144167 0.367248 0.0155318 0.0605369 0.460648
0 0.685913 0.251052 0.0100343 0.0453843 0.457261
1 0.830126 0.488734 0.0249077 0.0924355 0.455279
0 0.478906 0.397024 0.0201477 0.0791748 0.454451
0 0.455572 0.419127 0.0231625 0.0939255 0.445842
0 0.873717 0.279043 0.0154415 0.0485932 0.444102
0 0.233885 0.444087 0.0259985 0.0965541 0.440397
0 0.829119 0.488442 0.0241863 0.0891471 0.438695
0 0.65905 0.266742 0.00880623 0.044093 0.434032
0 0.994879 0.296745 0.0102423 0.0509476 0.430706
0 0.161689 0.303316 0.013647 0.0653056 0.410985
0 0.871126 0.28243 0.0112747 0.0474547 0.398919
1 0.980104 0.645971 0.0394997 0.133186 0.39164
0 0.293137 0.386099 0.0165833 0.0717443 0.387555
2 0.94853 0.291837 0.0218912 0.0319518 0.377094
0 0.539194 0.365046 0.0188783 0.0952532 0.373252
0 0.164671 0.311 0.0137234 0.0699018 0.370522
1 0.848013 0.483712 0.0218521 0.0791812 0.362202
1 0.0692413 0.314531 0.0132619 0.0492501 0.362118
0 0.417952 0.432659 0.0217018 0.0967362 0.359446
1 0.0133915 0.396521 0.0173334 0.0344365 0.358614
0 0.330716 0.244624 0.00937271 0.0442548 0.354479
0 0.632937 0.275491 0.0103834 0.0545246 0.3486
0 0.589435 0.260258 0.00951157 0.0442312 0.347525
0 0.326277 0.36391 0.0147951 0.0656675 0.339412
0 0.222667 0.307219 0.0146515 0.0708479 0.320278
0 0.328983 0.395882 0.0175882 0.0683172 0.318571
0 0.65343 0.270508 0.00949275 0.0483899 0.308756
0 0.340469 0.361539 0.0167376 0.0733128 0.300655
1 0.0472644 0.316401 0.0119958 0.032894 0.298446
1 0.00606109 0.344692 0.0115944 0.0448044 0.297953
0 0.23349 0.43682 0.0215961 0.0805844 0.297303
0 0.66979 0.250098 0.00824719 0.03996 0.297259
0 0.875991 0.279624 0.0124474 0.0510793 0.288904
1 0.188315 0.437101 0.0349858 0.0568159 0.287336
0 0.163398 0.367726 0.0163318 0.0609473 0.287256
0 0.688031 0.250955 0.0115284 0.044286 0.284239
0 0.229659 0.473326 0.0220932 0.0989366 0.273376
0 0.720503 0.272872 0.0114891 0.0366618 0.264895
0 0.327976 0.374893 0.019031 0.0921463 0.261514
0 0.308694 0.392158 0.0191417 0.0741997 0.250251
