3 0.317111 0.870335 0.0966727 0.151641 0.92226
3 0.544165 0.743509 0.0828337 0.143909 0.922189
3 0.462051 0.595232 0.0669737 0.0970647 0.911944
4 0.671457 0.353609 0.0392704 0.0681808 0.869902
3 0.501008 0.478682 0.0771841 0.0635238 0.854834
3 0.575121 0.373095 0.0627831 0.0535745 0.854151
3 0.52319 0.441027 0.0687671 0.0526723 0.84351
3 0.720181 0.247468 0.0454613 0.0353807 0.765208
3 0.633062 0.324363 0.0524946 0.0498193 0.750655
3 0.643805 0.303215 0.0506889 0.0405904 0.742933
6 0.24124 0.854079 0.0775338 0.0891337 0.736847
0 0.579915 0.41321 0.00944788 0.0411293 0.715117
3 0.781319 0.163103 0.0166585 0.0258676 0.694178
0 0.532887 0.559008 0.0114247 0.0517899 0.682204
9 0.238058 0.937012 0.0363059 0.0785294 0.666897
3 0.443103 0.526783 0.0466812 0.0696334 0.663659
3 0.727626 0.220427 0.0357685 0.0298061 0.659437
3 0.618334 0.59139 0.0576279 0.0781519 0.654389
6 0.481814 0.957778 0.0553503 0.0819481 0.626274
0 0.521593 0.556274 0.0145305 0.0568521 0.606082
0 0.518745 0.5557 0.0153915 0.0566064 0.598312
3 0.642455 0.520549 0.0448212 0.0750298 0.506723
0 0.743948 0.259716 0.00656855 0.0315153 0.471842
0 0.770072 0.284273 0.00894991 0.0332225 0.458264
9 0.357814 0.521095 0.0280426 0.0369402 0.408611
1 0.605848 0.505025 0.010894 0.0448083 0.372087
9 0.685026 0.239907 0.0224514 0.0258094 0.282404
0 0.605853 0.506096 0.0115584 0.0468918 0.265094
