3 0.556869 0.816517 0.0511692 0.0850413 0.896225
3 0.348485 0.725193 0.0315018 0.0666099 0.845111
3 0.4782 0.555739 0.027832 0.0387128 0.837402
3 0.441169 0.491291 0.0237364 0.0310876 0.835015
3 0.424668 0.460631 0.0240398 0.0319393 0.818708
3 0.259982 0.410519 0.0159881 0.0311306 0.811419
3 0.628229 0.966251 0.0647887 0.0660758 0.790962
3 0.39421 0.406521 0.0190022 0.0255388 0.766554
3 0.409084 0.430637 0.0203908 0.029231 0.761162
3 0.460233 0.525809 0.0256435 0.0358023 0.750702
3 0.533076 0.682461 0.0282573 0.0567067 0.717789
3 0.367244 0.361539 0.0168519 0.0200963 0.629787
3 0.284178 0.606939 0.0264741 0.0612963 0.61367
3 0.289394 0.262149 0.00925318 0.0162464 0.609344
3 0.384483 0.391535 0.0187971 0.0239575 0.594935
3 0.239008 0.289027 0.0109115 0.0192077 0.489084
5 0.348889 0.382121 0.0181232 0.0382224 0.43222
3 0.318156 0.280143 0.0115884 0.0175985 0.421355
3 0.311252 0.266525 0.0102438 0.0162864 0.40494
3 0.301805 0.249774 0.0121616 0.0163545 0.388535
3 0.327633 0.297338 0.014503 0.0188516 0.377799
3 0.341002 0.3171 0.0161441 0.0200814 0.330607
4 0.353323 0.336409 0.0170156 0.0255256 0.326765
3 0.995153 0.199683 0.00969315 0.0145509 0.314032
3 0.335143 0.303768 0.0134685 0.0180649 0.300393
