3 0.241748 0.765904 0.0454221 0.0771898 0.873482
3 0.368076 0.60381 0.025346 0.0484802 0.867161
3 0.35676 0.512383 0.0184717 0.0266607 0.850837
4 0.837579 0.958694 0.079723 0.0826114 0.837494
3 0.309142 0.630542 0.0327714 0.0526903 0.82709
3 0.223179 0.668447 0.0406136 0.0507685 0.818166
3 0.168254 0.767638 0.0494433 0.0777435 0.798441
3 0.181698 0.9108 0.0643939 0.129737 0.795771
3 0.320151 0.597359 0.0252042 0.0460906 0.719087
3 0.2414 0.636383 0.0270515 0.042038 0.717776
9 0.521108 0.656189 0.00883427 0.0336398 0.695409
3 0.0479954 0.965769 0.0639971 0.0681807 0.648247
4 0.121062 0.837778 0.0585958 0.0990346 0.636379
6 0.5689 0.901751 0.0264041 0.0827196 0.564637
7 0.568807 0.903 0.0270963 0.08405 0.550289
3 0.0849984 0.930708 0.0582183 0.101899 0.512989
9 0.163457 0.67352 0.013548 0.0409304 0.51007
3 0.42876 0.392122 0.00836535 0.0158222 0.46599
3 0.760091 0.720265 0.059547 0.0599097 0.464881
3 0.471412 0.430651 0.0106035 0.0205321 0.418612
9 0.507286 0.632586 0.0089551 0.0268036 0.392481
1 0.521315 0.65142 0.00815373 0.0312264 0.389066
1 0.506863 0.624636 0.00933876 0.0338831 0.372859
9 0.220729 0.601441 0.0243826 0.0265298 0.369546
3 0.0610527 0.951356 0.0919992 0.0955529 0.345767
3 0.419925 0.393296 0.00623055 0.0140216 0.345322
3 0.429081 0.384882 0.00781422 0.0143401 0.336746
1 0.529021 0.624899 0.00798264 0.0331402 0.332984
3 0.120806 0.838131 0.0587752 0.0979338 0.330974
1 0.507681 0.619838 0.009688 0.0288767 0.318875
3 0.41649 0.374937 0.00953198 0.0107271 0.283113
3 0.458415 0.401789 0.00908985 0.0142523 0.265856
