3 0.207728 0.712435 0.0991232 0.168531 0.937885
3 0.303616 0.724453 0.089752 0.170232 0.926611
3 0.297848 0.563221 0.102332 0.130104 0.904855
3 0.507218 0.299611 0.0275354 0.0508988 0.877071
3 0.105634 0.938048 0.150133 0.120554 0.875114
3 0.324904 0.453766 0.0630683 0.087951 0.867407
3 0.630149 0.421264 0.0448378 0.0745156 0.865774
3 0.636883 0.485954 0.0474024 0.0782022 0.860423
3 0.464459 0.229695 0.0236384 0.0421352 0.829905
3 0.36086 0.35178 0.0395983 0.0572632 0.826813
3 0.414746 0.224213 0.0244549 0.0354167 0.814288
3 0.397053 0.274108 0.0289387 0.0492562 0.781436
3 0.596528 0.310542 0.0298738 0.0559543 0.777873
3 0.574081 0.244851 0.0422999 0.037504 0.747742
3 0.376534 0.312787 0.0395869 0.0530759 0.742069
3 0.40795 0.246818 0.0244159 0.0405199 0.697339
3 0.588571 0.281575 0.0276453 0.0466273 0.691904
3 0.561619 0.214868 0.0372179 0.0343697 0.653626
3 0.414597 0.192748 0.0314796 0.0308578 0.642504
3 0.372547 0.211067 0.0538103 0.037399 0.632526
9 0.690136 0.46146 0.0288313 0.039959 0.624136
0 0.637859 0.291508 0.00982648 0.0405717 0.608914
0 0.478466 0.152604 0.00567026 0.0265053 0.605547
3 0.438027 0.177164 0.0188226 0.0312058 0.592441
3 0.58706 0.270521 0.0263255 0.0403799 0.564031
3 0.586676 0.203679 0.0354805 0.0287417 0.549837
9 0.660922 0.375587 0.0278753 0.0341697 0.546468
3 0.556614 0.162325 0.0322003 0.0235049 0.539709
3 0.377054 0.207126 0.0496889 0.0356504 0.496583
3 0.575404 0.176051 0.0332879 0.0211259 0.486315
3 0.455291 0.13727 0.026357 0.0214171 0.479118
3 0.450519 0.160473 0.0270353 0.0275581 0.475006
3 0.449773 0.16794 0.0297951 0.0292061 0.470515
0 0.617818 0.26024 0.00718299 0.0414045 0.45777
0 0.376604 0.25713 0.00932817 0.0347903 0.456152
3 0.580499 0.182542 0.03912 0.0277831 0.449719
3 0.57524 0.25433 0.0443674 0.035644 0.437979
9 0.66052 0.293874 0.0222353 0.0265889 0.43237
3 0.561367 0.168599 0.0343706 0.0213627 0.38941
3 0.458502 0.125366 0.0254215 0.0198126 0.386989
0 0.469501 0.149569 0.00542733 0.0243217 0.374218
3 0.452292 0.15039 0.025868 0.0280463 0.35946
4 0.527383 0.14404 0.0134902 0.0268762 0.348088
9 0.704061 0.326582 0.0212019 0.0316279 0.347352
0 0.373781 0.255652 0.010091 0.0340693 0.345147
3 0.56234 0.083808 0.010598 0.0148503 0.337484
3 0.543296 0.111324 0.0240309 0.0195464 0.336781
3 0.500766 0.0857333 0.0111279 0.0163518 0.329536
3 0.588404 0.180157 0.0419516 0.0253185 0.327664
9 0.660738 0.369312 0.0274592 0.0318214 0.318954
3 0.467566 0.115231 0.024566 0.0169792 0.314447
3 0.471886 0.0950528 0.0230721 0.0165592 0.308999
9 0.685825 0.326153 0.019792 0.0270885 0.30082
3 0.543876 0.114304 0.0208878 0.0193527 0.298153
3 0.556161 0.138661 0.0332746 0.0210599 0.296887
3 0.453713 0.14193 0.0255213 0.0226307 0.292606
0 0.636305 0.293633 0.0105014 0.0393513 0.286144
2 0.681884 0.424223 0.0346346 0.0369305 0.28121
3 0.582806 0.176702 0.041426 0.0259418 0.280346
3 0.534841 0.0688184 0.0121991 0.0128044 0.271483
3 0.469551 0.0985939 0.0240458 0.0178146 0.264303
3 0.557617 0.166433 0.0333044 0.0245709 0.263967
3 0.558574 0.133326 0.0302583 0.0183168 0.262265
3 0.581869 0.190682 0.0349821 0.0264578 0.258661
3 0.547876 0.0921307 0.0149466 0.013106 0.254665
