3 0.522657 0.917591 0.0574737 0.163847 0.910698
3 0.867055 0.861023 0.0609738 0.139311 0.897329
3 0.537528 0.758486 0.07002 0.116125 0.89119
4 0.730826 0.833314 0.0600501 0.13048 0.88442
3 0.550238 0.620134 0.0371877 0.0969597 0.883335
3 0.7187 0.619592 0.0407254 0.0857993 0.868667
3 0.727213 0.496577 0.0386152 0.0598796 0.868487
3 0.916842 0.743708 0.0994614 0.0769503 0.866365
3 0.771866 0.576422 0.0784873 0.0840059 0.86469
3 0.246888 0.582205 0.0495215 0.091856 0.863866
3 0.393489 0.625005 0.0415746 0.0892348 0.855069
4 0.327129 0.376229 0.0359202 0.0729937 0.854969
3 0.412454 0.471365 0.0302602 0.0668135 0.852707
3 0.901748 0.46882 0.0516632 0.0667826 0.847954
3 0.677441 0.332583 0.0258247 0.0387327 0.832238
3 0.8885 0.695278 0.0870533 0.07063 0.829616
3 0.767937 0.442227 0.0637556 0.0455763 0.816932
3 0.442301 0.298678 0.021488 0.0388208 0.815277
3 0.434053 0.372914 0.0262617 0.0484407 0.798124
3 0.921648 0.551737 0.0464468 0.0810372 0.795352
3 0.938481 0.812234 0.0844707 0.073652 0.786518
3 0.951185 0.528665 0.0473213 0.0699782 0.777797
3 0.639331 0.25023 0.0191978 0.0347909 0.754581
4 0.463967 0.230522 0.0192564 0.0465193 0.751511
5 0.389355 0.229919 0.035039 0.0781664 0.748961
3 0.538526 0.308774 0.0197528 0.0423362 0.748157
3 0.747396 0.390118 0.0613626 0.0475316 0.742613
3 0.436359 0.166697 0.023123 0.0309967 0.738021
3 0.38116 0.958154 0.110578 0.0812012 0.73082
3 0.555347 0.0870252 0.010056 0.0186623 0.72893
3 0.747284 0.421337 0.0548719 0.0430591 0.727384
3 0.721084 0.356726 0.0532083 0.0385425 0.718787
3 0.441409 0.330822 0.0225926 0.0427506 0.714105
4 0.818833 0.324988 0.0353497 0.0579627 0.704353
3 0.746317 0.26932 0.036273 0.0381133 0.704178
1 0.581611 0.381877 0.00818212 0.0287386 0.697685
0 0.767346 0.62805 0.0139075 0.0568019 0.69483
3 0.953992 0.887651 0.089367 0.0852846 0.687229
3 0.459099 0.20123 0.0172253 0.0289226 0.660982
9 0.751805 0.744534 0.0180881 0.0511387 0.656538
4 0.406304 0.55301 0.0370638 0.0741329 0.653515
3 0.452682 0.0800552 0.0114889 0.0200209 0.642645
3 0.539233 0.16404 0.014864 0.0271405 0.640834
0 0.929204 0.629978 0.0165283 0.0531104 0.629616
3 0.533259 0.231174 0.0273683 0.035718 0.62881
3 0.481866 0.122973 0.0134938 0.0212432 0.624101
0 0.785417 0.634025 0.0138182 0.0504674 0.616963
3 0.714978 0.31664 0.044701 0.0361924 0.609242
3 0.686582 0.258741 0.0427434 0.0341545 0.609012
3 0.644035 0.225212 0.0203064 0.0341595 0.605648
3 0.53801 0.26096 0.0233826 0.0344935 0.605059
9 0.277461 0.508723 0.0113048 0.0425973 0.601839
1 0.753069 0.733542 0.0163744 0.0475332 0.595348
9 0.58103 0.394053 0.00950699 0.0291799 0.595105
0 0.93345 0.630688 0.0178215 0.0533327 0.586886
1 0.567263 0.467712 0.00913562 0.0356435 0.565159
3 0.528496 0.341213 0.022175 0.0527866 0.561364
6 0.841337 0.376545 0.035865 0.0446662 0.559788
3 0.474545 0.430755 0.059128 0.0590524 0.548157
3 0.747086 0.337992 0.051 0.0357915 0.545586
3 0.564153 0.0587966 0.00979973 0.0159393 0.543002
3 0.748067 0.373797 0.0605429 0.0360082 0.535834
3 0.796303 0.305217 0.0277595 0.0351079 0.53238
3 0.458392 0.213386 0.0201884 0.0344971 0.530641
1 0.591739 0.501474 0.00983047 0.0348896 0.524544
3 0.733295 0.361451 0.0613825 0.0412131 0.500055
9 0.887451 0.614316 0.0312191 0.0339179 0.484723
3 0.476546 0.0438859 0.0100954 0.0135668 0.443047
1 0.539506 0.435573 0.00952413 0.0357307 0.441632
3 0.469196 0.370879 0.0286587 0.0429279 0.435887
9 0.573096 0.519171 0.010952 0.0405782 0.425224
3 0.641114 0.201209 0.0182172 0.0261536 0.418043
3 0.463741 0.231082 0.0191475 0.0462958 0.40646
3 0.607479 0.0936818 0.0178358 0.0183757 0.398263
3 0.545295 0.068682 0.0102972 0.015943 0.393946
9 0.538876 0.44562 0.0119028 0.0364856 0.391052
3 0.551935 0.0607486 0.00904747 0.0150578 0.38194
3 0.685948 0.251832 0.039725 0.034484 0.352967
3 0.62708 0.129406 0.0177139 0.0218122 0.350807
9 0.582202 0.388478 0.0106604 0.0327938 0.350074
3 0.465421 0.0493091 0.00732413 0.0123133 0.335147
3 0.490062 0.0730114 0.0143277 0.0205093 0.329889
9 0.729713 0.22322 0.0180788 0.0204637 0.326382
9 0.591242 0.515894 0.00999145 0.0370521 0.323429
3 0.472919 0.415138 0.0521193 0.053658 0.323191
3 0.535564 0.0591041 0.00932294 0.0156009 0.322062
3 0.715855 0.257828 0.0265345 0.0339838 0.320942
3 0.763485 0.488929 0.0282431 0.0541105 0.314916
3 0.624263 0.131769 0.0136053 0.0192871 0.311928
0 0.937756 0.63092 0.0123191 0.0537895 0.304089
3 0.490211 0.0686865 0.0124315 0.0215103 0.291918
3 0.71955 0.3237 0.0475654 0.0360614 0.287126
1 0.573012 0.51246 0.0113582 0.0402557 0.2812
3 0.534706 0.543293 0.0450469 0.0783253 0.277047
3 0.697307 0.258167 0.0468882 0.0351083 0.275031
2 0.21014 0.636932 0.0252452 0.0267888 0.268707
3 0.603845 0.0721775 0.0149012 0.0143811 0.255225
3 0.643002 0.216372 0.0191563 0.0293112 0.252961
