4 0.371384 0.847854 0.146445 0.144128 0.918559
3 0.401276 0.587844 0.0643382 0.141933 0.907263
3 0.0889282 0.550336 0.0797523 0.148477 0.902193
3 0.335848 0.551559 0.047373 0.133988 0.885455
3 0.710253 0.218155 0.0778438 0.059663 0.868003
3 0.07112 0.422256 0.107002 0.0718343 0.867689
3 0.837016 0.155587 0.0691031 0.05099 0.853204
4 0.759677 0.171421 0.0619524 0.0653493 0.847298
3 0.134204 0.21413 0.079774 0.0602132 0.829947
3 0.198564 0.175396 0.0735044 0.0610276 0.827655
0 0.257561 0.949896 0.0222515 0.0666517 0.804938
0 0.279445 0.94175 0.0205827 0.0700865 0.781963
0 0.792226 0.430638 0.0154697 0.0555267 0.773972
6 0.909369 0.389941 0.0545612 0.0492174 0.77087
3 0.0543873 0.163695 0.0725946 0.0565173 0.764309
3 0.45942 0.235687 0.0721577 0.066443 0.735715
0 0.142881 0.642353 0.0194471 0.0523226 0.735663
0 0.617947 0.609118 0.015585 0.0608456 0.734941
0 0.697261 0.48899 0.0180905 0.0497986 0.713585
0 0.693016 0.443295 0.012973 0.0581251 0.684377
0 0.15902 0.624472 0.0199131 0.0657012 0.667131
4 0.966093 0.156889 0.0652403 0.0612186 0.653823
0 0.702677 0.457531 0.0113218 0.0499864 0.642662
3 0.307169 0.22459 0.0864203 0.0726239 0.619573
0 0.787098 0.0236634 0.00833166 0.0392384 0.618846
0 0.778604 0.410611 0.0177899 0.0531576 0.61622
0 0.534027 0.420595 0.013839 0.0502191 0.597938
6 0.647003 0.0436495 0.0359009 0.0400656 0.564298
0 0.873582 0.0481229 0.0103152 0.0398698 0.506498
9 0.204463 0.583138 0.0240611 0.0664009 0.469478
2 0.54469 0.414784 0.0265032 0.0378405 0.455743
0 0.770011 0.019218 0.00909567 0.0342196 0.45567
9 0.974055 0.678485 0.0408482 0.0527403 0.455397
0 0.77756 0.0253114 0.00807073 0.031447 0.432712
0 0.539774 0.406678 0.010887 0.0556135 0.406476
0 0.00516966 0.832216 0.01029 0.061762 0.40635
2 0.13258 0.568393 0.0253735 0.0634315 0.345178
3 0.347767 0.419909 0.084213 0.0917092 0.341645
0 0.87426 0.208238 0.0111959 0.0377047 0.336346
3 0.123997 0.0245139 0.0403013 0.0433611 0.31926
0 0.774548 0.0199975 0.00972164 0.0399949 0.304888
1 0.476458 0.080998 0.0105149 0.0400628 0.29044
9 0.647197 0.0431372 0.0359821 0.0372579 0.289218
9 0.05245 0.528205 0.0276962 0.0544737 0.284042
