5 0.87359 0.837025 0.0408644 0.0924642 0.891061
3 0.394167 0.968143 0.0211579 0.0594938 0.849657
3 0.908141 0.7141 0.0218918 0.0330777 0.84797
3 0.953179 0.898802 0.0328739 0.0522413 0.847138
3 0.342792 0.968094 0.0224472 0.0619052 0.846954
3 0.535425 0.728686 0.0165186 0.0357134 0.839862
3 0.420322 0.804796 0.0188316 0.0492337 0.829184
3 0.950739 0.777549 0.0224674 0.0354648 0.826465
3 0.420988 0.964327 0.0215076 0.0633183 0.818226
3 0.368918 0.967203 0.0220085 0.0622114 0.81656
3 0.446064 0.965345 0.0208568 0.0570299 0.813831
3 0.369517 0.889076 0.0413437 0.0394324 0.808658
3 0.520111 0.801845 0.0200861 0.0384259 0.807276
3 0.494827 0.958236 0.0213215 0.0544469 0.805469
3 0.515778 0.729267 0.0156364 0.0357866 0.80271
3 0.440137 0.85062 0.0194038 0.0559187 0.801032
3 0.770317 0.537803 0.0139801 0.0208498 0.800497
3 0.432115 0.696291 0.0134253 0.0353848 0.796145
3 0.471293 0.962547 0.0229981 0.0610592 0.794591
3 0.488639 0.725602 0.016058 0.0424698 0.7934
3 0.508081 0.896548 0.0346821 0.0403283 0.791639
3 0.439817 0.732452 0.0168228 0.0361301 0.78929
3 0.460926 0.73073 0.0162567 0.0379083 0.785825
3 0.419471 0.852767 0.017028 0.0486728 0.784483
3 0.539526 0.694153 0.0145414 0.028125 0.781637
3 0.507051 0.84573 0.0179049 0.0572474 0.781461
3 0.501054 0.803476 0.0200186 0.0374732 0.773503
3 0.428065 0.573873 0.0127943 0.0279774 0.768589
3 0.494532 0.637396 0.013111 0.028569 0.767673
3 0.459252 0.802356 0.0167904 0.040274 0.762861
3 0.480319 0.801362 0.016495 0.0338745 0.761337
3 0.566003 0.932464 0.0200846 0.0590386 0.757084
3 0.430305 0.637528 0.013637 0.0326306 0.749679
3 0.582517 0.751428 0.0175327 0.0385387 0.747555
3 0.615209 0.583403 0.0142709 0.0243513 0.74662
3 0.484824 0.842062 0.0193975 0.0600429 0.732201
3 0.522833 0.690467 0.0141759 0.0314944 0.725684
3 0.461333 0.617679 0.0129051 0.0293101 0.724159
3 0.890148 0.508915 0.0108233 0.0191537 0.721491
3 0.853136 0.561694 0.0139862 0.0247313 0.721442
3 0.914377 0.530741 0.0126125 0.0212174 0.720791
3 0.514482 0.574826 0.0125452 0.0243016 0.719302
3 0.502227 0.693931 0.015873 0.035378 0.718892
3 0.484962 0.574535 0.013159 0.024196 0.715894
3 0.820874 0.400971 0.00780093 0.0149553 0.711894
3 0.80684 0.491016 0.0104805 0.0202152 0.704829
3 0.541315 0.638988 0.013183 0.0282471 0.699773
3 0.461697 0.844722 0.0189459 0.0541028 0.69751
3 0.528395 0.842492 0.0190307 0.0545458 0.684583
3 0.52671 0.63868 0.0131645 0.0280385 0.682441
3 0.478875 0.63612 0.0135643 0.0361576 0.681485
3 0.480873 0.557234 0.0123278 0.0210952 0.68034
3 0.541621 0.798905 0.0208279 0.0433485 0.676316
3 0.468115 0.695544 0.0151066 0.0330282 0.67553
3 0.447212 0.638701 0.0136845 0.0319758 0.674022
3 0.439592 0.805915 0.0166053 0.0416816 0.673716
3 0.528536 0.574149 0.0119156 0.0244645 0.670811
3 0.671359 0.406181 0.0108995 0.0152497 0.665816
3 0.477823 0.524026 0.0120835 0.0230964 0.662885
3 0.469363 0.574354 0.0130014 0.0267807 0.661464
3 0.861294 0.467359 0.0103174 0.0178248 0.650902
3 0.454668 0.551469 0.0117723 0.0255507 0.650476
3 0.769993 0.466673 0.010788 0.0177207 0.647174
3 0.448214 0.692433 0.0143547 0.0300622 0.646574
3 0.534554 0.555253 0.0114886 0.0206097 0.646519
3 0.497574 0.572552 0.012816 0.0264593 0.645091
3 0.430094 0.615075 0.0134703 0.0250356 0.644747
3 0.554504 0.573091 0.0121621 0.0257484 0.644563
3 0.541181 0.57564 0.0112916 0.0241584 0.6396
3 0.706846 0.482046 0.0206806 0.0141221 0.635169
3 0.443108 0.578391 0.0126162 0.0250768 0.628778
3 0.398347 0.853961 0.0184423 0.0571153 0.625002
3 0.465255 0.523841 0.0117629 0.0239518 0.622628
3 0.600678 0.853537 0.0169689 0.0435252 0.603805
3 0.694577 0.373066 0.00994606 0.0143456 0.600705
3 0.496071 0.558951 0.0119513 0.0248698 0.595483
3 0.601483 0.750983 0.0164574 0.037911 0.593728
3 0.519546 0.554959 0.0119099 0.0207744 0.588701
3 0.548227 0.553855 0.0135113 0.0211693 0.588156
3 0.456618 0.573329 0.0125238 0.0307552 0.58799
3 0.439827 0.522533 0.0122211 0.0261024 0.579745
3 0.507402 0.554959 0.0125221 0.0208113 0.577731
3 0.728524 0.502346 0.0221272 0.01828 0.575631
3 0.445203 0.623219 0.0130574 0.0259123 0.571445
3 0.510778 0.637704 0.0135719 0.0280309 0.568574
3 0.564395 0.521767 0.0126619 0.0204827 0.554818
3 0.552088 0.615174 0.0134512 0.0264018 0.554161
3 0.522191 0.613366 0.0143366 0.0248491 0.549753
3 0.63947 0.516889 0.0186663 0.0237356 0.548083
3 0.516067 0.522074 0.0110983 0.0224416 0.547347
3 0.441897 0.558818 0.0135269 0.0270025 0.542585
3 0.564435 0.497122 0.0180284 0.0187308 0.537763
3 0.462641 0.638645 0.0147547 0.0322018 0.527091
3 0.56562 0.571926 0.0123507 0.0253686 0.519053
3 0.550924 0.523052 0.0116269 0.020753 0.518103
3 0.562058 0.492812 0.0150082 0.0160577 0.516138
3 0.464038 0.505859 0.0107418 0.0210844 0.515515
3 0.492016 0.523374 0.011283 0.0226127 0.515344
3 0.491373 0.613922 0.0125912 0.0263324 0.505518
3 0.528616 0.523588 0.0101419 0.0200309 0.501411
3 0.537537 0.613556 0.0168045 0.027241 0.483501
3 0.438714 0.496504 0.0127661 0.0207209 0.482887
3 0.359001 0.482308 0.0220343 0.0182001 0.480309
3 0.505093 0.605166 0.0125298 0.0267387 0.479879
3 0.485282 0.694455 0.0141836 0.0307998 0.477694
3 0.503644 0.52369 0.0108297 0.0197493 0.476902
3 0.489184 0.611815 0.0134983 0.0281986 0.476851
3 0.589003 0.523903 0.0105286 0.018954 0.473806
3 0.476107 0.504401 0.0115303 0.0222616 0.469105
3 0.602258 0.445001 0.0176838 0.0171641 0.468101
3 0.577315 0.553288 0.0138158 0.0221965 0.466547
3 0.56429 0.55249 0.0135929 0.0227258 0.463187
3 0.467385 0.558752 0.0126104 0.0221064 0.4607
3 0.61789 0.623264 0.0126921 0.0280019 0.45637
3 0.556066 0.635834 0.0136544 0.0269685 0.44929
4 0.874779 0.572699 0.0146259 0.0352516 0.436678
3 0.476947 0.625409 0.0139757 0.0334414 0.419257
2 0.316414 0.808313 0.0107357 0.0215675 0.418442
2 0.29839 0.805716 0.0160369 0.0216465 0.416079
3 0.427271 0.554513 0.0124666 0.0299308 0.414322
3 0.584303 0.513152 0.0122234 0.0220395 0.412055
3 0.50646 0.615455 0.0132086 0.0278004 0.405382
3 0.565128 0.613506 0.0157362 0.0270077 0.398481
8 0.719195 0.466431 0.0346633 0.0255664 0.385194
3 0.532003 0.505501 0.00915791 0.0206104 0.376793
3 0.62267 0.446795 0.0130363 0.0198737 0.365695
3 0.87499 0.573044 0.0146248 0.0338032 0.364282
3 0.57632 0.524224 0.0127531 0.0196726 0.358176
3 0.994176 0.369638 0.0116058 0.0164669 0.354488
3 0.521298 0.498469 0.0117212 0.019195 0.34885
3 0.558757 0.509325 0.0104274 0.018654 0.344969
0 0.293058 0.967393 0.00752691 0.0275924 0.343504
3 0.562133 0.611788 0.0137679 0.0264323 0.343056
3 0.546348 0.511644 0.00991287 0.0238702 0.34065
2 0.230636 0.91429 0.014756 0.0225388 0.336913
3 0.534268 0.614632 0.0173275 0.0275874 0.336172
3 0.451231 0.507641 0.0109547 0.0225368 0.324026
3 0.737348 0.520843 0.0160748 0.0201462 0.32322
0 0.352801 0.685308 0.00699463 0.0207698 0.320464
3 0.439496 0.516196 0.0119184 0.024197 0.311644
3 0.517532 0.959943 0.021172 0.0551927 0.311029
3 0.442756 0.563222 0.0131233 0.0256729 0.310369
3 0.622232 0.449831 0.0151381 0.0177066 0.305766
3 0.560627 0.685261 0.0206434 0.0487145 0.304006
3 0.592051 0.50167 0.0115341 0.0196184 0.303806
3 0.707602 0.326068 0.00871811 0.0145462 0.29013
3 0.575431 0.499906 0.0141162 0.0221649 0.289928
3 0.508354 0.506853 0.0114095 0.0225735 0.289763
3 0.79322 0.33255 0.00701955 0.0128338 0.289016
3 0.802899 0.315883 0.00723235 0.0146013 0.287113
3 0.569957 0.505212 0.0122758 0.0184202 0.287047
3 0.556782 0.55388 0.0151885 0.0225701 0.280906
3 0.559861 0.609707 0.0150011 0.0302121 0.280734
3 0.452697 0.522734 0.0113069 0.0246865 0.277265
3 0.489117 0.512661 0.0113405 0.0203449 0.276873
2 0.217162 0.930404 0.0179005 0.021667 0.276389
0 0.403093 0.62796 0.00634438 0.0208479 0.267465
3 0.483731 0.60775 0.0155803 0.0295898 0.263538
3 0.518739 0.610557 0.0139078 0.0281783 0.25448
