3 0.771441 0.500049 0.0740951 0.194464 0.922538
3 0.24889 0.4681 0.0833804 0.179644 0.915358
3 0.362515 0.527551 0.0721099 0.204208 0.912997
3 0.364081 0.398131 0.116867 0.128155 0.904491
3 0.606762 0.465461 0.0616386 0.187713 0.900594
3 0.774297 0.058564 0.0518717 0.0845785 0.886271
3 0.690806 0.0670976 0.0480635 0.104515 0.881296
3 0.403531 0.240211 0.0483692 0.14198 0.862773
3 0.594938 0.257757 0.054742 0.168784 0.811856
0 0.209264 0.658362 0.0282333 0.0903365 0.807572
0 0.186817 0.510645 0.0246374 0.0897595 0.783094
0 0.445478 0.301865 0.0162542 0.0780639 0.782983
0 0.631671 0.238829 0.0172209 0.0797574 0.771933
0 0.33115 0.0259913 0.0130207 0.0519827 0.762226
3 0.420624 0.0691467 0.0411029 0.0920766 0.756694
0 0.442228 0.233144 0.0146333 0.0749511 0.73427
0 0.402413 0.0235553 0.00934399 0.0361208 0.546526
2 0.259679 0.0908927 0.0170575 0.0503617 0.474996
9 0.190325 0.300532 0.0165458 0.0524876 0.443961
9 0.303977 0.0301512 0.0341029 0.0397557 0.37666
2 0.210537 0.333249 0.0200386 0.0686997 0.370803
3 0.428642 0.0162294 0.0391718 0.0318601 0.342885
2 0.303439 0.0302247 0.0339316 0.0392388 0.317062
0 0.180855 0.33982 0.0247313 0.0664888 0.297849
0 0.212551 0.330941 0.020682 0.0702993 0.276375
9 0.358966 0.20288 0.0153587 0.0580282 0.251104
