4 0.645511 0.787444 0.0444234 0.141346 0.895128
0 0.487826 0.757276 0.0109673 0.0450985 0.766466
9 0.245035 0.937821 0.0175929 0.0711175 0.762454
0 0.432132 0.792889 0.0117574 0.0457987 0.761326
0 0.505322 0.870122 0.01313 0.0570645 0.756325
9 0.289192 0.776921 0.0381689 0.04159 0.750235
3 0.565613 0.0804426 0.0460936 0.0383404 0.712223
0 0.497894 0.191017 0.00829145 0.0324413 0.69717
9 0.481548 0.481688 0.012401 0.0429595 0.689186
0 0.527866 0.085393 0.00692758 0.0309764 0.660642
6 0.595415 0.775879 0.0235333 0.0824826 0.63126
9 0.462629 0.393986 0.0111363 0.0392747 0.594809
0 0.510205 0.313544 0.0114008 0.0415367 0.582856
9 0.391808 0.577962 0.0303337 0.039122 0.580861
0 0.507466 0.718843 0.0139807 0.0546466 0.560663
0 0.532982 0.520928 0.00871084 0.0382594 0.535746
0 0.52625 0.325578 0.0100475 0.0352076 0.523688
0 0.57721 0.10793 0.00818149 0.0318992 0.511671
1 0.481454 0.47949 0.0116844 0.0406398 0.464173
9 0.512355 0.471351 0.0124373 0.0352569 0.457263
9 0.442714 0.604139 0.0159145 0.0477071 0.441094
9 0.317988 0.581181 0.0379716 0.0328688 0.416665
0 0.513224 0.313867 0.011119 0.039687 0.409411
6 0.59844 0.502333 0.0283821 0.0855434 0.400336
0 0.53182 0.397695 0.0102411 0.0386789 0.38543
0 0.573544 0.283372 0.00972528 0.0376735 0.379819
9 0.476418 0.284993 0.00975494 0.032466 0.378583
6 0.270095 0.855008 0.0575316 0.059846 0.367524
9 0.54289 0.912272 0.0188841 0.0652629 0.361029
9 0.419025 0.528308 0.030583 0.0357349 0.348549
0 0.524063 0.322467 0.0106477 0.0387982 0.345879
0 0.523492 0.20237 0.00953235 0.0315424 0.342112
0 0.513685 0.735252 0.0105306 0.0425677 0.339885
0 0.533845 0.494239 0.0102228 0.0379191 0.333509
9 0.543387 0.924813 0.0186944 0.0886159 0.311916
9 0.323576 0.581019 0.0265211 0.0319377 0.31082
6 0.55836 0.230493 0.023491 0.0259502 0.307313
1 0.497615 0.268672 0.00948428 0.0335057 0.303809
0 0.526268 0.205418 0.00997104 0.028663 0.301062
9 0.510519 0.0305454 0.00559522 0.0216028 0.300975
0 0.52119 0.713094 0.0130019 0.0392859 0.282153
0 0.562313 0.112989 0.00627899 0.0283131 0.276292
0 0.519707 0.160566 0.00730838 0.0293817 0.272606
0 0.534876 0.264525 0.00769932 0.0311035 0.267935
0 0.541976 0.520346 0.0103451 0.0368014 0.267346
6 0.618326 0.535448 0.0140016 0.0558849 0.256208
1 0.476241 0.277939 0.010067 0.029578 0.255589
1 0.513187 0.467183 0.0112106 0.0356797 0.25161
