3 0.330218 0.630491 0.0232664 0.0260171 0.867829
3 0.164338 0.855697 0.0377882 0.0492693 0.865412
3 0.648486 0.917768 0.0196119 0.0494531 0.864913
3 0.319322 0.698315 0.0243277 0.0359684 0.860381
3 0.336701 0.727997 0.0249059 0.0322491 0.847663
3 0.514643 0.719343 0.0280717 0.0288242 0.839848
3 0.533476 0.826885 0.0213829 0.0537947 0.833931
3 0.690506 0.82393 0.0188815 0.0478048 0.831906
3 0.699945 0.924334 0.0207777 0.0573496 0.830104
3 0.458388 0.571114 0.0164143 0.0228245 0.829646
3 0.672851 0.923241 0.0211599 0.0511254 0.828074
3 0.242758 0.763188 0.0329509 0.0415321 0.8262
3 0.285167 0.707866 0.0269553 0.0404917 0.825055
3 0.371765 0.605848 0.0199261 0.0243857 0.819282
3 0.597977 0.964464 0.0202101 0.066471 0.815075
3 0.302432 0.641239 0.0212818 0.0295581 0.814601
3 0.676302 0.97789 0.0239162 0.0442196 0.808046
3 0.670461 0.821463 0.0186207 0.0484763 0.806561
3 0.598664 0.901506 0.0215466 0.0486412 0.804137
3 0.625272 0.973309 0.0208265 0.0533829 0.802622
3 0.572229 0.958943 0.0198456 0.0555245 0.800288
3 0.460764 0.533976 0.0170657 0.0218774 0.8
3 0.648829 0.817044 0.0192364 0.0499729 0.789024
3 0.650031 0.975926 0.0211311 0.0481483 0.788065
3 0.62643 0.815602 0.0169 0.0481196 0.787967
3 0.626094 0.907256 0.0184795 0.0518667 0.775616
3 0.49481 0.512452 0.0137573 0.0166362 0.769542
3 0.554985 0.462465 0.0127186 0.0169549 0.76459
3 0.548293 0.690649 0.0289492 0.030918 0.763912
3 0.704312 0.981681 0.0214529 0.0347473 0.762634
3 0.667045 0.678526 0.0140785 0.0279414 0.76122
3 0.776092 0.693123 0.0155715 0.0356435 0.758102
4 0.359108 0.654654 0.0238272 0.0381861 0.751369
3 0.723123 0.68635 0.0155056 0.0343803 0.747707
3 0.499885 0.667391 0.0321836 0.02666 0.745934
3 0.226484 0.893695 0.0384091 0.0490151 0.741468
3 0.381273 0.671769 0.0233974 0.0314646 0.738912
3 0.703511 0.683987 0.0135122 0.0283936 0.726823
5 0.228793 0.824978 0.0823707 0.10726 0.726792
3 0.630855 0.673015 0.0157946 0.0264022 0.723417
3 0.743669 0.708176 0.0294512 0.0267887 0.712226
3 0.418912 0.634101 0.0205288 0.0262877 0.708124
4 0.0732214 0.886852 0.0439484 0.0616607 0.700836
3 0.491894 0.566637 0.0164929 0.0215282 0.645958
3 0.54031 0.552767 0.0222057 0.0200125 0.633391
3 0.649062 0.67558 0.0145262 0.0262566 0.631416
3 0.685656 0.681484 0.0150257 0.0327093 0.627992
3 0.486346 0.589945 0.0184358 0.0238232 0.623183
3 0.525371 0.58121 0.0271935 0.022289 0.618285
3 0.52733 0.501245 0.0147872 0.0204003 0.611782
3 0.312825 0.787509 0.0306274 0.0430684 0.584937
3 0.558964 0.521585 0.0211105 0.0167965 0.572789
3 0.270201 0.829494 0.036198 0.052911 0.56535
3 0.552321 0.534788 0.0200113 0.0183504 0.565279
3 0.595101 0.446549 0.0178363 0.0162789 0.541548
3 0.56146 0.51801 0.0197985 0.0160092 0.54001
3 0.61714 0.399646 0.0190884 0.0134034 0.530888
3 0.75656 0.69074 0.0195183 0.0337645 0.501467
3 0.547959 0.406643 0.0121691 0.0139433 0.501346
3 0.61452 0.425272 0.0135426 0.0143433 0.495494
3 0.550098 0.537468 0.0197206 0.0206085 0.484387
3 0.576314 0.487499 0.0208213 0.018365 0.483432
3 0.605358 0.338618 0.00814514 0.0119143 0.478382
3 0.584577 0.466591 0.0176788 0.0167691 0.474658
3 0.565332 0.510379 0.0221027 0.0165934 0.474369
3 0.90481 0.393123 0.00751572 0.0138616 0.468291
3 0.592487 0.407608 0.010264 0.0152823 0.458842
3 0.588153 0.463071 0.0169139 0.0160809 0.457217
3 0.970435 0.437244 0.0140715 0.0145401 0.454009
3 0.598624 0.523716 0.0159665 0.0192898 0.442696
3 0.54617 0.545668 0.0235987 0.0200343 0.433796
3 0.646142 0.418502 0.0133614 0.0127016 0.428571
3 0.582703 0.474858 0.0184648 0.015357 0.419207
3 0.995063 0.40639 0.00892391 0.0133292 0.418965
3 0.27278 0.868156 0.0413704 0.0752397 0.405884
3 0.617215 0.350592 0.00824852 0.0116812 0.398958
3 0.95321 0.358832 0.0154577 0.0113082 0.392864
3 0.747431 0.705135 0.0323736 0.0277134 0.390745
3 0.0730933 0.886549 0.044027 0.0614112 0.387941
3 0.609459 0.427319 0.0176351 0.0133025 0.382931
3 0.573206 0.491777 0.0163992 0.0179561 0.376209
3 0.549593 0.405261 0.0133761 0.0138926 0.366493
3 0.598668 0.439033 0.0180546 0.012468 0.366231
3 0.578732 0.909248 0.015851 0.0458944 0.365258
3 0.586675 0.422403 0.0125329 0.0135076 0.355088
3 0.755573 0.699476 0.0199446 0.0291565 0.354507
3 0.616039 0.396309 0.0189415 0.0151753 0.349192
3 0.626864 0.374118 0.0119871 0.010925 0.347988
3 0.965018 0.375817 0.0134521 0.0122019 0.338955
3 0.628085 0.358345 0.00821203 0.01133 0.335733
3 0.606959 0.429318 0.0163422 0.0143319 0.335686
3 0.983533 0.438398 0.0140077 0.0133282 0.335359
3 0.639409 0.371054 0.0122107 0.0134735 0.334397
3 0.398088 0.684517 0.0219454 0.0368665 0.331985
3 0.559807 0.843566 0.0201704 0.051493 0.326015
3 0.623076 0.314809 0.00875715 0.00943748 0.319814
3 0.523112 0.527144 0.0100866 0.0203739 0.310974
5 0.0101474 0.608971 0.017097 0.0321043 0.297583
3 0.950321 0.399138 0.0175995 0.0128098 0.285127
3 0.948198 0.396133 0.0159199 0.0127075 0.283918
3 0.64329 0.355637 0.0129183 0.00961168 0.282999
3 0.532071 0.391033 0.0170914 0.0167723 0.28136
3 0.58967 0.453994 0.0181452 0.0191084 0.279288
3 0.595487 0.439431 0.0183568 0.01537 0.275207
3 0.643303 0.349654 0.0147152 0.0116582 0.273708
3 0.633358 0.317369 0.00971603 0.0125249 0.268394
3 0.596935 0.429677 0.0155324 0.0151998 0.263783
3 0.631835 0.329899 0.00752017 0.00956048 0.260747
0 0.457183 0.618071 0.00532389 0.0199378 0.257686
3 0.650457 0.353908 0.0125172 0.0107275 0.256392
3 0.482589 0.77792 0.0204599 0.0397118 0.25345
