8 0.121088 0.510014 0.123475 0.262051 0.90881
8 0.161155 0.395171 0.133137 0.214654 0.901556
8 0.622199 0.682717 0.236508 0.175353 0.896087
8 0.209919 0.28193 0.14856 0.131519 0.861085
3 0.974604 0.284801 0.0505369 0.0517435 0.858672
8 0.0570746 0.633601 0.113024 0.216997 0.856755
8 0.607867 0.57546 0.198798 0.189243 0.853862
8 0.233667 0.220473 0.155974 0.112139 0.851711
3 0.189914 0.116611 0.0544783 0.0402865 0.850062
3 0.260995 0.124644 0.0486221 0.0375529 0.846392
8 0.601904 0.362364 0.171629 0.139382 0.843892
8 0.603008 0.439232 0.1832 0.163733 0.840352
3 0.176644 0.151306 0.0507306 0.0396042 0.826244
3 0.032028 0.165605 0.0547689 0.0415589 0.825001
3 0.101422 0.0512591 0.0481087 0.0319176 0.824741
3 0.965716 0.248942 0.0551389 0.0448268 0.82454
3 0.921317 0.179493 0.0486141 0.0432358 0.811526
3 0.951425 0.223274 0.0519216 0.0403811 0.803217
4 0.962515 0.537664 0.0749693 0.0978923 0.800086
5 0.697445 0.955804 0.167328 0.0851352 0.792414
8 0.600835 0.261172 0.124138 0.0980466 0.783354
0 0.843273 0.528943 0.0135933 0.0450467 0.782694
3 0.0783006 0.0987279 0.0490667 0.0369555 0.778112
3 0.0381685 0.140042 0.0501897 0.037424 0.777496
0 0.832121 0.713256 0.0144906 0.0455551 0.777048
3 0.972762 0.615832 0.0542107 0.086181 0.772256
3 0.060393 0.121212 0.0497419 0.0377205 0.770658
3 0.935923 0.200476 0.0490578 0.0405896 0.768144
3 0.921863 0.402396 0.0713528 0.0532786 0.762286
3 0.989199 0.3139 0.0216027 0.0487179 0.755415
3 0.932061 0.443556 0.0725964 0.0544503 0.752008
8 0.591057 0.155608 0.141425 0.101875 0.750791
3 0.946809 0.48478 0.0742043 0.0516605 0.750357
3 0.818651 0.143219 0.0529579 0.0345651 0.743436
0 0.820549 0.76886 0.0142738 0.0512146 0.738479
0 0.542441 0.0470683 0.0064638 0.0305366 0.728653
0 0.752342 0.179645 0.00886114 0.0329407 0.724748
0 0.720341 0.177245 0.00927564 0.0390223 0.723448
4 0.877403 0.298075 0.0680213 0.0598588 0.719754
3 0.861017 0.235811 0.0556736 0.0456772 0.715992
5 0.591636 0.158166 0.144244 0.106536 0.707073
8 0.652376 0.918379 0.15358 0.161223 0.69553
0 0.70922 0.197608 0.0090275 0.0398927 0.694427
0 0.552041 0.0422637 0.00843299 0.0269328 0.678634
0 0.863107 0.532396 0.0154186 0.0461514 0.67327
4 0.897143 0.351533 0.0739904 0.070991 0.661507
5 0.277688 0.0220357 0.0816745 0.0440714 0.6613
3 0.0647947 0.0123086 0.0459514 0.0246172 0.660356
3 0.822618 0.167688 0.0510114 0.0346386 0.655494
0 0.697582 0.132446 0.00768092 0.0327805 0.650939
3 0.825841 0.187872 0.0495124 0.037996 0.646585
3 0.00713162 0.226256 0.0142632 0.0441454 0.6304
0 0.875311 0.534684 0.0137112 0.0465822 0.612345
3 0.838171 0.208903 0.0559935 0.0407586 0.610771
0 0.817089 0.704246 0.0165985 0.0447493 0.598276
3 0.824642 0.17779 0.0502332 0.0360457 0.586699
3 0.121339 0.0250505 0.0429887 0.0355101 0.585914
3 0.992307 0.365741 0.0152237 0.0574756 0.583162
3 0.875932 0.290471 0.0667843 0.0449009 0.580258
3 0.0130664 0.102777 0.0261328 0.0363994 0.57754
8 0.596584 0.210629 0.0843998 0.046601 0.573437
3 0.992393 0.193533 0.0149746 0.0371076 0.571573
0 0.505196 0.0370056 0.00702308 0.0287345 0.569409
0 0.663274 0.126994 0.0084829 0.037131 0.563529
5 0.189405 0.0931633 0.0547283 0.0460305 0.561791
3 0.993145 0.683624 0.0137104 0.064542 0.553712
0 0.914109 0.0632765 0.00939376 0.0299636 0.537513
0 0.795002 0.706622 0.0167203 0.0455014 0.523368
0 0.853079 0.0356191 0.00652807 0.024027 0.519328
3 0.878187 0.317994 0.0579826 0.0437943 0.515695
0 0.520354 0.0164455 0.00666122 0.0300416 0.511651
3 0.829868 0.194608 0.0465792 0.0371472 0.509453
0 0.975829 0.447625 0.0134452 0.0463323 0.497361
0 0.896532 0.0683125 0.00698583 0.0236788 0.488698
0 0.592025 0.0193371 0.00707281 0.0344754 0.4791
0 0.759622 0.0661856 0.00787174 0.0277075 0.477049
0 0.911643 0.0675405 0.00843228 0.0296111 0.475772
3 0.831687 0.205378 0.047389 0.034151 0.468316
8 0.035879 0.76741 0.0716449 0.276968 0.460881
0 0.889869 0.0391945 0.00790064 0.0282736 0.458904
3 0.995064 0.221592 0.00987145 0.0487148 0.452473
0 0.834852 0.043359 0.00722701 0.0248466 0.451672
0 0.963999 0.0614954 0.00953423 0.0253045 0.451063
0 0.63671 0.028336 0.00722697 0.0355909 0.433867
0 0.478527 0.0398824 0.00683441 0.0282187 0.430011
0 0.843019 0.0474573 0.00663219 0.0245429 0.428962
0 0.814067 0.0287586 0.00668829 0.0277515 0.427663
0 0.826651 0.0301308 0.00926244 0.0258605 0.423504
0 0.990598 0.445045 0.013689 0.0373988 0.422103
0 0.836755 0.0407082 0.00655778 0.0273032 0.396896
4 0.877645 0.317272 0.0621395 0.0475639 0.386114
9 0.698818 0.229719 0.0175394 0.0360433 0.384702
0 0.635031 0.0199786 0.00774792 0.0274322 0.383809
5 0.0357133 0.729454 0.0713104 0.352103 0.382708
0 0.65957 0.0175034 0.00684927 0.0293201 0.370481
0 0.784957 0.0497161 0.00744297 0.0250741 0.354619
0 0.52735 0.0206323 0.00780999 0.024637 0.348451
0 0.418853 0.109874 0.00879018 0.0284974 0.348335
0 0.670761 0.0801465 0.00774765 0.028805 0.347393
0 0.910418 0.0688656 0.00845795 0.0249942 0.346305
3 0.866008 0.260723 0.0604919 0.0423489 0.345234
0 0.468871 0.0191991 0.00606842 0.0326858 0.334816
3 0.0040403 0.12926 0.00802215 0.0352839 0.332721
0 0.891193 0.0327646 0.00626445 0.0251596 0.331027
0 0.872483 0.534339 0.0134571 0.047046 0.319094
0 0.871998 0.0397691 0.00699328 0.0258394 0.318762
0 0.635549 0.0308484 0.00860919 0.0377407 0.317961
5 0.220286 0.0391879 0.0308039 0.0449733 0.308072
0 0.946795 0.0275794 0.00746101 0.0260592 0.299504
8 0.611295 0.307988 0.116988 0.0888183 0.293967
0 0.714543 0.00823928 0.00842743 0.0164786 0.287696
1 0.722111 0.0748405 0.00712051 0.0278465 0.286101
0 0.721743 0.0432727 0.00680982 0.0267179 0.276991
0 0.979503 0.474413 0.0154377 0.0388431 0.275657
0 0.46957 0.0390709 0.00665952 0.0272649 0.271417
3 0.878775 0.324663 0.0520059 0.0454508 0.26935
0 0.81878 0.0394854 0.00856476 0.0264716 0.268636
0 0.660555 0.059516 0.00866295 0.0300093 0.268311
9 0.983998 0.123911 0.0154392 0.0220449 0.260582
0 0.444853 0.109188 0.00800611 0.0301113 0.254634
