3 0.892849 0.756312 0.0744518 0.133321 0.910932
3 0.129036 0.698934 0.0937672 0.095439 0.904013
3 0.951842 0.936405 0.0856804 0.123275 0.900491
3 0.414707 0.71794 0.0583962 0.127017 0.897483
3 0.339434 0.710429 0.0643604 0.1185 0.896579
3 0.62587 0.77947 0.0495684 0.118627 0.895568
4 0.458627 0.592779 0.0439162 0.110873 0.885408
3 0.805082 0.526445 0.0401401 0.0684325 0.880577
3 0.432799 0.481143 0.0437383 0.0742844 0.878351
4 0.0751025 0.786531 0.0716851 0.140514 0.87818
3 0.887664 0.555524 0.0878781 0.0680927 0.876773
3 0.339942 0.415851 0.0442497 0.0618118 0.875234
3 0.355159 0.939421 0.0775643 0.118179 0.873024
3 0.0292505 0.48178 0.0585009 0.0750388 0.870209
3 0.48343 0.516248 0.0399318 0.0740124 0.869538
3 0.502541 0.455835 0.0355711 0.0645093 0.868468
5 0.258043 0.455137 0.106457 0.184588 0.864913
3 0.338988 0.322346 0.0346197 0.054577 0.855429
3 0.391824 0.56244 0.0587386 0.106118 0.846341
3 0.971674 0.569157 0.0566088 0.0644721 0.843936
3 0.919209 0.469875 0.0804737 0.0540264 0.841143
3 0.523579 0.392906 0.0301283 0.0564977 0.83989
3 0.270587 0.881046 0.0882053 0.189573 0.838596
3 0.43356 0.380239 0.0359686 0.0544789 0.837119
3 0.696545 0.234941 0.0201109 0.0334331 0.832362
3 0.808072 0.41274 0.0315667 0.0501108 0.827908
3 0.531993 0.344398 0.0290734 0.0475778 0.820259
3 0.647201 0.218864 0.0264614 0.0330805 0.816756
4 0.199207 0.498755 0.0481701 0.0865828 0.816664
3 0.904632 0.524383 0.0853054 0.0595766 0.814451
3 0.677985 0.106528 0.0120604 0.0209691 0.809127
3 0.439929 0.189615 0.0228433 0.0314814 0.798833
3 0.353842 0.250607 0.0512563 0.0340926 0.795229
3 0.392939 0.190563 0.0204286 0.0328922 0.785652
3 0.772265 0.349405 0.0267584 0.0506957 0.782977
3 0.459253 0.163004 0.0198099 0.0276452 0.769825
3 0.555757 0.263348 0.0233937 0.0469679 0.758627
3 0.242746 0.196691 0.0324593 0.0374873 0.755431
3 0.784535 0.311938 0.0267291 0.037967 0.749046
3 0.295586 0.357577 0.0373823 0.0562512 0.724164
3 0.984895 0.665598 0.0298895 0.0722223 0.708699
3 0.465186 0.196408 0.025333 0.0320467 0.708654
3 0.325051 0.199991 0.048884 0.0333733 0.706023
3 0.542952 0.301627 0.0255674 0.0414045 0.701405
3 0.5132 0.170614 0.0198155 0.0297806 0.700513
3 0.599605 0.130161 0.0153621 0.0233485 0.695193
3 0.300464 0.24178 0.045704 0.0326612 0.682721
3 0.369727 0.289037 0.0405114 0.0361486 0.672472
3 0.7704 0.267995 0.0259313 0.0386209 0.666565
4 0.308748 0.308189 0.0349959 0.0526365 0.661896
5 0.37925 0.3638 0.0366578 0.0638833 0.65336
3 0.483411 0.143303 0.0279738 0.0235881 0.613868
0 0.763915 0.422457 0.00804569 0.0403937 0.604419
4 0.597651 0.208809 0.0165556 0.0393288 0.604225
0 0.730534 0.251256 0.00616033 0.0307825 0.590234
3 0.488239 0.147689 0.0306673 0.0232574 0.589505
3 0.847978 0.449695 0.0335085 0.0580774 0.564817
9 0.805511 0.241106 0.0182103 0.0204319 0.547134
0 0.769493 0.421509 0.0101717 0.040174 0.542302
3 0.284331 0.195698 0.0346662 0.0375118 0.538855
3 0.632316 0.0147049 0.00972703 0.015072 0.533012
3 0.9579 0.364064 0.0666641 0.0391254 0.527315
3 0.818134 0.284529 0.0321216 0.0400549 0.520339
2 0.987379 0.850151 0.0252427 0.054252 0.513703
3 0.6611 0.0360993 0.00898038 0.0145637 0.494963
0 0.739553 0.251731 0.0059889 0.0327355 0.478928
3 0.720946 0.0979122 0.0206039 0.0184937 0.475127
3 0.708753 0.148035 0.0168022 0.0291288 0.472061
3 0.722016 0.0670183 0.0198143 0.0169638 0.466191
3 0.465547 0.405551 0.0292145 0.0557646 0.455678
3 0.303848 0.401047 0.0352833 0.0567348 0.448119
0 0.531711 0.17651 0.00536517 0.025567 0.443952
3 0.586338 0.0305884 0.0104889 0.0138518 0.437799
0 0.740174 0.216719 0.0061611 0.0256539 0.433932
3 0.758424 0.214439 0.0231121 0.0281465 0.432214
4 0.392281 0.56231 0.0594182 0.106097 0.427855
3 0.936115 0.330814 0.0613843 0.041664 0.42346
3 0.67974 0.0191957 0.00951004 0.0125343 0.419952
3 0.719028 0.11831 0.0209277 0.0211879 0.411051
3 0.565794 0.0393697 0.011281 0.0136486 0.40569
4 0.568671 0.0685362 0.0123169 0.0211578 0.404147
4 0.418662 0.185081 0.0217413 0.0348746 0.391852
3 0.67604 0.0362696 0.011313 0.0164291 0.382895
3 0.723638 0.122727 0.0146203 0.0219627 0.374376
3 0.554212 0.059493 0.0128311 0.0186395 0.37371
3 0.723109 0.100791 0.0208107 0.0182667 0.372725
3 0.745416 0.16124 0.0220591 0.0252872 0.370193
0 0.739709 0.254051 0.00814115 0.0303508 0.365718
3 0.755579 0.200491 0.0205309 0.0336047 0.356518
3 0.54479 0.0405729 0.0134615 0.0151025 0.348794
3 0.469649 0.373269 0.0308725 0.0424593 0.342612
2 0.991727 0.899218 0.0165463 0.0661683 0.34083
3 0.725551 0.0800546 0.0174776 0.0178248 0.325579
1 0.683007 0.143764 0.00496445 0.0209335 0.324709
3 0.370623 0.323849 0.0327734 0.0414588 0.323797
7 0.465458 0.405532 0.0294736 0.0560067 0.322738
3 0.598014 0.00909202 0.00944223 0.018184 0.308645
3 0.41834 0.185124 0.0212972 0.035306 0.302975
3 0.726855 0.15861 0.0173427 0.0276443 0.298316
3 0.739401 0.140307 0.0196293 0.0188903 0.295527
5 0.284276 0.195586 0.0348312 0.0380716 0.293833
3 0.46809 0.381817 0.032522 0.0560949 0.280789
9 0.653553 0.0904702 0.00548325 0.0158595 0.276723
0 0.526755 0.153993 0.00899851 0.0207648 0.272814
1 0.367436 0.188512 0.00637606 0.0220883 0.272636
3 0.738646 0.124061 0.0197002 0.0197726 0.268028
3 0.697446 0.0444098 0.00861009 0.0140053 0.262866
0 0.693953 0.147882 0.00500547 0.0217647 0.261699
3 0.600784 0.0139916 0.0110745 0.0164713 0.261123
9 0.793438 0.224287 0.0126227 0.0211905 0.259548
3 0.696354 0.0241255 0.0104553 0.0129754 0.258667
3 0.737935 0.127536 0.0201729 0.0229453 0.251031
