3 0.637174 0.764334 0.0999567 0.192831 0.926491
3 0.289708 0.725138 0.127881 0.113295 0.91604
4 0.0975516 0.727723 0.159842 0.122839 0.915069
3 0.408521 0.856668 0.065116 0.213992 0.907192
3 0.353212 0.548367 0.112139 0.0946691 0.888711
3 0.43128 0.666769 0.116687 0.13576 0.845827
0 0.167752 0.541541 0.0225081 0.0619052 0.819155
3 0.840985 0.703147 0.0773617 0.160641 0.810662
0 0.143725 0.555826 0.0163915 0.057009 0.774064
9 0.0675373 0.463499 0.0197777 0.0604136 0.719284
9 0.195495 0.455772 0.0222416 0.0617013 0.709898
6 0.531007 0.848149 0.0609539 0.0693739 0.709145
4 0.927976 0.276686 0.0626284 0.0911547 0.691861
6 0.559688 0.414196 0.0515568 0.0626768 0.625941
6 0.107964 0.463844 0.041666 0.0909887 0.509368
5 0.927911 0.27635 0.062951 0.093169 0.474637
0 0.537964 0.378352 0.0117915 0.0502691 0.447547
0 0.414757 0.7309 0.0173764 0.0521132 0.429234
9 0.482664 0.440844 0.0106825 0.0514567 0.371161
2 0.671425 0.388053 0.0325758 0.0364918 0.328705
2 0.0280898 0.412465 0.0248686 0.041542 0.314708
3 0.927912 0.276373 0.0625977 0.0926686 0.295641
9 0.440723 0.430696 0.0132139 0.0507095 0.260336
9 0.438401 0.430944 0.0145906 0.0525025 0.259428
