3 0.763332 0.821662 0.0579965 0.179187 0.913435
3 0.137856 0.877828 0.0896091 0.169638 0.912967
3 0.47629 0.84105 0.0676167 0.169318 0.911648
3 0.376765 0.603209 0.0779923 0.119379 0.911044
3 0.157762 0.481955 0.0814032 0.100487 0.903186
3 0.606024 0.834366 0.0652551 0.168368 0.902623
3 0.274047 0.475324 0.0509619 0.114442 0.902412
3 0.694447 0.563278 0.0721229 0.122587 0.90019
3 0.910226 0.782897 0.0519906 0.149874 0.900123
3 0.185886 0.612242 0.0466372 0.129792 0.898227
3 0.540905 0.844301 0.0617709 0.168746 0.896823
3 0.0609377 0.908283 0.100526 0.182696 0.896526
3 0.839324 0.797594 0.0505808 0.164709 0.895697
3 0.458515 0.463234 0.051247 0.108947 0.893795
3 0.212086 0.491236 0.0648015 0.112019 0.893261
3 0.252078 0.617485 0.0598156 0.130233 0.892896
3 0.509628 0.459029 0.0416087 0.112165 0.891775
3 0.641392 0.572527 0.0795531 0.11969 0.888802
3 0.567111 0.444776 0.0369707 0.105924 0.888615
3 0.305788 0.589997 0.0607649 0.0985766 0.887058
3 0.339967 0.881226 0.0778871 0.163888 0.886603
3 0.128603 0.619109 0.0511458 0.119093 0.885089
3 0.0237358 0.649097 0.0474296 0.126615 0.884962
3 0.973624 0.805077 0.0523285 0.15556 0.882153
3 0.0732662 0.635951 0.0473962 0.115416 0.880427
3 0.459346 0.292979 0.0501894 0.0804824 0.878614
3 0.240764 0.237988 0.0447311 0.0786797 0.877932
3 0.416323 0.459135 0.0479257 0.0934994 0.877532
3 0.516532 0.291217 0.0516953 0.0799301 0.877086
3 0.530904 0.5809 0.0542787 0.126323 0.876851
3 0.799658 0.436585 0.044248 0.107873 0.876303
3 0.324858 0.464618 0.0624443 0.138989 0.873405
3 0.752438 0.43462 0.0406605 0.100606 0.873253
3 0.75443 0.271872 0.0568998 0.091747 0.873204
3 0.61606 0.447753 0.0380565 0.109224 0.872478
3 0.851678 0.413228 0.0467705 0.125273 0.871949
3 0.664974 0.285912 0.0578947 0.0836018 0.871663
3 0.145758 0.317149 0.0348518 0.0966243 0.870784
3 0.323722 0.304921 0.0489218 0.0733119 0.870611
3 0.331257 0.224827 0.042441 0.0793759 0.870574
3 0.338079 0.11455 0.0366065 0.0562145 0.868593
3 0.575395 0.561115 0.0466862 0.125805 0.868049
3 0.36298 0.229153 0.0401309 0.0771408 0.866903
3 0.371907 0.305421 0.0453697 0.077599 0.8655
3 0.801298 0.55176 0.0772807 0.108322 0.865472
3 0.562963 0.285031 0.042238 0.0713951 0.864184
3 0.873959 0.19883 0.0345612 0.0629902 0.863837
3 0.658488 0.439658 0.0336832 0.0932546 0.861241
3 0.447447 0.219968 0.0355886 0.0717252 0.860494
3 0.955682 0.538461 0.0886364 0.140633 0.860365
3 0.376002 0.115226 0.0331899 0.0554928 0.860049
3 0.978133 0.185289 0.0437338 0.0755755 0.85965
3 0.416221 0.303209 0.0410937 0.0835444 0.859464
3 0.854512 0.549157 0.0849579 0.110309 0.859126
3 0.233648 0.310597 0.0334916 0.0736979 0.85891
3 0.926026 0.277347 0.0614924 0.0741015 0.858866
3 0.942999 0.187932 0.035664 0.0700325 0.858622
3 0.41118 0.116368 0.0325373 0.053065 0.858267
3 0.446625 0.115054 0.033522 0.0639032 0.857248
3 0.704912 0.439239 0.0322677 0.0931834 0.856925
3 0.477369 0.584728 0.0563098 0.128715 0.855599
3 0.107134 0.470352 0.0847759 0.0943114 0.855033
3 0.797587 0.199613 0.0418444 0.0700745 0.853874
3 0.608034 0.0562781 0.0236458 0.0491643 0.853374
3 0.261344 0.119298 0.0328899 0.0542262 0.853336
3 0.802877 0.0394431 0.0251711 0.056687 0.852929
3 0.689026 0.0962761 0.0446253 0.0670699 0.852607
3 0.676549 0.207601 0.0265451 0.0653499 0.850407
3 0.749705 0.560034 0.0851183 0.11851 0.850267
3 0.615724 0.287648 0.0570001 0.0687658 0.84946
3 0.603888 0.206703 0.0281393 0.0669725 0.849362
3 0.280547 0.316159 0.0412126 0.0748081 0.849245
3 0.154743 0.237069 0.0486433 0.0813038 0.847912
3 0.838384 0.270634 0.0572792 0.0725132 0.846716
3 0.410987 0.0580258 0.0356426 0.0588258 0.846092
3 0.70843 0.0479939 0.0255039 0.0486827 0.845558
3 0.76901 0.0416677 0.0265231 0.0518923 0.845277
3 0.934248 0.092218 0.0425832 0.0516279 0.843148
3 0.962136 0.41981 0.0416363 0.0893822 0.841861
3 0.151947 0.126733 0.0294114 0.0631762 0.841648
3 0.837141 0.199084 0.0326209 0.0649208 0.841135
3 0.261743 0.0732009 0.0396199 0.0517265 0.841076
3 0.566902 0.223514 0.0284286 0.0685031 0.838231
3 0.872748 0.264816 0.0609272 0.0773409 0.837193
3 0.488029 0.216772 0.0271021 0.0599975 0.83656
3 0.757783 0.201603 0.0370235 0.0668566 0.834953
3 0.527863 0.215249 0.029977 0.0696207 0.834421
3 0.454055 0.0519128 0.0313807 0.0628017 0.831522
3 0.911309 0.200298 0.0357227 0.0575683 0.831164
3 0.017063 0.927674 0.033611 0.137382 0.830354
3 0.983648 0.0322855 0.0288257 0.050844 0.826748
3 0.228229 0.121204 0.0353221 0.0764477 0.825968
3 0.64537 0.0552413 0.0235214 0.0473551 0.825936
3 0.820398 0.0922643 0.0421724 0.0518586 0.82371
3 0.724319 0.203053 0.0308951 0.0625998 0.821988
3 0.551912 0.105964 0.039204 0.0633603 0.821687
3 0.516413 0.108804 0.0368546 0.0581493 0.820846
3 0.403193 0.225708 0.0355742 0.0701072 0.820762
3 0.575664 0.0541199 0.026384 0.0512711 0.819258
3 0.0556394 0.0548263 0.0612188 0.0672448 0.816806
3 0.503314 0.0544477 0.0348474 0.0633122 0.815535
3 0.336736 0.0562682 0.0298059 0.063776 0.815433
3 0.29985 0.066109 0.029428 0.0529083 0.814431
3 0.372038 0.0561568 0.0285721 0.0626801 0.813161
3 0.641729 0.211271 0.0292908 0.0696861 0.812944
3 0.962033 0.087291 0.0478 0.0597171 0.812348
3 0.858219 0.0373436 0.0261948 0.0548121 0.811634
3 0.893212 0.0889532 0.0473061 0.0501595 0.807265
3 0.856466 0.0900638 0.048633 0.0515317 0.802592
3 0.673285 0.0470362 0.0239138 0.0494734 0.802544
3 0.195031 0.313047 0.0380395 0.10308 0.798563
3 0.20436 0.889542 0.089117 0.175246 0.795814
3 0.889384 0.0379696 0.0275004 0.0542007 0.794566
3 0.48108 0.111458 0.0362659 0.0590084 0.787832
3 0.191909 0.0668652 0.0340365 0.0651616 0.781862
3 0.191874 0.119324 0.0331189 0.0685367 0.781081
0 0.521784 0.744039 0.0108991 0.0405996 0.779504
0 0.577757 0.765024 0.0131721 0.0451731 0.776156
3 0.985449 0.523784 0.0291031 0.101466 0.764592
3 0.542293 0.0548016 0.02239 0.0463588 0.761938
0 0.593657 0.746489 0.0114996 0.0469909 0.739721
3 0.232151 0.0634414 0.03326 0.0469322 0.739589
3 0.920491 0.0292993 0.0263763 0.0585071 0.738311
4 0.0192816 0.0569419 0.0383974 0.0738235 0.736348
3 0.301622 0.11434 0.0371025 0.0603879 0.730288
3 0.27473 0.870192 0.0976411 0.200821 0.695229
3 0.203917 0.228609 0.0549606 0.093822 0.670497
0 0.585703 0.132828 0.00899622 0.0381509 0.654457
0 0.620207 0.145556 0.00834238 0.0369081 0.645573
0 0.0784966 0.179636 0.0116216 0.0296889 0.645048
0 0.632542 0.149809 0.00816 0.0368511 0.63911
3 0.680257 0.815225 0.0804621 0.211057 0.630741
0 0.573346 0.726461 0.0149059 0.0439364 0.628275
0 0.54521 0.737214 0.0110491 0.0460819 0.622999
0 0.403577 0.546633 0.0109383 0.0368773 0.621661
4 0.281904 0.228242 0.045003 0.0772515 0.603825
5 0.401008 0.874726 0.0804208 0.190797 0.592578
0 0.5906 0.765955 0.013556 0.0429905 0.592509
3 0.40135 0.872388 0.0803914 0.190393 0.550005
0 0.405714 0.546708 0.012821 0.0368958 0.548109
0 0.602434 0.154476 0.00924683 0.038117 0.547705
0 0.601694 0.131892 0.00920504 0.0365192 0.472362
0 0.639247 0.156529 0.00907364 0.0297161 0.440547
0 0.394951 0.547502 0.0100247 0.0367946 0.440356
4 0.920289 0.0294527 0.0257836 0.0570973 0.404129
4 0.274054 0.870735 0.0992611 0.201379 0.395982
3 0.282041 0.227691 0.0425588 0.0769424 0.3856
0 0.636467 0.157144 0.00963211 0.0339138 0.366739
4 0.401205 0.874503 0.0803285 0.193561 0.355191
0 0.988319 0.323488 0.0116364 0.0406928 0.34967
4 0.680666 0.814262 0.0796805 0.211359 0.328102
0 0.984981 0.332436 0.0160572 0.0464425 0.308222
0 0.396881 0.54746 0.0109494 0.0375053 0.269076
0 0.547997 0.0190545 0.00981607 0.0328324 0.263804
