3 0.347247 0.963242 0.036124 0.0656815 0.871559
3 0.293232 0.146567 0.0305611 0.0435758 0.863827
3 0.328048 0.172308 0.0167741 0.0629129 0.863447
3 0.33308 0.86254 0.0405818 0.0613437 0.858658
3 0.358885 0.25869 0.0151863 0.0602163 0.852902
3 0.355621 0.398522 0.014773 0.0603848 0.846599
3 0.295194 0.0264654 0.0347287 0.0363252 0.844628
3 0.316579 0.31222 0.014242 0.0530901 0.840896
3 0.286265 0.290177 0.0152068 0.0534901 0.840122
3 0.0485748 0.323183 0.0367915 0.0383675 0.839049
3 0.48405 0.517589 0.0321014 0.0492874 0.838565
3 0.381227 0.164011 0.0145129 0.0576692 0.836832
3 0.333541 0.091176 0.0150146 0.059145 0.835215
3 0.893371 0.93997 0.0368267 0.0330044 0.833937
3 0.851251 0.451893 0.0173847 0.0612805 0.833655
3 0.413773 0.252112 0.0147984 0.0599268 0.829731
3 0.483551 0.320722 0.0242659 0.0519781 0.818287
3 0.469269 0.063977 0.0139334 0.0556882 0.810595
3 0.297176 0.761697 0.0171407 0.0622881 0.808628
3 0.465324 0.133893 0.0144758 0.0529165 0.808377
3 0.48559 0.598175 0.0290307 0.0553257 0.792143
3 0.946317 0.945742 0.0362228 0.0331726 0.786878
3 0.330277 0.511613 0.0161226 0.0674971 0.77941
4 0.235998 0.390748 0.041611 0.03113 0.769177
3 0.459734 0.284509 0.0138432 0.0542139 0.750932
3 0.321097 0.235696 0.0142931 0.0478601 0.737195
3 0.380235 0.321107 0.016302 0.0695036 0.68902
3 0.458308 0.461352 0.0144383 0.0506048 0.618952
3 0.482448 0.690714 0.0257719 0.0574693 0.503222
9 0.4103 0.97701 0.00866318 0.0335524 0.501158
9 0.433856 0.375203 0.00789146 0.035876 0.485007
4 0.170202 0.854752 0.0316176 0.0264689 0.484679
3 0.828563 0.447481 0.0168335 0.0607693 0.470648
9 0.488723 0.482666 0.0126369 0.0151542 0.468578
9 0.48778 0.481275 0.0152563 0.016072 0.417662
3 0.296122 0.0838435 0.0194966 0.0502489 0.354694
5 0.380812 0.320563 0.0161911 0.0696234 0.331315
9 0.486286 0.483121 0.0174629 0.0160297 0.26593
3 0.48806 0.134884 0.013719 0.0500019 0.253235
