3 0.48617 0.666424 0.0444137 0.130873 0.881009
0 0.431192 0.803681 0.0113744 0.052502 0.771565
0 0.518521 0.60663 0.0091222 0.0514491 0.749097
0 0.508781 0.194838 0.007139 0.0319002 0.728598
9 0.452608 0.674381 0.0133982 0.0601983 0.698948
9 0.689207 0.928131 0.0220684 0.0874387 0.691546
0 0.508768 0.304422 0.00891733 0.039541 0.671397
3 0.989148 0.220389 0.0217039 0.0520838 0.663643
0 0.43714 0.492359 0.0111215 0.053183 0.663226
9 0.560235 0.858025 0.0178984 0.0654256 0.662996
0 0.544388 0.680808 0.0111736 0.0462468 0.646627
0 0.439052 0.49476 0.0103915 0.0486893 0.626099
4 0.554723 0.172092 0.0560426 0.0483774 0.587897
0 0.587283 0.478431 0.0124693 0.0448005 0.586052
9 0.451737 0.95536 0.0181648 0.0741624 0.569441
0 0.369752 0.193101 0.00857286 0.0336857 0.555338
6 0.593767 0.32006 0.0412508 0.0368451 0.525852
0 0.544369 0.237306 0.010779 0.0433847 0.52098
6 0.600553 0.432876 0.0429691 0.0402734 0.504902
0 0.481012 0.101124 0.00620763 0.0269246 0.483301
9 0.488384 0.46345 0.0141802 0.0382446 0.475655
1 0.452954 0.268224 0.00995111 0.0355567 0.463799
9 0.453905 0.277897 0.0125613 0.0306294 0.461694
0 0.467761 0.0165605 0.00637952 0.0245666 0.436065
0 0.492539 0.0284432 0.00634052 0.0245197 0.421796
9 0.601623 0.361671 0.0296323 0.0300936 0.420511
9 0.342394 0.421769 0.0266944 0.0338886 0.418724
0 0.545976 0.230049 0.00988366 0.04176 0.41698
1 0.488952 0.459461 0.0132561 0.0391981 0.397413
0 0.483348 0.0363581 0.00536212 0.0230424 0.389216
0 0.470796 0.132084 0.005534 0.0271169 0.376817
9 0.529669 0.544512 0.012126 0.046662 0.355415
0 0.579957 0.963478 0.0155291 0.0616631 0.354234
0 0.507008 0.140844 0.00893896 0.026847 0.354234
4 0.915038 0.230596 0.0471153 0.0611365 0.34259
6 0.652297 0.859836 0.0515354 0.153579 0.331947
6 0.564465 0.393795 0.0322828 0.0379 0.331488
0 0.533874 0.231133 0.00879265 0.0363045 0.312166
0 0.462809 0.125908 0.00621315 0.0306515 0.304032
7 0.37298 0.828389 0.0717298 0.0768479 0.303494
3 0.992859 0.0657415 0.0141413 0.0406356 0.288389
9 0.345097 0.404629 0.0277955 0.0350244 0.282483
0 0.49461 0.089159 0.00696716 0.0207258 0.270098
6 0.267584 0.938304 0.0320671 0.0825768 0.26872
0 0.377101 0.982377 0.0144416 0.0352468 0.253926
0 0.458029 0.0144875 0.00693395 0.0261223 0.253062
