3 0.338649 0.691841 0.0737971 0.15509 0.914629
3 0.239942 0.537251 0.0734223 0.125831 0.907553
3 0.232981 0.931314 0.182231 0.135167 0.904358
3 0.335942 0.570318 0.0551787 0.119314 0.899543
5 0.775325 0.501257 0.127104 0.13268 0.871274
3 0.351169 0.476927 0.065283 0.0983348 0.868169
3 0.377652 0.373588 0.0733862 0.083157 0.859934
3 0.595045 0.361041 0.058402 0.0633221 0.85597
3 0.633945 0.417188 0.0422024 0.066043 0.855422
3 0.659857 0.483304 0.0432495 0.0778269 0.847431
3 0.469536 0.181618 0.0195081 0.0305084 0.831539
3 0.583092 0.220102 0.0305376 0.0367429 0.813615
3 0.38999 0.155046 0.0181316 0.0283959 0.808421
3 0.374955 0.291495 0.0509193 0.0466832 0.797586
3 0.586539 0.311452 0.045752 0.0558961 0.788803
3 0.51562 0.162431 0.0169252 0.0279964 0.781288
3 0.573772 0.277572 0.0288681 0.0368777 0.766528
0 0.307289 0.452518 0.0132021 0.0645834 0.747455
3 0.37095 0.33447 0.0388855 0.0635067 0.740551
3 0.386409 0.250569 0.0493525 0.0407625 0.709278
9 0.725982 0.406133 0.036907 0.0391995 0.646218
9 0.62702 0.253457 0.0168078 0.0237377 0.627375
3 0.362199 0.157711 0.0186371 0.026703 0.603284
3 0.375949 0.203039 0.0220117 0.0327981 0.601505
3 0.377694 0.269819 0.0518927 0.0422103 0.586204
0 0.371331 0.977678 0.0221267 0.044644 0.563743
3 0.386034 0.13426 0.0208309 0.0249117 0.562596
9 0.635839 0.663589 0.0263205 0.0878149 0.522329
1 0.634659 0.6539 0.0252209 0.0738083 0.502737
0 0.355275 0.977065 0.0183663 0.0447621 0.489555
9 0.664926 0.325716 0.0243481 0.029107 0.474595
9 0.227447 0.422749 0.0355039 0.0412543 0.470345
9 0.53377 0.218283 0.00770587 0.0282163 0.450803
3 0.537634 0.14037 0.0173609 0.026837 0.430735
3 0.376198 0.225846 0.0285109 0.0353947 0.425148
3 0.47273 0.07818 0.0109924 0.0214461 0.403345
1 0.533726 0.215741 0.00801104 0.0288139 0.365933
3 0.38388 0.109475 0.0279178 0.0222656 0.336838
1 0.534151 0.211515 0.00711612 0.024732 0.336419
0 0.305103 0.412849 0.0134948 0.0417624 0.327509
3 0.460333 0.0571703 0.0105843 0.0190289 0.326603
9 0.560911 0.164195 0.00881998 0.0244287 0.32573
3 0.454761 0.0454854 0.00936966 0.0136539 0.317188
0 0.364787 0.976473 0.0340147 0.0460317 0.307081
3 0.448292 0.0378167 0.0109644 0.0139568 0.300951
3 0.388181 0.110537 0.0286451 0.0226661 0.292083
0 0.429136 0.176156 0.00691717 0.028524 0.279709
9 0.428825 0.177892 0.00797559 0.0271456 0.279704
3 0.391948 0.0629122 0.0234936 0.0159776 0.275428
9 0.305593 0.389061 0.0274276 0.0367454 0.271546
5 0.513793 0.119545 0.0359577 0.0310839 0.260145
