3 0.955987 0.753621 0.0292505 0.0422263 0.869598
3 0.815836 0.933073 0.0354101 0.070439 0.853896
3 0.757428 0.685704 0.0201635 0.0360816 0.849296
3 0.84326 0.826838 0.0258591 0.0507941 0.841769
3 0.805756 0.620832 0.0170588 0.0305018 0.838442
3 0.865755 0.526305 0.0152641 0.0228264 0.836123
3 0.798919 0.86625 0.0231014 0.0567244 0.820203
3 0.986736 0.919131 0.0265284 0.0559808 0.818925
3 0.755151 0.56085 0.0138863 0.0275001 0.798542
3 0.764112 0.737968 0.0192793 0.0427246 0.771272
3 0.52759 0.613513 0.0135597 0.0293815 0.769506
3 0.481993 0.583754 0.0172142 0.0235831 0.761204
3 0.880345 0.619231 0.0221134 0.0404541 0.759931
3 0.522922 0.547058 0.0135996 0.0250956 0.746609
3 0.545067 0.616963 0.0136113 0.0323664 0.745956
3 0.494946 0.608008 0.0137863 0.0315737 0.740159
3 0.533749 0.529617 0.0115581 0.0225096 0.738998
3 0.511013 0.610088 0.0142914 0.0321439 0.705767
3 0.863279 0.459584 0.0111469 0.0187624 0.702483
3 0.569005 0.605508 0.0146211 0.0355971 0.696166
3 0.481446 0.607254 0.0140116 0.02838 0.677393
3 0.517885 0.528138 0.0134924 0.0231019 0.658018
3 0.509584 0.546271 0.0138859 0.0227937 0.65551
3 0.795734 0.37788 0.00954704 0.015534 0.653821
3 0.775828 0.439966 0.0110051 0.0205044 0.637685
3 0.535769 0.45199 0.00972195 0.0221018 0.635909
3 0.856306 0.328272 0.00745087 0.013374 0.617208
3 0.51103 0.451655 0.00977917 0.0177047 0.615703
3 0.498311 0.535711 0.0132484 0.0323629 0.613808
3 0.929888 0.983968 0.0300835 0.0288296 0.593012
3 0.51868 0.492532 0.0114815 0.0250381 0.583214
3 0.547315 0.447016 0.0104425 0.0250843 0.582299
3 0.569279 0.419834 0.00845261 0.020109 0.578661
3 0.529351 0.587103 0.0153902 0.0239604 0.574223
3 0.508258 0.474632 0.0104706 0.0213121 0.568014
3 0.85514 0.304908 0.00746918 0.0128983 0.558716
3 0.554906 0.514198 0.0241034 0.0182853 0.557251
3 0.523349 0.450618 0.0116314 0.0200985 0.554904
3 0.536392 0.549164 0.0125013 0.0249387 0.552244
3 0.865388 0.309411 0.00746021 0.010302 0.55206
3 0.58012 0.420938 0.00892716 0.0196754 0.551748
3 0.545209 0.593305 0.0130247 0.0300398 0.550578
3 0.835352 0.293323 0.00834376 0.0115007 0.542952
3 0.544856 0.479533 0.00913563 0.0192399 0.538796
3 0.506014 0.492459 0.0117876 0.0238531 0.525632
3 0.557916 0.421097 0.00899887 0.0184231 0.513123
0 0.39049 0.636753 0.00655352 0.0239989 0.512783
3 0.532083 0.493093 0.0112834 0.0261732 0.489578
3 0.613213 0.447013 0.0114684 0.0203768 0.477176
3 0.80665 0.326161 0.00787964 0.0143658 0.470017
3 0.559354 0.448829 0.0101078 0.0258655 0.466908
3 0.815102 0.312114 0.00835857 0.0120685 0.459891
3 0.539249 0.41707 0.0112564 0.0208769 0.454896
3 0.566577 0.392239 0.00858803 0.0158871 0.434901
3 0.881399 0.311866 0.0097496 0.0148213 0.423859
0 0.37161 0.793627 0.00686493 0.0295753 0.417525
3 0.577845 0.394238 0.00824642 0.012864 0.411476
3 0.526431 0.419843 0.00973873 0.0197361 0.410863
3 0.545604 0.382697 0.00956542 0.0168877 0.392504
3 0.554067 0.548362 0.017408 0.029194 0.389804
3 0.890575 0.293154 0.0073199 0.0114609 0.388901
3 0.805449 0.309966 0.00850105 0.0110864 0.388562
3 0.55628 0.390629 0.0075943 0.0188132 0.383494
3 0.796059 0.307785 0.00971921 0.0101373 0.376472
3 0.958715 0.340892 0.0141754 0.0151989 0.37532
3 0.498155 0.583991 0.013658 0.024471 0.374189
3 0.557468 0.479978 0.0105685 0.018881 0.372877
3 0.586942 0.391535 0.00833098 0.0159887 0.372873
0 0.445197 0.487976 0.00456429 0.0166578 0.366541
3 0.589882 0.392391 0.0106545 0.0156835 0.357555
3 0.558876 0.456927 0.00871315 0.019514 0.354574
3 0.515605 0.414235 0.00770791 0.018405 0.353811
3 0.570236 0.449711 0.00948696 0.025372 0.346845
0 0.429121 0.49372 0.00502567 0.0131739 0.345795
3 0.568062 0.359911 0.00974242 0.0143767 0.344161
3 0.577473 0.367549 0.0106438 0.0146103 0.341971
3 0.576551 0.362543 0.0098505 0.0140689 0.323058
3 0.759097 0.862375 0.0266968 0.0667111 0.321846
3 0.960106 0.342584 0.0135503 0.0125402 0.315693
3 0.981126 0.286274 0.0140244 0.0101103 0.312395
3 0.556998 0.369444 0.0071504 0.0168452 0.310847
3 0.534016 0.392972 0.0120776 0.0162189 0.308397
3 0.963775 0.314903 0.0169502 0.00951157 0.306544
3 0.865262 0.306457 0.00771751 0.0133486 0.304571
3 0.547113 0.390884 0.00818977 0.0184255 0.292681
0 0.438235 0.478027 0.00492973 0.0202208 0.289448
3 0.576675 0.379965 0.00924886 0.0135444 0.288834
0 0.454623 0.482437 0.00415077 0.0158427 0.28848
0 0.440997 0.473543 0.00562153 0.0179852 0.284205
3 0.546293 0.58844 0.0123062 0.0259589 0.283124
3 0.612537 0.349937 0.0101137 0.012492 0.282761
3 0.602883 0.368337 0.0114739 0.0189724 0.273671
0 0.461412 0.484047 0.00402565 0.017585 0.267858
3 0.993777 0.317361 0.011882 0.0134662 0.251735
