3 0.22531 0.642757 0.132128 0.117796 0.928219
3 0.767909 0.680841 0.074365 0.168036 0.916668
3 0.332189 0.479841 0.0561588 0.122849 0.893105
3 0.687985 0.244788 0.0418522 0.0723949 0.893062
3 0.607743 0.197908 0.0381283 0.0932184 0.865777
3 0.384591 0.220218 0.0383408 0.066518 0.864147
3 0.589649 0.0608385 0.0296717 0.0677517 0.862392
3 0.979922 0.325773 0.0401138 0.0838518 0.858329
4 0.400806 0.145424 0.0334443 0.0732406 0.857982
3 0.893293 0.141577 0.0479595 0.0567147 0.852223
3 0.523698 0.537641 0.051815 0.153136 0.839226
3 0.879803 0.430847 0.0571815 0.0883169 0.826472
3 0.410176 0.0967024 0.0444737 0.0562774 0.803214
3 0.349322 0.276707 0.0826241 0.0647735 0.78524
4 0.336537 0.368579 0.0919295 0.105182 0.775425
0 0.170637 0.753142 0.0293906 0.0797014 0.764627
0 0.83462 0.317778 0.0169188 0.0602683 0.757244
0 0.90565 0.634406 0.0225079 0.0794408 0.750345
9 0.908212 0.833625 0.0290306 0.087796 0.735051
0 0.3782 0.606936 0.0171194 0.0720824 0.702008
0 0.371282 0.623808 0.0167888 0.0634043 0.695271
0 0.672989 0.108852 0.0127333 0.0421566 0.689548
0 0.313797 0.111335 0.00922145 0.0413511 0.681776
0 0.207566 0.483387 0.0178078 0.0704348 0.661977
0 0.32664 0.12038 0.00951356 0.0389609 0.634162
1 0.909217 0.816407 0.027343 0.0603461 0.632623
6 0.736551 0.214029 0.0280947 0.0716233 0.626334
0 0.287573 0.176903 0.00944178 0.0501919 0.610661
3 0.421723 0.0411625 0.0290606 0.0542549 0.591366
9 0.370101 0.108969 0.0198711 0.0289452 0.544498
9 0.269753 0.429008 0.0409406 0.0430703 0.525103
0 0.312083 0.110536 0.0116698 0.0426083 0.480698
9 0.167162 0.506686 0.0159617 0.050637 0.469952
3 0.656027 0.0127251 0.0281193 0.024024 0.451119
9 0.346927 0.128651 0.0164467 0.0261704 0.422412
0 0.2839 0.168527 0.0113493 0.0402179 0.41752
0 0.276109 0.168989 0.0110503 0.0405357 0.381192
0 0.288804 0.181789 0.0101627 0.0504879 0.356163
0 0.959787 0.144638 0.0136207 0.0454765 0.345929
0 0.513234 0.119512 0.00920392 0.0478386 0.33074
9 0.366616 0.114362 0.0215581 0.0276638 0.292922
0 0.274197 0.166898 0.0113519 0.0367271 0.277809
0 0.511707 0.116691 0.0110842 0.044787 0.257245
