8 0.564544 0.357412 0.0375697 0.104737 0.862305
3 0.547526 0.292585 0.0172679 0.0315449 0.820785
3 0.557555 0.243685 0.0140386 0.0227174 0.730217
3 0.701743 0.393398 0.040604 0.0285682 0.661282
3 0.515633 0.146098 0.0110392 0.0206945 0.629133
6 0.850617 0.949093 0.0669992 0.0954146 0.619678
3 0.693149 0.377871 0.0399804 0.0268724 0.585786
3 0.53818 0.177386 0.0118362 0.0220473 0.568481
3 0.699014 0.388905 0.0391542 0.0304693 0.549509
3 0.600491 0.187161 0.0244003 0.0195325 0.527452
3 0.588838 0.169455 0.0242548 0.0163497 0.525901
3 0.676925 0.350111 0.0345887 0.0246308 0.524906
3 0.695923 0.383298 0.0378323 0.0301337 0.514356
3 0.595888 0.177657 0.0241094 0.0149726 0.498011
3 0.582778 0.160752 0.0248358 0.0164219 0.479391
3 0.670122 0.336813 0.0362888 0.0268572 0.449104
3 0.608827 0.200244 0.0247164 0.0189855 0.447382
3 0.674016 0.347111 0.0340393 0.0274867 0.444063
3 0.667874 0.332155 0.0367751 0.0273309 0.434313
3 0.681405 0.358154 0.0368572 0.0276478 0.421746
3 0.586223 0.165458 0.0248261 0.0199793 0.377067
3 0.688426 0.364751 0.0367171 0.0306186 0.366114
7 0.850663 0.948713 0.0669525 0.0940426 0.340631
3 0.654995 0.310014 0.027863 0.0250379 0.335058
0 0.0582584 0.816654 0.016163 0.0478095 0.333481
3 0.684206 0.362608 0.0374712 0.0285361 0.322228
3 0.612307 0.202491 0.025449 0.0194621 0.282597
3 0.584109 0.233445 0.0165195 0.0299124 0.259724
3 0.704319 0.397763 0.0455189 0.0290538 0.254128
