3 0.379256 0.861488 0.0456248 0.0658139 0.876543
3 0.429946 0.894424 0.0452148 0.0729713 0.863478
3 0.330688 0.828493 0.043188 0.0526427 0.856271
3 0.604779 0.830401 0.0422097 0.056846 0.855239
3 0.399039 0.883581 0.0439357 0.0656114 0.853994
3 0.398078 0.783935 0.0425268 0.0526272 0.850887
3 0.356988 0.844586 0.0423518 0.0646559 0.850674
3 0.679911 0.71998 0.0313742 0.0432035 0.843391
3 0.984025 0.903372 0.0317375 0.0649743 0.829583
3 0.552984 0.742048 0.0320471 0.0519887 0.826754
3 0.548692 0.695216 0.0321259 0.0437841 0.826413
3 0.686222 0.498325 0.0173765 0.0268907 0.824867
3 0.633382 0.551289 0.0191456 0.0288435 0.823449
3 0.481707 0.713857 0.0337832 0.0525092 0.818124
3 0.829819 0.507839 0.018988 0.0239514 0.817615
3 0.526237 0.68197 0.0304983 0.041197 0.807294
3 0.423884 0.79393 0.0387898 0.0529663 0.798676
3 0.461615 0.699104 0.0319968 0.0455339 0.793607
3 0.545809 0.610678 0.0219551 0.0343421 0.793485
3 0.482703 0.668743 0.0272952 0.039844 0.791771
3 0.645634 0.529194 0.0196726 0.0242729 0.790219
3 0.764045 0.619932 0.0266564 0.0355469 0.785576
3 0.503944 0.673884 0.0284116 0.0369839 0.784593
3 0.437384 0.685358 0.0283679 0.0456759 0.781269
3 0.227306 0.964005 0.0589271 0.0662291 0.778959
3 0.463735 0.657363 0.0311626 0.0359745 0.777455
3 0.642864 0.615141 0.0257071 0.0343153 0.774954
3 0.583595 0.591609 0.0246124 0.0301835 0.758912
3 0.655445 0.650406 0.0283342 0.0424397 0.755093
3 0.602872 0.598615 0.0257946 0.0318471 0.753415
3 0.663515 0.536216 0.0170513 0.0270534 0.752973
3 0.509027 0.599422 0.0248639 0.0318007 0.751919
3 0.615433 0.541288 0.021946 0.0344102 0.744309
3 0.547281 0.577214 0.0188869 0.0305229 0.731578
3 0.528771 0.604707 0.0219913 0.0312017 0.730014
3 0.445336 0.812031 0.0401968 0.0484904 0.729525
3 0.562689 0.527936 0.0195484 0.0295395 0.728695
3 0.373384 0.770127 0.0378688 0.0539907 0.718274
3 0.507051 0.721736 0.0364833 0.0568397 0.714753
3 0.613652 0.489546 0.0229735 0.0233461 0.706594
3 0.703676 0.501681 0.0171247 0.0278188 0.699272
3 0.608702 0.633334 0.0228938 0.0389977 0.695395
3 0.578427 0.535906 0.0201187 0.0269931 0.688673
3 0.528737 0.730933 0.0279303 0.0471839 0.685894
3 0.493582 0.849527 0.0304966 0.0503662 0.666695
3 0.564663 0.588144 0.0228099 0.0302336 0.658115
3 0.627716 0.510147 0.0147193 0.0235596 0.657064
3 0.566678 0.618656 0.0241131 0.036025 0.652264
3 0.529603 0.571268 0.0234675 0.0316592 0.644491
3 0.682164 0.53582 0.0174091 0.0245224 0.631433
3 0.601375 0.51827 0.0211359 0.0256036 0.628419
3 0.255407 0.972104 0.0548868 0.0518188 0.604153
3 0.62451 0.600239 0.0220579 0.0333643 0.602098
3 0.623099 0.377965 0.0145877 0.0179432 0.594577
3 0.802029 0.413214 0.0259578 0.0184184 0.584348
3 0.585275 0.50452 0.0197647 0.0292997 0.570429
0 0.364997 0.719957 0.00758419 0.0277564 0.565893
3 0.993592 0.754902 0.0128153 0.0536601 0.549407
3 0.598435 0.538746 0.0236986 0.0304759 0.548844
3 0.733789 0.400667 0.0213161 0.0169281 0.532969
3 0.594191 0.49081 0.0219891 0.0244544 0.527556
3 0.716723 0.287057 0.0147296 0.012878 0.511239
3 0.566401 0.380407 0.0176861 0.0180137 0.509017
3 0.667099 0.581041 0.0225548 0.0314745 0.508391
3 0.676165 0.554115 0.0236155 0.0282052 0.493482
3 0.59988 0.357657 0.0151527 0.0148578 0.491302
3 0.59704 0.358163 0.0191255 0.0154436 0.490098
3 0.707925 0.399676 0.0194519 0.018815 0.488698
3 0.583793 0.629846 0.0238018 0.0352281 0.486224
3 0.799687 0.406323 0.0247865 0.0169717 0.4856
3 0.535992 0.403714 0.0169304 0.0168858 0.480356
3 0.533836 0.380718 0.0158978 0.0167336 0.47588
3 0.800367 0.334193 0.0174106 0.0144601 0.475385
3 0.770753 0.306125 0.00999184 0.0127084 0.473287
3 0.546745 0.362753 0.015026 0.0144989 0.470362
3 0.654207 0.377414 0.0208433 0.0173124 0.467771
3 0.736965 0.393718 0.0223845 0.0167865 0.465105
3 0.61626 0.351471 0.0104513 0.016419 0.464127
3 0.715615 0.259408 0.00871258 0.011009 0.463632
3 0.542871 0.402631 0.0208677 0.0175932 0.44185
3 0.717653 0.506331 0.0160961 0.0273231 0.439882
1 0.222337 0.879079 0.0107207 0.0284465 0.436679
3 0.282483 0.982644 0.0410095 0.0340581 0.433451
3 0.563257 0.379939 0.0161567 0.0185983 0.429343
3 0.650964 0.555536 0.0199843 0.0324171 0.42829
3 0.289651 0.983696 0.0419358 0.0316555 0.426415
3 0.574465 0.367476 0.0154661 0.0159354 0.418868
2 0.38285 0.683991 0.0141533 0.0245036 0.417346
3 0.733808 0.274214 0.0115334 0.0150979 0.416488
3 0.714182 0.577872 0.0210252 0.0293884 0.415487
3 0.673425 0.558327 0.0210285 0.0353614 0.415076
3 0.590703 0.508455 0.0156385 0.0262819 0.411343
3 0.615225 0.625164 0.0228685 0.0343404 0.407204
3 0.569101 0.361755 0.0181755 0.0141842 0.402717
3 0.603741 0.712304 0.0340892 0.0433024 0.401632
3 0.719516 0.541942 0.0178232 0.0256766 0.397574
3 0.734664 0.247533 0.0128387 0.00992016 0.395362
3 0.55307 0.378356 0.0159964 0.0179872 0.393321
3 0.717709 0.553166 0.0166839 0.0299435 0.393254
3 0.741094 0.402159 0.0198349 0.0156621 0.391422
3 0.63347 0.377979 0.0168382 0.0175073 0.386858
3 0.650096 0.379833 0.0182526 0.0181842 0.383878
3 0.283132 0.976884 0.044342 0.044455 0.379116
3 0.796731 0.414694 0.0248687 0.0181627 0.373158
3 0.697005 0.360922 0.0144476 0.0163337 0.368775
0 0.529689 0.536866 0.00617704 0.0215763 0.368769
3 0.558224 0.359528 0.0180694 0.0119283 0.363384
3 0.732613 0.281215 0.010887 0.0153624 0.346088
3 0.575728 0.371957 0.0135939 0.0158464 0.345271
9 0.301725 0.778231 0.015871 0.0242107 0.340497
3 0.585854 0.499887 0.0204852 0.0236237 0.328914
3 0.70913 0.395667 0.0182379 0.0185148 0.326787
3 0.547379 0.376208 0.0168348 0.0161172 0.325199
3 0.660661 0.628397 0.0192097 0.0291552 0.318451
3 0.318956 0.986294 0.0365844 0.0252835 0.31827
2 0.345096 0.681488 0.0087122 0.0226756 0.315203
3 0.597394 0.712491 0.0353294 0.0429477 0.309578
2 0.385984 0.632296 0.0096159 0.0205734 0.309263
3 0.531313 0.37158 0.0182887 0.0150677 0.3083
3 0.31953 0.989595 0.0368683 0.0208106 0.305473
3 0.535919 0.363829 0.0146173 0.0166127 0.305435
3 0.744921 0.286164 0.0141823 0.0122997 0.30523
3 0.594419 0.487279 0.0234662 0.0217525 0.300407
3 0.75197 0.265937 0.0123149 0.0119103 0.297988
3 0.746269 0.270259 0.0128394 0.0134134 0.297313
3 0.658689 0.384204 0.0177238 0.0174544 0.290443
3 0.575805 0.362461 0.0150105 0.0141256 0.287415
0 0.431311 0.634741 0.00632877 0.0263513 0.279911
3 0.624476 0.374861 0.0155113 0.0168967 0.278332
2 0.377445 0.63755 0.00863743 0.0183078 0.276411
3 0.789972 0.467724 0.0194096 0.0194355 0.26692
3 0.69677 0.546794 0.0261863 0.0259408 0.266263
3 0.935565 0.34478 0.0153545 0.0123357 0.262494
3 0.746655 0.517515 0.0198776 0.0252413 0.260847
2 0.394847 0.62452 0.0118903 0.0195361 0.258931
3 0.752475 0.516191 0.0200638 0.0267856 0.256895
3 0.73996 0.331494 0.0177933 0.0149633 0.251529
3 0.738745 0.248016 0.010267 0.00996772 0.250909
