3 0.374548 0.868004 0.0607972 0.204654 0.928752
3 0.215705 0.742411 0.0727728 0.153429 0.920334
3 0.57629 0.598156 0.0479084 0.111299 0.907416
3 0.566058 0.471559 0.0718823 0.0970964 0.907013
3 0.572174 0.718537 0.102455 0.108254 0.905693
3 0.250374 0.527475 0.0455104 0.118668 0.903119
3 0.311488 0.473537 0.0440127 0.106426 0.902237
3 0.610719 0.932346 0.129651 0.132886 0.893891
3 0.28494 0.321075 0.0390265 0.0864156 0.889208
3 0.542364 0.371513 0.0434042 0.0763684 0.884406
4 0.293182 0.867637 0.0593733 0.185635 0.875397
3 0.381312 0.269635 0.0353529 0.0861964 0.871177
3 0.592576 0.825962 0.126409 0.102324 0.868632
3 0.315427 0.250978 0.0579537 0.0753445 0.864316
3 0.400403 0.0669516 0.0215408 0.0421994 0.863489
3 0.399339 0.114629 0.0221681 0.0488937 0.857292
3 0.235773 0.42863 0.081326 0.0724152 0.845095
3 0.506408 0.0495418 0.0418205 0.0344631 0.821657
3 0.498153 0.250968 0.0311251 0.0657344 0.804229
3 0.336881 0.296658 0.0306297 0.0725991 0.790472
0 0.523344 0.873602 0.0169216 0.0721214 0.788843
3 0.53084 0.177541 0.0515863 0.0434106 0.762884
3 0.517695 0.125329 0.0550218 0.0417233 0.762361
3 0.315613 0.0836349 0.0496242 0.0424775 0.753606
3 0.117028 0.834301 0.102251 0.10614 0.728974
3 0.517147 0.0909011 0.0427436 0.0390746 0.725432
3 0.502418 0.0263523 0.04153 0.0298829 0.718333
3 0.52598 0.153531 0.0601839 0.0481816 0.686518
4 0.350017 0.118771 0.0280026 0.0609922 0.670662
0 0.47397 0.280972 0.010463 0.0438357 0.655266
3 0.296288 0.110814 0.0481931 0.0402843 0.60327
3 0.492522 0.0133807 0.0414635 0.0264853 0.584342
3 0.582295 0.273696 0.0680702 0.0531747 0.583849
9 0.384469 0.174766 0.0144566 0.0262332 0.575562
3 0.303668 0.132124 0.0367997 0.0503898 0.569778
0 0.477277 0.280848 0.0111351 0.0439916 0.569544
5 0.315878 0.153554 0.0466434 0.0794347 0.549324
6 0.229013 0.633797 0.0391193 0.0452357 0.534369
4 0.316517 0.154356 0.0473365 0.0809829 0.529302
3 0.299959 0.122749 0.0435027 0.0538258 0.510468
9 0.646288 0.494023 0.0325121 0.0352508 0.510184
1 0.384414 0.165142 0.00931145 0.0349743 0.496447
3 0.146473 0.602235 0.0810373 0.0750308 0.480732
4 0.408826 0.0265331 0.0201979 0.0503978 0.478859
3 0.408929 0.0257742 0.0205377 0.0493871 0.442047
9 0.384556 0.170844 0.0119193 0.0325869 0.399
3 0.338055 0.00939944 0.0447762 0.0187989 0.370108
9 0.228787 0.633798 0.0384177 0.045051 0.349345
6 0.30361 0.197779 0.0358183 0.0326724 0.285804
3 0.504714 0.0327486 0.0428106 0.0332745 0.282375
9 0.516509 0.219596 0.0190638 0.0265535 0.26309
