0 0.958266 0.968002 0.029679 0.0625431 0.80873
0 0.730155 0.493193 0.0144089 0.0673523 0.798268
0 0.578115 0.30469 0.0100152 0.0503563 0.738018
0 0.510622 0.273505 0.0095919 0.051467 0.706519
0 0.613018 0.519203 0.0127641 0.0693634 0.702706
0 0.667822 0.335163 0.00958068 0.039312 0.700083
0 0.65075 0.346171 0.0127468 0.0503602 0.68717
0 0.640277 0.533079 0.0147561 0.0658734 0.673208
0 0.544806 0.327037 0.0101212 0.0467077 0.669794
0 0.652751 0.495202 0.0143131 0.0596512 0.657422
0 0.633924 0.460976 0.013939 0.0598818 0.652718
0 0.492383 0.47577 0.0129098 0.0524572 0.642679
0 0.617234 0.344457 0.0106829 0.0523737 0.611104
0 0.601157 0.484222 0.0133447 0.048463 0.586754
0 0.567322 0.298709 0.00972317 0.0456399 0.5862
0 0.524125 0.275838 0.0113819 0.0514817 0.562803
0 0.556428 0.372601 0.0122597 0.0571521 0.551822
0 0.556194 0.29603 0.00883735 0.045466 0.55012
0 0.554142 0.372387 0.00974996 0.0565557 0.536366
0 0.545425 0.481762 0.0125534 0.0665303 0.515301
0 0.57099 0.366222 0.0115408 0.0517063 0.500028
0 0.544325 0.285707 0.00965195 0.0445877 0.453673
0 0.556277 0.305791 0.00858365 0.0429345 0.439268
0 0.507954 0.477808 0.0159156 0.0605655 0.420519
0 0.59646 0.399456 0.0121302 0.042828 0.398604
0 0.562121 0.378635 0.0110951 0.0584099 0.397716
0 0.571369 0.386102 0.0103993 0.0487953 0.396518
0 0.554373 0.269338 0.00929947 0.0404564 0.38976
1 0.508189 0.472686 0.0151029 0.0507914 0.388263
0 0.568386 0.378582 0.0125075 0.0600523 0.379593
0 0.592019 0.438292 0.0116985 0.0497445 0.332514
0 0.558854 0.376466 0.0145819 0.0597934 0.321932
0 0.61939 0.447234 0.0121306 0.0587682 0.303315
0 0.636597 0.461817 0.0146122 0.0569195 0.25345
0 0.610991 0.417701 0.0100712 0.0352349 0.251628
