3 0.669245 0.291308 0.0307028 0.0409303 0.876303
3 0.920423 0.639186 0.0491548 0.090141 0.873702
3 0.335998 0.647355 0.0934903 0.0846311 0.855336
3 0.864506 0.400541 0.034865 0.0506562 0.841546
3 0.471616 0.443323 0.0639585 0.0560369 0.811137
3 0.597992 0.304748 0.0553442 0.037971 0.811119
3 0.451888 0.480131 0.0690366 0.0549356 0.806631
0 0.424852 0.882025 0.0173593 0.0736508 0.806508
3 0.415998 0.559702 0.0822302 0.0632695 0.803283
3 0.742491 0.127815 0.0202354 0.0262111 0.799503
3 0.552012 0.228093 0.0293302 0.0374389 0.794824
3 0.975213 0.340558 0.0495746 0.0444902 0.79455
3 0.839245 0.281038 0.0225826 0.0349868 0.786689
3 0.676116 0.250752 0.0216814 0.039805 0.777265
4 0.391012 0.597455 0.087889 0.0804586 0.757782
9 0.50931 0.27095 0.0166885 0.0237868 0.745902
3 0.984216 0.724973 0.0315684 0.0678857 0.744507
3 0.945697 0.250323 0.0404873 0.0385249 0.738509
3 0.91793 0.488186 0.067432 0.0490673 0.736038
3 0.98853 0.370506 0.0228648 0.0446799 0.732737
9 0.10596 0.59921 0.0332249 0.0385179 0.720452
4 0.6189 0.468694 0.0379809 0.0800692 0.7186
4 0.59393 0.257737 0.0290403 0.0440865 0.71721
3 0.912502 0.450953 0.0642193 0.0478453 0.713906
3 0.858763 0.305215 0.0369232 0.0373924 0.699138
9 0.879738 0.859834 0.0211868 0.0789941 0.692138
0 0.486513 0.556301 0.00914859 0.0526332 0.67684
3 0.830768 0.204803 0.022192 0.0317101 0.668737
0 0.466757 0.560804 0.00993531 0.0503065 0.667373
3 0.566177 0.207176 0.0330685 0.0319945 0.665875
3 0.607867 0.284184 0.0408545 0.0326121 0.645328
3 0.611126 0.38597 0.0622064 0.0600027 0.622958
1 0.832854 0.483051 0.0112457 0.0351249 0.613084
3 0.42899 0.509216 0.0709385 0.0586843 0.611042
0 0.476097 0.555167 0.0109341 0.0505798 0.597201
3 0.669398 0.0285578 0.0110935 0.0172879 0.594922
3 0.715757 0.134987 0.0129642 0.0251408 0.574013
3 0.796126 0.0839258 0.0148292 0.0193222 0.560627
0 0.608732 0.183093 0.00649831 0.025847 0.555174
3 0.658807 0.11918 0.0139619 0.0222089 0.523338
1 0.879857 0.842475 0.019633 0.0478092 0.519847
0 0.978231 0.24151 0.00956654 0.0345793 0.519487
3 0.576216 0.195126 0.0298355 0.0266924 0.516722
3 0.817002 0.184679 0.031625 0.0291183 0.514376
3 0.992299 0.811691 0.0153301 0.0905344 0.499051
3 0.805988 0.126609 0.0279667 0.0258238 0.496926
4 0.791169 0.384645 0.0262012 0.0590594 0.491171
3 0.66411 0.0967982 0.0135353 0.0201737 0.489366
0 0.594455 0.152747 0.00524319 0.024782 0.463943
3 0.674304 0.071881 0.0143801 0.0200965 0.46307
3 0.702799 0.150923 0.0139202 0.0276752 0.461993
1 0.8323 0.48811 0.0117195 0.0382755 0.454583
3 0.640875 0.19593 0.0348265 0.030201 0.453057
3 0.813345 0.161169 0.0238293 0.02678 0.451868
0 0.478697 0.554425 0.0113571 0.0510224 0.444591
3 0.623882 0.0765245 0.0154107 0.0246637 0.439104
0 0.487942 0.553199 0.0117087 0.051758 0.437746
9 0.975593 0.281982 0.020419 0.0266524 0.432743
3 0.637527 0.17942 0.028844 0.0252353 0.416006
4 0.48254 0.405952 0.0622798 0.0523211 0.413612
9 0.97746 0.286758 0.0202003 0.0230473 0.397578
3 0.602061 0.238506 0.0281271 0.0358103 0.394673
3 0.48322 0.405524 0.0607592 0.0513875 0.39142
0 0.779651 0.108709 0.00488963 0.017533 0.389792
0 0.694686 0.283244 0.00581216 0.0285786 0.387938
3 0.640053 0.168481 0.0285677 0.0261689 0.386837
3 0.683576 0.0460197 0.0147596 0.0219621 0.376862
3 0.715849 0.113117 0.013083 0.0220249 0.372358
3 0.717079 0.0804754 0.0125078 0.0175718 0.371632
3 0.667676 0.0296342 0.0106301 0.0169323 0.334572
1 0.703943 0.278021 0.0071022 0.0256777 0.318041
3 0.720982 0.0738921 0.0143765 0.0173097 0.317905
3 0.724289 0.0516796 0.0137616 0.0165861 0.317807
3 0.684296 0.041829 0.0137927 0.0206205 0.316639
3 0.803549 0.114397 0.0230855 0.0212666 0.310437
0 0.473861 0.556165 0.0111273 0.0516657 0.302633
3 0.648566 0.216292 0.0293888 0.028685 0.298273
3 0.606524 0.107231 0.0140257 0.0208079 0.284052
3 0.856635 0.234542 0.0348183 0.0309515 0.270238
3 0.82308 0.171627 0.0283437 0.0241814 0.26892
9 0.991802 0.308913 0.0159856 0.0234171 0.266795
3 0.645498 0.0494158 0.0170898 0.0236584 0.258764
3 0.808515 0.132871 0.0262475 0.0255699 0.252063
