3 0.666239 0.83863 0.0562454 0.130034 0.91631
3 0.321952 0.798956 0.0637489 0.14039 0.914489
3 0.367144 0.620672 0.068675 0.105641 0.897898
3 0.665126 0.711155 0.0845468 0.109878 0.897023
3 0.645664 0.544383 0.0793796 0.0667481 0.889128
3 0.300669 0.661645 0.0978302 0.072807 0.887578
3 0.367558 0.531436 0.0589509 0.0839334 0.886028
3 0.534824 0.349837 0.027742 0.0630688 0.881538
3 0.406822 0.415813 0.0341351 0.085043 0.876694
3 0.525835 0.0702868 0.0184746 0.035289 0.869846
3 0.637305 0.429827 0.0388403 0.0727101 0.868171
3 0.619173 0.355975 0.0585031 0.058043 0.867487
3 0.368753 0.455405 0.0553145 0.0697542 0.865888
3 0.585712 0.199623 0.0235026 0.0519395 0.86228
3 0.697232 0.373495 0.067442 0.0559759 0.862171
3 0.520464 0.140592 0.0219519 0.0434522 0.851711
3 0.442084 0.182839 0.0230013 0.051603 0.850999
3 0.598977 0.251896 0.0260719 0.0509696 0.848143
3 0.408341 0.231042 0.055567 0.0489443 0.837605
3 0.336666 0.352223 0.0655284 0.0509765 0.830707
3 0.348714 0.311524 0.0596892 0.0475011 0.830065
3 0.425499 0.0894585 0.0198381 0.0403379 0.827997
3 0.680592 0.332717 0.0637937 0.0472179 0.823965
3 0.602883 0.305378 0.0319322 0.0637638 0.822988
3 0.591706 0.15056 0.0189495 0.0385723 0.812858
6 0.259899 0.945226 0.0751537 0.0728022 0.797616
4 0.412593 0.311427 0.0422916 0.077351 0.796329
3 0.668179 0.299094 0.0535164 0.0481632 0.780881
3 0.444164 0.01196 0.0187746 0.023703 0.767473
3 0.404307 0.270705 0.0329561 0.0557717 0.742601
0 0.564478 0.479405 0.00931262 0.0448022 0.736408
3 0.787569 0.967887 0.109174 0.0638496 0.728436
3 0.697425 0.490084 0.0740391 0.0569048 0.703963
3 0.384856 0.210132 0.0540534 0.0397777 0.660592
9 0.814498 0.802825 0.0165403 0.0587687 0.656032
3 0.628375 0.0767826 0.0510035 0.0312908 0.620353
1 0.556608 0.162236 0.00754776 0.0279154 0.601739
0 0.842098 0.793839 0.0164676 0.0566325 0.597366
9 0.642488 0.654774 0.0240988 0.0405028 0.593634
3 0.605984 0.01445 0.0349901 0.0246524 0.590894
9 0.720107 0.271329 0.0177333 0.0266829 0.581116
3 0.63209 0.174094 0.044064 0.0395851 0.574372
0 0.570102 0.0407486 0.00587176 0.0274566 0.566312
9 0.327267 0.921987 0.0339844 0.065368 0.539254
1 0.644104 0.640325 0.0152361 0.0424294 0.529233
9 0.556564 0.169696 0.00814586 0.0264628 0.514371
3 0.259425 0.51979 0.0689653 0.0561035 0.503648
0 0.864303 0.654656 0.01418 0.0525281 0.470962
3 0.407049 0.0222882 0.0350007 0.031151 0.465244
3 0.673959 0.975479 0.0529553 0.0474294 0.461421
0 0.330918 0.923064 0.0254442 0.0691749 0.457818
9 0.704649 0.221069 0.019976 0.0252234 0.456802
9 0.154805 0.782244 0.015755 0.0570828 0.45029
3 0.638995 0.220935 0.0528938 0.040556 0.446571
3 0.07166 0.0287519 0.0337931 0.0297611 0.445866
3 0.390593 0.0438264 0.04092 0.0312305 0.427386
0 0.838498 0.659293 0.0109745 0.0464251 0.411222
3 0.26591 0.492196 0.0658161 0.0489366 0.410954
3 0.640904 0.207294 0.0527126 0.0454348 0.408506
0 0.70705 0.250412 0.00916631 0.0334276 0.399742
3 0.641075 0.197388 0.0504161 0.034192 0.38468
9 0.753249 0.397443 0.0213314 0.0328757 0.371467
9 0.754577 0.369423 0.0188806 0.0298823 0.367873
3 0.029455 0.0737911 0.0313933 0.0362503 0.343172
2 0.727605 0.304649 0.0211024 0.0269256 0.327964
0 0.205387 0.337816 0.0103033 0.0467047 0.316716
3 0.374274 0.107349 0.0475265 0.0355352 0.313833
9 0.702434 0.200381 0.0191335 0.0253857 0.304231
3 0.623631 0.0525721 0.0462895 0.0278661 0.303003
1 0.32893 0.910965 0.0274147 0.0583202 0.284195
9 0.7831 0.716056 0.0383508 0.0432054 0.251533
