3 0.285283 0.340728 0.011767 0.0468842 0.857864
3 0.231721 0.114054 0.0170925 0.0451299 0.852945
3 0.658813 0.981032 0.0124273 0.0379355 0.830135
3 0.16596 0.977565 0.0123089 0.0440592 0.82606
3 0.218145 0.347177 0.013368 0.0479816 0.81932
3 0.154168 0.336437 0.0231286 0.0226731 0.809896
3 0.185532 0.293282 0.0267566 0.0226995 0.804262
3 0.213632 0.559174 0.0116178 0.0457248 0.801775
3 0.634463 0.977222 0.0124205 0.0433625 0.797276
3 0.621431 0.196189 0.0131548 0.049228 0.79489
3 0.211096 0.983149 0.0121271 0.0327582 0.794809
3 0.620483 0.981184 0.0110921 0.0363207 0.781202
3 0.768944 0.973349 0.0250968 0.0213521 0.771222
3 0.550967 0.93943 0.0253862 0.0272247 0.769641
3 0.699367 0.982937 0.011821 0.034127 0.766604
3 0.71533 0.985239 0.0115376 0.0295213 0.764287
3 0.605935 0.98314 0.0129665 0.0337199 0.758154
3 0.467795 0.133072 0.0224815 0.0361947 0.757485
3 0.503441 0.238625 0.0125815 0.0514268 0.757449
3 0.348674 0.990275 0.0254769 0.0194499 0.752303
3 0.547181 0.980339 0.0120773 0.0354787 0.745343
3 0.470425 0.0938743 0.0233257 0.0406072 0.737854
3 0.73665 0.95926 0.0252354 0.0292426 0.729904
3 0.686268 0.98362 0.0102345 0.0327605 0.725474
3 0.467872 0.0630469 0.023114 0.037627 0.715088
3 0.342978 0.336826 0.0282789 0.0277514 0.712243
3 0.601351 0.192828 0.012244 0.0481812 0.703819
3 0.358956 0.938644 0.0252474 0.0228274 0.687414
3 0.249453 0.156947 0.0116264 0.0435022 0.650507
3 0.360039 0.963005 0.0252782 0.026098 0.575398
3 0.154017 0.268393 0.0261176 0.0201629 0.554802
3 0.517094 0.240961 0.0117831 0.0474533 0.553169
3 0.315704 0.55536 0.00994717 0.035183 0.528944
3 0.318736 0.789395 0.00848376 0.0422282 0.525604
3 0.396049 0.554706 0.0182171 0.0208203 0.515766
9 0.290901 0.830433 0.00660772 0.0290103 0.512633
3 0.178148 0.0842171 0.0124916 0.047217 0.481181
3 0.358727 0.931818 0.0242108 0.0231406 0.454468
3 0.791404 0.989941 0.0153384 0.020117 0.444905
3 0.390614 0.637242 0.0210051 0.0172193 0.392477
9 0.154643 0.245455 0.0102605 0.0127169 0.366585
3 0.348969 0.985628 0.0255009 0.0233788 0.363658
6 0.237195 0.260041 0.00907602 0.0377931 0.330179
3 0.350488 0.977204 0.0244678 0.0169634 0.328798
3 0.345606 0.461302 0.0182704 0.0328511 0.318369
3 0.744748 0.990965 0.0119096 0.0180702 0.313143
3 0.568481 0.179635 0.00987371 0.0309711 0.305956
3 0.390946 0.604181 0.0189037 0.016008 0.291066
3 0.387741 0.666068 0.0172271 0.0170711 0.268929
3 0.180414 0.605451 0.0243347 0.0257049 0.261817
3 0.679146 0.289102 0.0250954 0.0240607 0.258522
