3 0.663243 0.785586 0.0665686 0.127331 0.895792
3 0.609679 0.801572 0.072367 0.118868 0.895192
3 0.672208 0.935898 0.0898978 0.124378 0.894286
3 0.591677 0.612486 0.0475494 0.0832659 0.890972
3 0.421892 0.63077 0.0452461 0.0855857 0.888752
3 0.754434 0.767163 0.0721729 0.112623 0.887626
3 0.713303 0.783637 0.0780916 0.110651 0.882491
3 0.543975 0.945297 0.0769661 0.108046 0.87468
3 0.502416 0.82695 0.049177 0.109636 0.873799
3 0.546538 0.805881 0.0594347 0.111866 0.871504
3 0.611932 0.935827 0.0873268 0.128345 0.870672
3 0.739084 0.931081 0.0819512 0.136303 0.869532
3 0.473592 0.623828 0.043462 0.0655805 0.865411
3 0.629317 0.611241 0.0477619 0.0593192 0.864832
3 0.841146 0.90566 0.081628 0.112337 0.855374
3 0.444055 0.561783 0.0357924 0.0564071 0.85373
3 0.331579 0.51533 0.0441552 0.0545012 0.850602
3 0.330307 0.645416 0.0406212 0.0722622 0.849067
3 0.427302 0.467851 0.0317287 0.0514113 0.848549
3 0.408186 0.568532 0.038722 0.0617567 0.847669
3 0.550899 0.613704 0.0450504 0.0606267 0.847362
3 0.483427 0.562689 0.0390158 0.0622928 0.846134
3 0.337143 0.349129 0.0224198 0.0364699 0.845755
3 0.378068 0.638399 0.0424648 0.0811598 0.844745
3 0.515712 0.616611 0.0450554 0.0860921 0.839102
3 0.389412 0.842881 0.0512676 0.138816 0.836102
3 0.524082 0.559979 0.0389885 0.055006 0.832398
3 0.40165 0.943728 0.0637518 0.106388 0.830919
3 0.789333 0.914539 0.0836801 0.113359 0.829586
3 0.496654 0.427123 0.0290092 0.040888 0.82929
3 0.354111 0.31243 0.0179705 0.0296536 0.828096
3 0.446041 0.372915 0.0255062 0.0406643 0.826666
3 0.59815 0.554133 0.0477208 0.0549477 0.825229
3 0.445906 0.843203 0.0549162 0.122439 0.821687
3 0.50598 0.506422 0.0651073 0.0445125 0.820793
3 0.427243 0.375932 0.021664 0.0390406 0.820615
3 0.313481 0.471395 0.025074 0.0518021 0.819829
3 0.547105 0.460514 0.0294882 0.0492112 0.819815
3 0.39665 0.376084 0.0236465 0.0404731 0.818908
3 0.51417 0.460993 0.0326443 0.0487452 0.818639
3 0.318536 0.43726 0.0256178 0.0461831 0.815534
3 0.48361 0.462897 0.0307659 0.0518259 0.811145
3 0.391145 0.470479 0.0358716 0.0500869 0.810347
3 0.408173 0.433793 0.0297039 0.0426875 0.80996
3 0.470272 0.372031 0.0241968 0.038196 0.807903
3 0.562236 0.558093 0.0453161 0.0598363 0.804866
3 0.340422 0.375495 0.0221488 0.042465 0.804276
3 0.456438 0.461188 0.030916 0.0564974 0.798717
3 0.333398 0.311183 0.0180534 0.0313305 0.796589
3 0.368993 0.374612 0.0221953 0.0459454 0.796449
3 0.379524 0.432324 0.025839 0.0459071 0.794149
0 0.0911126 0.629 0.0107752 0.0474383 0.79263
3 0.367181 0.575081 0.0324614 0.0585052 0.792111
3 0.524514 0.424329 0.0318182 0.0406052 0.791159
3 0.433229 0.290467 0.0194405 0.0283527 0.790122
3 0.467181 0.960677 0.0729631 0.0774021 0.78868
0 0.0507978 0.868691 0.0194978 0.074844 0.785879
3 0.414405 0.352595 0.0228184 0.0340864 0.784587
0 0.173344 0.777267 0.0138508 0.0714288 0.780141
0 0.0761852 0.86399 0.0238563 0.0812369 0.779971
3 0.470698 0.427114 0.0301382 0.041012 0.775197
3 0.310752 0.312542 0.0164026 0.0297086 0.772719
0 0.129591 0.962953 0.0147371 0.0722678 0.772564
3 0.377647 0.312713 0.0165776 0.0282573 0.770628
3 0.313501 0.370716 0.0235643 0.0506354 0.752845
3 0.418648 0.311709 0.0230001 0.0337211 0.751761
3 0.34814 0.456565 0.0297527 0.0825601 0.751587
3 0.581576 0.180862 0.0133553 0.0130609 0.743035
3 0.440874 0.426469 0.0274525 0.0384558 0.739022
3 0.823432 0.26929 0.0272476 0.0219961 0.73795
0 0.523219 0.717565 0.0119093 0.0587284 0.72511
3 0.398002 0.312857 0.0178492 0.0289287 0.720345
3 0.339872 0.252543 0.0135138 0.0228549 0.701757
3 0.40337 0.268965 0.017407 0.0241431 0.700023
3 0.326866 0.270698 0.0170962 0.024583 0.690923
3 0.893101 0.31468 0.032996 0.0291014 0.681451
3 0.354373 0.233062 0.0122276 0.0231579 0.681066
3 0.44191 0.310635 0.0196875 0.0305705 0.680986
3 0.36458 0.268224 0.0160829 0.0269927 0.674374
3 0.988207 0.365569 0.0235859 0.0337772 0.651275
3 0.607085 0.250625 0.0236992 0.0262413 0.645327
3 0.309916 0.267862 0.014079 0.0253649 0.640898
3 0.3653 0.35098 0.0235892 0.0286787 0.640617
4 0.934001 0.3304 0.0417466 0.0349018 0.613869
3 0.383903 0.270619 0.0142243 0.0247067 0.613706
3 0.338948 0.286677 0.0150021 0.0267099 0.612389
2 0.0255159 0.786644 0.0298188 0.0384572 0.597379
3 0.544693 0.193284 0.0149862 0.0191522 0.594843
3 0.388701 0.34951 0.0235706 0.0276993 0.592587
3 0.371884 0.232927 0.0135874 0.0245044 0.589332
3 0.361857 0.260066 0.0173259 0.0247091 0.582016
0 0.176155 0.425769 0.010214 0.0402734 0.568852
0 0.189491 0.45799 0.00890366 0.0361465 0.546006
3 0.458679 0.346772 0.0235352 0.029955 0.534785
9 0.11963 0.710479 0.0243761 0.0563677 0.522305
2 0.0109975 0.802802 0.0217914 0.0344186 0.519179
3 0.438672 0.347765 0.0216818 0.0280963 0.515805
3 0.305933 0.252979 0.0138652 0.0225881 0.507339
0 0.173879 0.423876 0.0102642 0.0413739 0.49623
3 0.322086 0.250417 0.0146331 0.0234273 0.496182
2 0.00783744 0.848183 0.0156749 0.0419664 0.473836
3 0.523612 0.13369 0.00973892 0.0116364 0.462002
2 0.0294483 0.752936 0.0318969 0.0355606 0.446671
3 0.522439 0.176835 0.0125452 0.0179614 0.440461
3 0.865588 0.247121 0.0267509 0.0198835 0.438422
3 0.399348 0.250077 0.0204004 0.0225925 0.43794
2 0.112798 0.531855 0.019042 0.0279081 0.437871
3 0.391306 0.242323 0.022404 0.0226731 0.436781
3 0.388551 0.240367 0.0180655 0.0250365 0.416593
3 0.339888 0.231607 0.0117755 0.0204445 0.398863
3 0.305313 0.231168 0.0120259 0.0220943 0.389091
3 0.389478 0.295229 0.016942 0.0269929 0.382144
3 0.400703 0.261609 0.0196606 0.0236486 0.381087
9 0.0817334 0.696197 0.0276616 0.047925 0.376382
2 0.116322 0.518574 0.0162314 0.0279009 0.375393
9 0.07504 0.700255 0.0177013 0.0440704 0.358257
3 0.50652 0.325012 0.0306993 0.0344676 0.352278
3 0.858261 0.247644 0.0287918 0.0217918 0.346622
3 0.307984 0.295744 0.0163296 0.0300791 0.343075
3 0.511065 0.120125 0.00762138 0.011336 0.338162
3 0.367222 0.151024 0.00873537 0.0116399 0.337811
3 0.438599 0.307817 0.0224255 0.031515 0.336322
3 0.3085 0.257829 0.0152985 0.027325 0.332222
3 0.312663 0.360702 0.0230312 0.049037 0.315903
3 0.493536 0.150524 0.0116161 0.0145129 0.302522
3 0.520383 0.105604 0.00583363 0.0111035 0.293992
3 0.85993 0.250587 0.0313133 0.0219659 0.289171
3 0.541389 0.185403 0.0154501 0.0184402 0.271308
3 0.503021 0.112951 0.00903791 0.0114357 0.263472
3 0.525738 0.132165 0.0110325 0.0117128 0.25762
3 0.723799 0.279771 0.0247496 0.0255647 0.250503
