3 0.191272 0.901979 0.191503 0.193533 0.791581
4 0.403602 0.653134 0.0708495 0.164016 0.688999
3 0.404962 0.545145 0.0339342 0.0694712 0.677696
0 0.673151 0.791945 0.0332186 0.147254 0.673496
6 0.587793 0.784408 0.0710008 0.132643 0.653914
0 0.304267 0.589786 0.0155643 0.0822708 0.640317
9 0.512005 0.722499 0.0338333 0.102883 0.524942
0 0.513702 0.582705 0.0142857 0.064078 0.440002
0 0.597812 0.696257 0.0220917 0.0983561 0.410072
0 0.113991 0.788548 0.0316772 0.106701 0.405869
9 0.11731 0.66675 0.0471394 0.0736521 0.385479
0 0.265508 0.672965 0.0243203 0.104205 0.373282
9 0.109545 0.843027 0.0513683 0.0747577 0.359615
1 0.575031 0.741486 0.0303965 0.104795 0.357758
1 0.511172 0.70696 0.0315023 0.118234 0.356198
9 0.464801 0.56414 0.0140349 0.0440575 0.356049
9 0.228762 0.736074 0.046259 0.121875 0.350574
1 0.231744 0.71861 0.0375168 0.103767 0.346787
7 0.361599 0.859254 0.111734 0.276947 0.340532
3 0.427126 0.48472 0.0300371 0.0345233 0.337224
9 0.192107 0.535805 0.0200888 0.045861 0.331545
0 0.484289 0.979012 0.0191196 0.041021 0.327833
0 0.174951 0.776976 0.0384946 0.112504 0.325659
1 0.460479 0.539131 0.0134397 0.0525944 0.323513
1 0.466191 0.541292 0.0133772 0.0531627 0.323449
3 0.429339 0.488616 0.027827 0.0346693 0.312766
0 0.596438 0.711271 0.0220863 0.1179 0.311999
2 0.465053 0.564619 0.0134407 0.0425112 0.305395
3 0.362065 0.857724 0.112 0.280295 0.303379
0 0.555293 0.576437 0.015571 0.0667523 0.299945
2 0.432524 0.52223 0.0120247 0.0425998 0.292403
1 0.463397 0.53639 0.014539 0.0532116 0.286736
0 0.267929 0.682951 0.0290696 0.0988008 0.254704
0 0.51626 0.628074 0.016822 0.0708465 0.253278
