4 0.54378 0.761364 0.0563341 0.219687 0.926984
9 0.0192607 0.276472 0.0385148 0.100499 0.81809
6 0.424327 0.325964 0.0501456 0.212297 0.775681
9 0.0113198 0.199374 0.0225703 0.0394098 0.705322
9 0.0111546 0.129084 0.0223093 0.0408188 0.609511
9 0.315274 0.169621 0.0225199 0.101529 0.584744
9 0.922932 0.563187 0.0308449 0.0822454 0.542849
9 0.00990381 0.0717454 0.0198076 0.0373526 0.487579
9 0.0102698 0.052952 0.0205396 0.0342081 0.421195
0 0.0104033 0.850718 0.0205854 0.0376472 0.409314
9 0.00647144 0.022642 0.0129429 0.0414016 0.35814
9 0.00586797 0.104497 0.011677 0.0474147 0.326012
5 0.424553 0.324788 0.0502684 0.213331 0.266996
1 0.315518 0.160024 0.0210254 0.0871009 0.253801
