3 0.158853 0.833162 0.0801155 0.100111 0.896068
3 0.0876148 0.767164 0.0619914 0.0788196 0.852849
9 0.0887901 0.953431 0.0336936 0.0558864 0.715702
3 0.932473 0.198189 0.0365696 0.0271227 0.678158
1 0.0569941 0.967813 0.0184226 0.0467322 0.636814
7 0.236975 0.907345 0.0697853 0.0957655 0.59902
9 0.0897695 0.665082 0.0232922 0.037675 0.567716
1 0.0814821 0.947786 0.0183227 0.051338 0.55686
9 0.120603 0.728051 0.0275004 0.0439426 0.506713
9 0.0558054 0.976699 0.0262727 0.0455716 0.484756
9 0.42864 0.839776 0.0271219 0.0508162 0.466436
1 0.089521 0.656796 0.01459 0.0408752 0.406214
9 0.0667288 0.565879 0.0170786 0.0412172 0.394913
6 0.236654 0.90686 0.0694624 0.0944415 0.349692
3 0.383464 0.983229 0.0919571 0.0316657 0.346078
9 0.036521 0.522474 0.0136286 0.0373585 0.339661
3 0.935415 0.234804 0.035242 0.0310754 0.325606
3 0.931182 0.295228 0.0304401 0.0325057 0.28141
6 0.148663 0.971809 0.0461693 0.0550229 0.279747
9 0.0860814 0.690343 0.0235358 0.0335276 0.251852
