3 0.0731434 0.682151 0.0859964 0.068659 0.861303
4 0.643732 0.821711 0.050524 0.111697 0.858647
3 0.150885 0.670927 0.0580318 0.0613688 0.819777
3 0.599745 0.500424 0.0230904 0.0360375 0.789251
3 0.508476 0.479263 0.0292686 0.0298146 0.78391
3 0.25593 0.724342 0.068113 0.0904297 0.752759
3 0.5466 0.42733 0.0155405 0.0246073 0.719385
3 0.114574 0.718389 0.0581534 0.0746786 0.682537
3 0.257365 0.580841 0.0578521 0.0482013 0.675265
1 0.726274 0.765282 0.0162822 0.0460175 0.671818
3 0.502919 0.409462 0.0127445 0.022239 0.671684
4 0.0443401 0.761141 0.0885601 0.101411 0.669618
3 0.283183 0.566928 0.0554236 0.0433948 0.655192
3 0.203878 0.490553 0.0387759 0.028406 0.650198
1 0.5563 0.610777 0.0107477 0.0380288 0.649612
0 0.378802 0.502426 0.0069386 0.029806 0.62852
9 0.725816 0.777457 0.0175696 0.0527529 0.624019
9 0.55931 0.627582 0.0268061 0.0378777 0.585292
3 0.318432 0.514366 0.0404552 0.038804 0.582669
3 0.492373 0.447851 0.0191294 0.0304064 0.567675
3 0.545018 0.372786 0.0122543 0.0173166 0.558415
0 0.352094 0.514219 0.00836258 0.0326197 0.528295
3 0.528463 0.361516 0.00714102 0.0151332 0.504395
0 0.136689 0.579085 0.00973133 0.0380648 0.446556
0 0.344127 0.514172 0.0059845 0.0324653 0.392091
3 0.51728 0.354971 0.00882721 0.0163855 0.380406
3 0.242924 0.619956 0.0470573 0.0450544 0.378314
3 0.275694 0.570541 0.0671344 0.0427923 0.370544
3 0.157467 0.483538 0.0289902 0.0343475 0.370212
3 0.261323 0.572626 0.0616719 0.0450144 0.367057
6 0.454155 0.602035 0.0200438 0.0492174 0.360639
0 0.143547 0.603834 0.00923085 0.0323945 0.345944
9 0.105956 0.611426 0.0265737 0.031263 0.316217
9 0.0279155 0.618121 0.0195375 0.0321477 0.305289
3 0.468487 0.552736 0.021715 0.0391493 0.300937
3 0.401441 0.428509 0.0211515 0.0255423 0.298733
3 0.564072 0.331992 0.00969898 0.0120156 0.292146
3 0.291862 0.532373 0.040522 0.0401535 0.285053
3 0.559553 0.328315 0.00705225 0.0113776 0.269731
