0 0.589302 0.590093 0.0323351 0.146906 0.843144
0 0.113316 0.436136 0.0397693 0.102894 0.814639
0 0.792809 0.525877 0.0278487 0.131151 0.789636
0 0.438147 0.446832 0.0261364 0.106832 0.770534
0 0.37597 0.499521 0.0354334 0.115758 0.762398
0 0.497555 0.518812 0.0305635 0.11973 0.757396
0 0.328221 0.37268 0.0205602 0.0820179 0.746083
0 0.268964 0.360564 0.0241827 0.083242 0.729923
0 0.554342 0.465729 0.0259178 0.105512 0.728616
1 0.0483531 0.594516 0.0391109 0.0747812 0.693599
0 0.199653 0.422757 0.0265955 0.118575 0.684915
0 0.397417 0.323701 0.0187815 0.0713226 0.683178
0 0.0263178 0.27657 0.0139366 0.0488512 0.670189
0 0.00845526 0.448016 0.0169105 0.112895 0.662736
0 0.0125408 0.609251 0.0250256 0.135384 0.634296
0 0.240153 0.377101 0.0188112 0.0884218 0.630243
0 0.486975 0.320955 0.0140472 0.0662695 0.619482
0 0.305046 0.38204 0.0222162 0.0826531 0.613447
0 0.586012 0.345173 0.0175407 0.0725881 0.597256
0 0.502365 0.426849 0.0207977 0.110116 0.58417
0 0.538067 0.410639 0.0204925 0.0914911 0.577627
0 0.691072 0.309084 0.017714 0.0636212 0.576753
0 0.0099176 0.652344 0.0198352 0.224749 0.562259
0 0.81827 0.289153 0.00992737 0.0459234 0.561955
0 0.558758 0.237409 0.00890007 0.0422521 0.546374
1 0.268487 0.676838 0.0473871 0.107909 0.545791
9 0.859982 0.238437 0.0193588 0.0340488 0.528765
0 0.438313 0.307103 0.0134481 0.0674979 0.524172
9 0.907197 0.241949 0.0228367 0.0320387 0.52406
0 0.154779 0.264703 0.0141987 0.0546567 0.520441
0 0.10903 0.237453 0.0120626 0.0459875 0.512848
0 0.134992 0.257595 0.0112942 0.0450283 0.511564
0 0.0718619 0.259122 0.0147538 0.0433195 0.490494
0 0.790512 0.278476 0.0133249 0.0564891 0.487746
2 0.172722 0.5644 0.0648211 0.0813354 0.487273
2 0.290295 0.683208 0.0939489 0.0916075 0.480014
0 0.550281 0.383566 0.0189871 0.0771614 0.472438
0 0.00892448 0.68662 0.017849 0.156726 0.468292
0 0.759132 0.266754 0.0135399 0.0443301 0.461379
0 0.268975 0.228642 0.00966385 0.0369541 0.458304
1 0.238739 0.536798 0.0360449 0.105496 0.457141
0 0.541922 0.235252 0.0093298 0.0371674 0.451033
0 0.508844 0.332675 0.0157988 0.0776933 0.449748
0 0.224335 0.390172 0.0184874 0.0933719 0.448248
0 0.72236 0.266641 0.0108374 0.0443386 0.445347
0 0.611688 0.334712 0.0159769 0.0659896 0.431245
0 0.595147 0.260368 0.0108554 0.0457746 0.412656
0 0.756495 0.265439 0.0155796 0.0456344 0.410207
0 0.626612 0.314446 0.0159859 0.07004 0.410073
1 0.25492 0.497341 0.0268864 0.079176 0.404708
1 0.353062 0.366422 0.0160509 0.0484885 0.386359
0 0.178167 0.259182 0.0133304 0.0492386 0.38084
0 0.527488 0.22759 0.00807552 0.0316009 0.38024
0 0.410821 0.273197 0.0122353 0.039882 0.37901
0 0.994403 0.278745 0.0107437 0.0526427 0.372897
0 0.546165 0.306654 0.0118872 0.0596222 0.371799
0 0.630571 0.311401 0.0141109 0.0722288 0.371016
0 0.143312 0.258424 0.0110287 0.0449947 0.367807
0 0.266028 0.229021 0.0092422 0.0373363 0.365551
0 0.990928 0.277586 0.0152641 0.0497501 0.347941
0 0.459202 0.223747 0.008778 0.0292354 0.338373
0 0.470766 0.253849 0.00999654 0.0395523 0.335789
0 0.254766 0.499246 0.0272248 0.0825538 0.335463
0 0.474914 0.295058 0.0137877 0.0672149 0.333601
0 0.730748 0.234795 0.00886002 0.0313271 0.332814
0 0.572875 0.303509 0.0118384 0.0618192 0.328395
0 0.319523 0.232804 0.00944853 0.039773 0.328291
0 0.218756 0.41871 0.0216148 0.0906149 0.322951
0 0.543683 0.404786 0.0191036 0.0959595 0.32072
0 0.806637 0.246498 0.00885925 0.0393742 0.318796
0 0.602266 0.257085 0.00941035 0.0455198 0.316594
0 0.235617 0.38396 0.0257088 0.086136 0.316501
0 0.240934 0.535772 0.0384208 0.102538 0.314193
0 0.327136 0.228169 0.00871038 0.0365067 0.312088
1 0.231438 0.547722 0.0247483 0.0990023 0.306071
0 0.326377 0.234263 0.0105879 0.0443788 0.304585
0 0.695506 0.255257 0.0111296 0.0432634 0.294024
0 0.621013 0.271815 0.0107742 0.0475812 0.29229
0 0.189284 0.2558 0.00998898 0.0350389 0.288858
0 0.65585 0.323465 0.0181349 0.065599 0.283116
0 0.111361 0.269643 0.0140577 0.0510644 0.282405
0 0.80626 0.263363 0.00960299 0.0529825 0.28226
0 0.692332 0.258238 0.0106106 0.0448591 0.282175
0 0.787665 0.274999 0.0129087 0.0513508 0.274041
0 0.583064 0.2626 0.00998294 0.0453429 0.266787
0 0.792762 0.244111 0.0125437 0.0422067 0.263527
3 0.417387 0.92319 0.223404 0.151601 0.261117
9 0.429566 0.217191 0.0119489 0.0226922 0.26059
1 0.654615 0.325998 0.0185912 0.0616265 0.259975
0 0.352745 0.366442 0.0174787 0.048772 0.251089
0 0.306827 0.228602 0.00883188 0.0316223 0.250877
