3 0.927045 0.759528 0.1211 0.0984409 0.920373
3 0.174736 0.92983 0.126476 0.116101 0.909567
3 0.815209 0.582125 0.0576681 0.0952056 0.899015
3 0.499496 0.89376 0.0561556 0.178667 0.886285
3 0.206802 0.844684 0.124284 0.101297 0.881347
3 0.582457 0.440036 0.029024 0.0706937 0.874115
3 0.231135 0.771446 0.11906 0.087911 0.870351
3 0.280565 0.643902 0.0982592 0.0774265 0.870334
3 0.251315 0.697368 0.104453 0.0845645 0.864481
3 0.342865 0.382852 0.0411596 0.077576 0.855384
3 0.973681 0.563888 0.052174 0.0693978 0.847866
3 0.505549 0.463245 0.0329657 0.079855 0.841591
3 0.455027 0.642219 0.0906141 0.0779734 0.837208
3 0.782025 0.245077 0.0532551 0.0359819 0.830078
3 0.418824 0.259812 0.0214425 0.0382796 0.82437
4 0.443662 0.314736 0.0604181 0.0548254 0.808787
3 0.960706 0.512046 0.0772755 0.0590805 0.802
3 0.450888 0.26697 0.0270334 0.0417462 0.797124
3 0.909506 0.431555 0.0788021 0.054582 0.793777
3 0.845012 0.247958 0.0514633 0.0372963 0.792386
3 0.588951 0.106262 0.0147768 0.0246484 0.788928
3 0.591951 0.143766 0.0162941 0.0276324 0.788729
0 0.370751 0.538046 0.0124803 0.0532677 0.785818
3 0.943541 0.469935 0.0785156 0.0554808 0.77706
3 0.912395 0.25129 0.054655 0.0345694 0.765531
3 0.702535 0.148547 0.0383799 0.0273648 0.739249
4 0.894268 0.391854 0.0714882 0.0550806 0.739174
9 0.305403 0.435896 0.0258264 0.0290133 0.726961
3 0.449732 0.407719 0.0582492 0.0491609 0.722427
4 0.274285 0.325924 0.0392605 0.0666611 0.720381
0 0.385995 0.533729 0.0110067 0.0491446 0.70969
3 0.454609 0.367775 0.0596187 0.0498293 0.707398
3 0.979004 0.252526 0.0407471 0.0328136 0.702814
3 0.866807 0.171151 0.0416674 0.0319041 0.692207
3 0.889008 0.337732 0.065313 0.0435353 0.685148
9 0.40819 0.583779 0.022163 0.0466117 0.665425
3 0.418829 0.227196 0.041428 0.0374602 0.661757
3 0.30062 0.253167 0.0278829 0.0490002 0.659947
4 0.44533 0.693598 0.0914984 0.0917694 0.656218
0 0.381671 0.398402 0.00915613 0.0448473 0.609941
4 0.736765 0.164318 0.035335 0.0338989 0.603638
3 0.992344 0.625177 0.0148346 0.0810703 0.539166
3 0.893224 0.364897 0.0674366 0.0468724 0.53581
3 0.895927 0.39078 0.0676149 0.0533679 0.489005
9 0.355627 0.264332 0.0158294 0.0248027 0.473364
9 0.654125 0.151109 0.0142333 0.0208885 0.437925
1 0.666767 0.291794 0.0078143 0.0308319 0.426225
0 0.400883 0.353492 0.0107405 0.0410982 0.415911
9 0.341839 0.260624 0.00918808 0.0267256 0.398656
1 0.504992 0.210484 0.00700818 0.0222551 0.397819
0 0.394725 0.234311 0.00807787 0.0312038 0.385388
0 0.375627 0.3628 0.00898561 0.0388865 0.358514
3 0.890804 0.345861 0.0670372 0.0456106 0.313925
3 0.281788 0.22254 0.0407948 0.0347628 0.306867
9 0.323415 0.260146 0.00967908 0.0272965 0.301416
0 0.382836 0.381319 0.00976522 0.0369285 0.291873
3 0.353023 0.195294 0.0604696 0.0305759 0.279532
1 0.652586 0.249883 0.00860587 0.0273812 0.271838
9 0.665906 0.301535 0.00932209 0.0295919 0.267086
3 0.347562 0.191911 0.053924 0.0320827 0.258828
