3 0.928201 0.751553 0.0935601 0.181115 0.926762
4 0.85705 0.809081 0.109232 0.276295 0.921578
4 0.4565 0.718517 0.109503 0.260053 0.918083
3 0.44349 0.540567 0.0569696 0.171742 0.893862
3 0.444978 0.341437 0.069404 0.101271 0.884027
3 0.521379 0.374417 0.0401446 0.0902245 0.881778
3 0.415851 0.935275 0.078096 0.128485 0.877743
3 0.462679 0.225758 0.0377137 0.100728 0.860143
3 0.66996 0.105131 0.034668 0.0664232 0.844809
3 0.635991 0.0294293 0.0321619 0.057301 0.842067
3 0.922589 0.0835737 0.0677043 0.0525082 0.83
3 0.509185 0.190893 0.0331613 0.0811762 0.82269
9 0.247402 0.725229 0.0437622 0.0764147 0.785245
0 0.643739 0.410212 0.0129635 0.0626929 0.780915
0 0.319458 0.477837 0.0188221 0.067937 0.760414
0 0.291081 0.772468 0.0178763 0.0708221 0.746961
3 0.465057 0.154461 0.0334181 0.0761891 0.728606
3 0.590634 0.0187834 0.0298133 0.0350704 0.714861
0 0.627192 0.406068 0.0141317 0.0642061 0.711621
9 0.555057 0.854324 0.0185925 0.0852351 0.702331
0 0.36832 0.161614 0.010388 0.0484446 0.690725
0 0.282055 0.597162 0.018365 0.0718514 0.675257
0 0.496243 0.0617027 0.0100175 0.0379638 0.669111
9 0.371948 0.587736 0.0410023 0.0474514 0.642968
3 0.595362 0.294518 0.0411118 0.0857901 0.617845
0 0.200983 0.703863 0.0203576 0.0678643 0.609862
9 0.393332 0.320932 0.0375002 0.046238 0.60795
0 0.260352 0.585507 0.0203929 0.0688994 0.605503
0 0.482561 0.068053 0.00978528 0.0360426 0.592049
0 0.32191 0.435084 0.0127035 0.0505257 0.539586
0 0.33428 0.452055 0.0131726 0.0648276 0.532131
6 0.361749 0.413364 0.0285122 0.0538855 0.502338
9 0.967608 0.0635055 0.0260084 0.0297638 0.486347
0 0.265714 0.589173 0.0169045 0.0711596 0.440332
0 0.343651 0.22454 0.0119328 0.0507589 0.386602
6 0.725669 0.1091 0.0258728 0.0350879 0.38045
4 0.39201 0.0963672 0.0817154 0.0681408 0.374058
1 0.788973 0.0995047 0.01125 0.0434451 0.368602
2 0.359062 0.188017 0.0198927 0.0316221 0.364022
9 0.346842 0.478198 0.0280564 0.0455846 0.359123
1 0.718034 0.0993984 0.0107383 0.0419798 0.348622
9 0.231909 0.534853 0.0277118 0.0580175 0.344886
0 0.286529 0.600686 0.0231318 0.0737399 0.332543
9 0.342285 0.480134 0.0195869 0.0443108 0.300868
1 0.554794 0.838256 0.0196333 0.0607768 0.294671
0 0.307567 0.806187 0.0154543 0.0500302 0.294374
0 0.333992 0.44284 0.0126295 0.0532939 0.288098
3 0.390546 0.101856 0.077941 0.0644446 0.287861
6 0.355493 0.0462144 0.0190595 0.0430598 0.281817
9 0.40911 0.283013 0.0410714 0.0309515 0.280339
0 0.996018 0.149355 0.00796464 0.0449321 0.276824
9 0.397226 0.555789 0.0196571 0.0513366 0.25336
9 0.285189 0.406395 0.0150486 0.0603531 0.25173
