3 0.445367 0.834926 0.0488743 0.158699 0.913218
3 0.437526 0.347269 0.0264043 0.0571446 0.885483
3 0.423405 0.482264 0.0327989 0.0728778 0.872438
3 0.514212 0.450907 0.0291072 0.0555888 0.865401
4 0.54765 0.775329 0.049756 0.124976 0.848267
3 0.457919 0.203063 0.0174065 0.0336862 0.813387
3 0.494877 0.0603043 0.010161 0.015842 0.701439
3 0.466552 0.137692 0.0304525 0.0228597 0.698577
3 0.424817 0.210008 0.0217667 0.0310718 0.693058
0 0.591751 0.459192 0.00873956 0.0528999 0.570804
1 0.6026 0.618949 0.0127087 0.0491019 0.53634
3 0.220241 0.891121 0.132571 0.126587 0.509106
3 0.512249 0.123108 0.0300335 0.0195597 0.474479
3 0.468632 0.141532 0.0313185 0.0235152 0.462167
1 0.44824 0.271978 0.00898029 0.0260357 0.454208
3 0.248278 0.762849 0.127922 0.105884 0.450425
3 0.523998 0.133195 0.0280247 0.0176789 0.444586
3 0.755822 0.830379 0.11045 0.075535 0.43099
3 0.469717 0.0918135 0.0104185 0.0188174 0.408811
9 0.448432 0.282685 0.00942841 0.0247747 0.405757
3 0.732201 0.771848 0.105969 0.0715427 0.397271
3 0.488979 0.0345689 0.00774994 0.0141938 0.383579
5 0.22036 0.891141 0.132329 0.131386 0.380461
3 0.518507 0.129219 0.032867 0.0206475 0.368358
9 0.498465 0.354848 0.0290592 0.0257755 0.362161
2 0.602305 0.631555 0.012158 0.0475408 0.343783
9 0.544387 0.287655 0.00667276 0.0278724 0.310494
1 0.496624 0.342411 0.00815964 0.0270762 0.280218
0 0.491894 0.112386 0.00507449 0.0167342 0.264254
3 0.489952 0.0365768 0.00786021 0.0157456 0.25895
3 0.489186 0.0262085 0.00917426 0.0119635 0.253575
