3 0.825539 0.892601 0.117981 0.136487 0.913171
3 0.812368 0.783828 0.110001 0.136112 0.908075
3 0.940803 0.844432 0.103299 0.0864295 0.900733
3 0.503084 0.662281 0.0936495 0.0911809 0.892944
3 0.621683 0.750506 0.0940098 0.0845686 0.892379
3 0.927248 0.669732 0.0934391 0.0894229 0.891806
3 0.939041 0.750433 0.0989235 0.0949256 0.891212
3 0.482943 0.854441 0.10847 0.103569 0.888792
3 0.79586 0.502794 0.08083 0.0998218 0.884544
3 0.256444 0.599561 0.0860545 0.0762272 0.883797
3 0.805814 0.643184 0.0996884 0.112804 0.882505
3 0.463026 0.950129 0.114228 0.0960263 0.882157
3 0.143761 0.91726 0.1146 0.100179 0.880923
3 0.790642 0.333899 0.0691933 0.0803388 0.877675
3 0.793166 0.396939 0.0653946 0.0744483 0.876734
3 0.292652 0.4445 0.0698319 0.0581863 0.875385
3 0.969305 0.181262 0.0601433 0.0628315 0.873353
4 0.547858 0.338194 0.0742047 0.0849584 0.872083
3 0.282883 0.507814 0.0787448 0.0680409 0.871734
3 0.524628 0.503446 0.0724467 0.0746607 0.868717
3 0.337415 0.323645 0.0723535 0.0558003 0.860997
3 0.91884 0.594712 0.0976098 0.0797342 0.860495
4 0.383458 0.190166 0.0817929 0.0790192 0.859671
3 0.625311 0.671718 0.0951177 0.075344 0.856256
3 0.535173 0.446004 0.0766245 0.0675429 0.85339
3 0.907504 0.522144 0.0872048 0.0661769 0.849737
3 0.181241 0.802564 0.110084 0.0935154 0.847832
3 0.323944 0.376601 0.0780942 0.0653254 0.838397
3 0.399521 0.0948762 0.0524337 0.0517254 0.823137
3 0.414083 0.0624243 0.0588802 0.0430061 0.822939
3 0.961633 0.0906585 0.0599598 0.051274 0.81322
3 0.663374 0.121325 0.0601513 0.0621503 0.812965
3 0.795127 0.571291 0.0788581 0.0891217 0.797173
3 0.657652 0.083524 0.0553514 0.0556973 0.787148
3 0.65539 0.0533716 0.0533411 0.0562039 0.752508
3 0.941644 0.0330129 0.057801 0.0552704 0.752111
3 0.424454 0.0316795 0.0558307 0.0392364 0.731771
0 0.958551 0.239377 0.013797 0.0388641 0.711562
2 0.904713 0.230602 0.0164379 0.0395391 0.49134
1 0.903462 0.225309 0.0128757 0.0415844 0.333953
1 0.906298 0.22394 0.0140906 0.0378294 0.329564
9 0.872162 0.490854 0.0233295 0.0404912 0.301051
