3 0.390302 0.35683 0.048155 0.0802566 0.899864
3 0.459132 0.446201 0.0499329 0.104658 0.89932
3 0.568414 0.505655 0.0509064 0.104078 0.88397
3 0.550948 0.275685 0.0568375 0.0742417 0.880783
5 0.340263 0.266452 0.0534771 0.11129 0.87372
3 0.498797 0.31332 0.0380355 0.0752042 0.867689
5 0.451392 0.103586 0.0492404 0.141676 0.861895
5 0.379542 0.11442 0.03351 0.0788535 0.861873
5 0.495136 0.0489397 0.0271551 0.0689123 0.860246
3 0.544909 0.204597 0.0693858 0.0558135 0.84831
3 0.357561 0.189835 0.0344466 0.0619058 0.844391
5 0.566491 0.360926 0.04002 0.105601 0.834629
3 0.530258 0.14575 0.0320763 0.0463784 0.829501
3 0.582562 0.175965 0.059935 0.04981 0.739954
5 0.464476 0.212159 0.0428808 0.11356 0.73423
5 0.201543 0.454386 0.0938137 0.133747 0.72834
3 0.400506 0.039688 0.019783 0.0358173 0.728183
5 0.0367907 0.903737 0.0735815 0.18996 0.657032
0 0.855802 0.52929 0.0154246 0.0826497 0.633351
0 0.415436 0.0367557 0.00704404 0.0325904 0.579506
0 0.846236 0.51773 0.0203827 0.0818466 0.567592
9 0.331712 0.104956 0.013289 0.0223278 0.5211
4 0.531671 0.0307179 0.0270608 0.0551129 0.502661
3 0.588641 0.104359 0.0509789 0.0402309 0.455605
0 0.850088 0.524357 0.0238393 0.0917581 0.341729
3 0.571473 0.0484612 0.0419461 0.0340488 0.330621
3 0.531708 0.0320186 0.0258633 0.0551451 0.305829
3 0.587766 0.0851813 0.052453 0.0369239 0.295754
6 0.200695 0.454975 0.0944469 0.131206 0.284654
3 0.606386 0.122198 0.0579393 0.0427157 0.266473
