0 0.907115 0.768398 0.0338887 0.109876 0.80329
0 0.4864 0.630979 0.0227885 0.106597 0.79213
0 0.763564 0.406902 0.0166233 0.074095 0.791794
0 0.504553 0.630457 0.0204065 0.100339 0.788213
0 0.872025 0.759426 0.0254954 0.1114 0.782928
0 0.272647 0.438326 0.0177478 0.0621646 0.759991
0 0.555285 0.270151 0.0115194 0.0516947 0.756341
0 0.870141 0.379038 0.019569 0.0661577 0.75566
0 0.49591 0.398785 0.0134016 0.0742503 0.754688
0 0.712336 0.358003 0.0180909 0.0632392 0.754592
0 0.676704 0.232678 0.00961263 0.0456973 0.729355
0 0.0508962 0.377655 0.0196555 0.0747767 0.726672
0 0.50365 0.106356 0.00556107 0.0342745 0.721422
1 0.0870886 0.781575 0.0421495 0.0980784 0.715607
0 0.677525 0.422449 0.0179318 0.0769339 0.710233
0 0.0786898 0.386046 0.0146725 0.0718229 0.707875
0 0.722361 0.181432 0.00998212 0.0453017 0.703946
0 0.484598 0.164214 0.00901794 0.0409428 0.703761
0 0.563563 0.161581 0.00877838 0.0434912 0.694422
0 0.0677473 0.113163 0.00861623 0.0352349 0.67931
0 0.47816 0.401185 0.0151154 0.0768117 0.671202
0 0.580596 0.110573 0.0070422 0.0360761 0.665189
0 0.454003 0.146915 0.00732328 0.0345779 0.664875
0 0.663755 0.229754 0.0106373 0.0478513 0.662064
0 0.968586 0.174892 0.0110996 0.0441648 0.653014
0 0.890082 0.292358 0.0129123 0.0527893 0.650624
0 0.590004 0.123465 0.00754758 0.0345642 0.649272
0 0.859603 0.286474 0.0129876 0.0561118 0.640713
0 0.641159 0.153387 0.00681229 0.0392933 0.637539
0 0.761686 0.175622 0.0081481 0.04974 0.63047
0 0.384907 0.222851 0.011449 0.0501494 0.627432
0 0.818161 0.304455 0.0128177 0.060933 0.621021
0 0.878441 0.0819237 0.00699499 0.0295509 0.617362
0 0.816688 0.127816 0.00684734 0.0335162 0.606862
0 0.682126 0.125556 0.00733109 0.034075 0.606236
0 0.848111 0.193662 0.0110623 0.0409235 0.60483
0 0.229823 0.507435 0.016901 0.0834708 0.588764
9 0.987518 0.363164 0.024963 0.0375132 0.588173
0 0.607975 0.159642 0.00754242 0.0381824 0.587279
0 0.84072 0.287555 0.00892603 0.0546912 0.581587
0 0.289221 0.112414 0.00716824 0.0351466 0.576749
0 0.639596 0.153338 0.00737525 0.0396453 0.571416
0 0.829183 0.306303 0.0131487 0.0587793 0.565133
0 0.926623 0.189779 0.00993078 0.0435454 0.560086
0 0.89694 0.267496 0.015121 0.0478174 0.559459
0 0.848289 0.287413 0.0136517 0.0562286 0.55127
0 0.98926 0.147383 0.0104297 0.0349419 0.546051
0 0.235116 0.184733 0.0078951 0.0412571 0.544836
0 0.854281 0.138971 0.00773468 0.0353235 0.543015
0 0.83231 0.301591 0.0119893 0.0621654 0.54123
0 0.806823 0.124226 0.00724083 0.0361549 0.533994
0 0.850619 0.285709 0.0115353 0.0561437 0.533204
0 0.86243 0.0697408 0.00620575 0.0275944 0.531711
0 0.51587 0.0697952 0.00602745 0.0246507 0.521993
0 0.870814 0.135943 0.00898204 0.0340869 0.520338
1 0.0260048 0.918792 0.0520095 0.0954807 0.517449
0 0.272317 0.143455 0.00756484 0.0354459 0.515529
0 0.657796 0.150857 0.0076127 0.0383535 0.512375
0 0.87561 0.28893 0.0146713 0.0583996 0.511056
0 0.944531 0.0843444 0.00620207 0.027079 0.506581
0 0.244592 0.187577 0.00805857 0.0441304 0.502481
0 0.564006 0.0819876 0.00590641 0.0299078 0.502413
0 0.9283 0.160119 0.0082077 0.0340211 0.502318
1 0.932541 0.837241 0.027383 0.0656701 0.496503
0 0.965982 0.133263 0.00810053 0.0363692 0.492117
0 0.912035 0.170642 0.0088396 0.0326992 0.487815
0 0.701647 0.147778 0.0092287 0.0334207 0.47559
0 0.494685 0.091892 0.0051073 0.0306224 0.470932
0 0.977457 0.0882687 0.00796814 0.0309612 0.466256
1 0.175719 0.594366 0.031771 0.0774592 0.466237
0 0.462193 0.0799177 0.00539842 0.0299783 0.465732
0 0.92773 0.0826168 0.00716167 0.0278844 0.462601
0 0.902268 0.0728641 0.00803986 0.0287916 0.460219
0 0.0169064 0.107622 0.00834115 0.0330562 0.454737
0 0.964061 0.132395 0.00786169 0.0337858 0.448847
0 0.19866 0.152973 0.00982365 0.0373921 0.447607
0 0.493007 0.101828 0.00629519 0.0338758 0.443223
0 0.528117 0.0912647 0.00655221 0.0379228 0.439877
0 0.912935 0.078273 0.0067951 0.0269102 0.439707
0 0.0425455 0.112964 0.00976405 0.0401975 0.438985
0 0.206761 0.154288 0.00804262 0.0365083 0.435074
0 0.749068 0.165021 0.0106361 0.0405859 0.43364
0 0.538429 0.0770851 0.00597516 0.0294988 0.429776
0 0.794633 0.131274 0.00744494 0.0316185 0.42927
0 0.95285 0.0885604 0.00704076 0.0287112 0.428493
0 0.223428 0.128 0.00947867 0.0393148 0.428419
0 0.833739 0.286235 0.0125927 0.0499691 0.424128
0 0.862657 0.282139 0.0122165 0.052748 0.419847
0 0.606066 0.0852774 0.00538169 0.0292082 0.41708
0 0.263015 0.388889 0.0125085 0.0641812 0.409466
6 0.592086 0.176984 0.0240562 0.0379181 0.407567
0 0.695703 0.0525367 0.00570688 0.0268893 0.402608
0 0.720717 0.112593 0.00650271 0.032981 0.393918
0 0.669838 0.124372 0.00858554 0.033106 0.391321
1 0.162194 0.603527 0.0198905 0.0700519 0.391039
0 0.964394 0.0811656 0.00927304 0.0287111 0.38963
0 0.84583 0.109667 0.0080728 0.031115 0.389509
0 0.943496 0.131538 0.00766063 0.0340293 0.38939
0 0.87505 0.298804 0.014623 0.0765542 0.388034
0 0.853461 0.106741 0.00652313 0.0358654 0.386467
0 0.44298 0.113677 0.00661585 0.0346964 0.385524
0 0.473114 0.403282 0.0123834 0.0739877 0.383047
0 0.428757 0.133923 0.00693705 0.0326549 0.380737
0 0.65891 0.146558 0.00671046 0.0347552 0.379463
0 0.452717 0.110579 0.00718249 0.0301182 0.379432
0 0.484083 0.0716973 0.00598602 0.0253535 0.377431
0 0.864821 0.067273 0.00803788 0.0288374 0.368488
0 0.470685 0.108561 0.00560837 0.0329433 0.364369
0 0.485281 0.0878531 0.0058749 0.0344643 0.363075
0 0.862071 0.136209 0.00740895 0.0338423 0.362978
0 0.540327 0.0809511 0.00708304 0.0284875 0.356386
0 0.79227 0.111802 0.00732422 0.0320491 0.355578
0 0.96641 0.0720222 0.0094267 0.0292817 0.353144
0 0.814946 0.0683784 0.00792075 0.0296938 0.348238
0 0.519937 0.135669 0.00526707 0.0303003 0.336705
0 0.662249 0.0892716 0.00588262 0.0325542 0.335666
0 0.953247 0.0659483 0.00626257 0.0232725 0.333662
0 0.842933 0.0656053 0.0064533 0.0301188 0.333545
0 0.762984 0.170714 0.0115356 0.0430159 0.332875
0 0.915934 0.0801338 0.00636821 0.0274178 0.331387
0 0.891258 0.0495092 0.00613879 0.0229954 0.330292
0 0.0304515 0.129875 0.00916068 0.0362151 0.32984
0 0.782742 0.0930412 0.0078029 0.029512 0.329223
0 0.479651 0.111864 0.00419684 0.0324296 0.328947
0 0.0449556 0.125806 0.0117493 0.0322529 0.328074
0 0.69927 0.148897 0.0110409 0.0326603 0.325279
0 0.802082 0.0404799 0.0083409 0.0226364 0.321353
0 0.674109 0.355444 0.0108494 0.0423655 0.318983
0 0.438174 0.11722 0.00627154 0.0310146 0.318404
0 0.551901 0.0834126 0.0088023 0.0289143 0.314278
0 0.917661 0.142667 0.00856243 0.0288489 0.307684
1 0.171089 0.599305 0.0330458 0.0744441 0.304287
9 0.438579 0.164369 0.00902768 0.0267527 0.299765
0 0.472037 0.12229 0.0066465 0.0340106 0.297527
1 0.0177604 0.917636 0.0355208 0.0917107 0.296883
0 0.334889 0.0293231 0.00732583 0.022049 0.296722
0 0.461621 0.112086 0.00593854 0.0297151 0.296129
0 0.565958 0.0705927 0.00570185 0.025124 0.294779
0 0.812616 0.0709291 0.00586395 0.0304898 0.294202
0 0.727538 0.0505831 0.00744611 0.02479 0.293416
0 0.555873 0.0507015 0.00622289 0.0251811 0.292794
0 0.992839 0.147821 0.0112457 0.0360837 0.290008
1 0.0681704 0.82691 0.0405032 0.0938473 0.287447
0 0.711219 0.119604 0.00727768 0.0289369 0.28664
0 0.157606 0.0922301 0.00733361 0.036465 0.286372
0 0.471736 0.0879938 0.00605747 0.0279149 0.280282
1 0.21995 0.476506 0.0180369 0.0702212 0.27994
0 0.471447 0.0777454 0.00550097 0.0254294 0.279605
0 0.335894 0.028841 0.00541916 0.0241309 0.279453
0 0.919859 0.0669585 0.00634532 0.0259568 0.279285
0 0.328317 0.393069 0.0178235 0.0537038 0.275468
0 0.760202 0.168381 0.00814083 0.043059 0.274562
0 0.286614 0.110882 0.0107296 0.0348243 0.274165
0 0.928976 0.0735668 0.00593953 0.0289169 0.271832
0 0.977812 0.151205 0.0112537 0.0331224 0.27177
0 0.21837 0.472204 0.0152562 0.0621725 0.271554
0 0.0089185 0.151689 0.010232 0.0321863 0.271476
0 0.837147 0.0702489 0.00679528 0.0273689 0.271299
0 0.859241 0.10285 0.0066908 0.0324746 0.270308
0 0.945438 0.158157 0.00869329 0.0286038 0.269319
0 0.0200838 0.919531 0.0401409 0.0907113 0.266539
0 0.347015 0.0564251 0.00656958 0.0289878 0.260393
0 0.220768 0.492416 0.0161845 0.0880991 0.259509
0 0.9867 0.0857167 0.00732099 0.0276999 0.258503
0 0.771033 0.110506 0.00685981 0.0277295 0.25759
0 0.993811 0.0938273 0.00991893 0.0224652 0.257234
0 0.528588 0.0712751 0.00643311 0.0263401 0.257145
0 0.354706 0.0582009 0.00628404 0.0286145 0.254495
1 0.00803152 0.965758 0.016063 0.0682007 0.253921
0 0.34596 0.0257971 0.00540785 0.023669 0.253856
0 0.282483 0.393974 0.0139019 0.0658278 0.250411
