6 0.566119 0.661863 0.0478785 0.124355 0.837725
3 0.346713 0.590138 0.108038 0.115006 0.801012
1 0.507718 0.793039 0.0475175 0.188695 0.65242
9 0.248171 0.812598 0.0749119 0.119018 0.62697
9 0.506016 0.847519 0.0493265 0.191124 0.618282
5 0.962398 0.871946 0.0747669 0.248368 0.60051
2 0.0957197 0.660274 0.0466518 0.0880707 0.579183
0 0.0467771 0.630055 0.0267809 0.128717 0.556249
0 0.157432 0.618291 0.0330842 0.130923 0.551602
6 0.689125 0.675258 0.0336891 0.114339 0.53728
6 0.866891 0.784942 0.105376 0.151907 0.53452
4 0.412835 0.505017 0.0510756 0.0905052 0.501129
6 0.637281 0.610219 0.0298812 0.0866738 0.497808
4 0.574207 0.522352 0.0452948 0.0833395 0.497619
3 0.665526 0.498671 0.0444792 0.0446444 0.491464
3 0.543734 0.499937 0.0295819 0.0450847 0.479786
0 0.454139 0.527025 0.0179112 0.0588217 0.467302
3 0.537989 0.505635 0.0168279 0.0520262 0.431207
3 0.478781 0.479144 0.0345099 0.0386988 0.421095
6 0.506613 0.853756 0.0529909 0.180449 0.411586
2 0.154649 0.636967 0.0352439 0.0969012 0.403426
1 0.508614 0.499744 0.0119113 0.037168 0.383762
9 0.636715 0.612234 0.0297019 0.0824212 0.381291
3 0.546959 0.498456 0.0279478 0.0380505 0.370395
2 0.151197 0.64559 0.0323746 0.0891351 0.36739
3 0.380406 0.594199 0.0510348 0.0887199 0.364287
0 0.544474 0.538302 0.0142469 0.0645165 0.356874
2 0.258866 0.595135 0.0551542 0.057783 0.347997
6 0.742414 0.70205 0.0358854 0.140463 0.320919
1 0.569482 0.614904 0.0356169 0.0696774 0.32074
3 0.360854 0.593404 0.0905078 0.0992157 0.319032
2 0.508155 0.509852 0.0130905 0.0338539 0.309226
0 0.738978 0.627952 0.0280682 0.0980577 0.302868
1 0.2522 0.781488 0.0404364 0.123809 0.301108
1 0.688721 0.647415 0.029626 0.100067 0.297601
4 0.708324 0.471137 0.0394548 0.0385172 0.28484
3 0.558103 0.46892 0.0230272 0.0233286 0.269757
3 0.574155 0.525284 0.0432697 0.0754652 0.266764
1 0.254379 0.7493 0.0528767 0.184717 0.263924
0 0.99039 0.572127 0.0167519 0.0717353 0.259273
3 0.566782 0.655969 0.0442202 0.132952 0.255936
0 0.688687 0.653196 0.0302205 0.109739 0.25334
