3 0.659563 0.896676 0.0440964 0.129161 0.877971
3 0.615467 0.609248 0.0286851 0.0707641 0.869523
3 0.539752 0.294202 0.0153022 0.0310379 0.763166
3 0.565128 0.177435 0.0113567 0.0218574 0.561005
3 0.572567 0.2219 0.0119722 0.0231885 0.513419
3 0.855099 0.1502 0.0168365 0.0164637 0.480584
5 0.132373 0.348134 0.0622904 0.0568774 0.468788
3 0.542495 0.125844 0.0084919 0.0157816 0.421124
3 0.541253 0.106124 0.00843658 0.0125914 0.416237
3 0.535341 0.0723917 0.00649522 0.0121736 0.414785
9 0.535436 0.213593 0.00514027 0.017307 0.304121
