3 0.0950575 0.688562 0.0795941 0.198747 0.934885
3 0.408144 0.854801 0.15077 0.143191 0.929972
3 0.668842 0.818459 0.150164 0.125467 0.913411
4 0.906694 0.509792 0.14559 0.111056 0.911028
3 0.590912 0.527367 0.122666 0.103134 0.870341
4 0.965193 0.763256 0.0696145 0.179459 0.786263
4 0.725478 0.622847 0.0925449 0.2333 0.746772
9 0.740458 0.300177 0.0179352 0.0581926 0.737056
9 0.0418342 0.621429 0.0503163 0.0462087 0.68902
9 0.350997 0.300886 0.0345734 0.0435625 0.62069
6 0.787377 0.297801 0.0382488 0.0823103 0.608056
3 0.991197 0.3657 0.0176051 0.0959034 0.563749
9 0.397889 0.311896 0.0119806 0.05073 0.550033
9 0.850897 0.292027 0.0199509 0.0555143 0.530958
9 0.421486 0.30842 0.0317657 0.0558959 0.524513
5 0.965428 0.762701 0.0687725 0.178563 0.50668
9 0.382512 0.308956 0.0120782 0.0544154 0.450706
0 0.306566 0.347942 0.0135333 0.0567467 0.447553
9 0.688199 0.257609 0.0181255 0.0501668 0.42016
2 0.382403 0.310264 0.0118498 0.0529033 0.36421
0 0.0324292 0.372457 0.0173018 0.0498045 0.288228
