0 0.614338 0.783298 0.0215689 0.10705 0.81194
0 0.538514 0.836971 0.0219601 0.122489 0.786814
0 0.510415 0.67659 0.0144825 0.0874956 0.738729
0 0.542057 0.728579 0.0200302 0.097937 0.736679
0 0.494457 0.691766 0.0123212 0.0627702 0.733172
0 0.337302 0.683133 0.0159865 0.0881615 0.707523
0 0.508405 0.83717 0.021017 0.13401 0.69397
0 0.356684 0.680688 0.0155656 0.0877132 0.645252
0 0.345852 0.609828 0.00910982 0.0496128 0.619568
0 0.559274 0.739484 0.0192123 0.087512 0.582708
9 0.225455 0.646459 0.0283132 0.0634334 0.581218
0 0.0493788 0.905577 0.0344965 0.188845 0.555595
0 0.482019 0.595818 0.00756435 0.0409897 0.535355
0 0.809819 0.863659 0.0379242 0.141522 0.522331
1 0.456901 0.710019 0.0197025 0.0862472 0.484426
0 0.557382 0.682199 0.0169647 0.0761151 0.482812
0 0.547582 0.597412 0.00817121 0.0408251 0.472978
0 0.455125 0.637183 0.0107112 0.0554574 0.461331
0 0.422499 0.609738 0.00944147 0.0522139 0.458211
0 0.76841 0.744431 0.0189331 0.094515 0.451159
0 0.332816 0.608226 0.0103996 0.0529044 0.444937
0 0.533811 0.597035 0.00850105 0.0385128 0.434759
9 0.187644 0.716359 0.0241011 0.0722256 0.434367
0 0.445879 0.608074 0.00913487 0.0461062 0.410297
0 0.434678 0.604252 0.0099946 0.0460402 0.401692
9 0.45627 0.731778 0.0199186 0.0659251 0.400038
0 0.497792 0.599842 0.00870037 0.0342689 0.375368
5 0.384631 0.61013 0.0412901 0.0620002 0.373293
0 0.344058 0.581592 0.00730626 0.0382598 0.357052
0 0.456369 0.709371 0.0208521 0.0851555 0.35338
1 0.293206 0.600104 0.0110883 0.0440876 0.338127
0 0.358467 0.583284 0.00808099 0.0330053 0.324545
1 0.566898 0.632627 0.0115012 0.0468194 0.306621
0 0.559834 0.692034 0.0175397 0.0944357 0.303142
0 0.417208 0.576568 0.00653324 0.0335805 0.301672
0 0.351586 0.610462 0.00957394 0.0438558 0.29663
2 0.292686 0.613927 0.0136432 0.030768 0.284128
0 0.324449 0.610346 0.0114209 0.048604 0.281091
0 0.482033 0.589597 0.00870762 0.0376473 0.27725
0 0.460327 0.585138 0.00816956 0.031477 0.259767
2 0.305241 0.610894 0.0115454 0.0499806 0.253072
