3 0.457301 0.815682 0.0369005 0.0509084 0.86981
3 0.386235 0.745591 0.0371874 0.0551383 0.867915
3 0.507706 0.603406 0.0275368 0.0398909 0.860367
3 0.591791 0.49794 0.0219862 0.0290953 0.854402
3 0.219899 0.916577 0.0480981 0.0652622 0.851378
3 0.661915 0.450536 0.0158909 0.0224257 0.821485
3 0.947741 0.867233 0.0237844 0.0568193 0.818661
3 0.979791 0.935891 0.025279 0.0705008 0.815856
3 0.903338 0.750672 0.0213902 0.0509586 0.81175
3 0.953117 0.767084 0.0201719 0.0503306 0.79963
3 0.991663 0.74509 0.0156685 0.0405012 0.798972
3 0.97368 0.877907 0.0247341 0.0584225 0.798084
3 0.692465 0.442851 0.0151113 0.0206902 0.796711
3 0.601608 0.427558 0.0171465 0.0235112 0.796201
3 0.945837 0.724788 0.0189007 0.0384725 0.792375
3 0.926959 0.756717 0.0191278 0.0493123 0.791095
3 0.87348 0.583686 0.0151981 0.0292254 0.788902
3 0.976145 0.663511 0.0216202 0.0357998 0.788566
3 0.95178 0.924726 0.0262459 0.0677903 0.785543
3 0.890275 0.90269 0.0232316 0.071402 0.784588
3 0.97904 0.782212 0.02197 0.0510118 0.783488
3 0.789353 0.902053 0.0291878 0.0533162 0.780692
3 0.862919 0.882861 0.0241019 0.0656375 0.77141
3 0.950351 0.624608 0.019392 0.0322864 0.760814
3 0.973302 0.571053 0.0154022 0.0354012 0.758781
3 0.930004 0.61614 0.0166233 0.0323359 0.757879
3 0.951422 0.567736 0.017708 0.0340946 0.748648
3 0.887865 0.842548 0.0206192 0.0528288 0.747772
3 0.936553 0.651656 0.0173944 0.0361909 0.716444
3 0.858733 0.675468 0.0225306 0.0411929 0.712368
3 0.839755 0.640756 0.0191448 0.0375616 0.711907
3 0.971067 0.629413 0.0192814 0.0314319 0.708773
3 0.991638 0.637457 0.0165585 0.0393717 0.708397
3 0.955922 0.654548 0.0187527 0.0408486 0.707068
3 0.921867 0.716908 0.0200329 0.0403052 0.704029
3 0.745526 0.247259 0.00852051 0.01297 0.702417
3 0.926919 0.339486 0.0102905 0.015455 0.688708
3 0.940346 0.53819 0.0176156 0.0264481 0.68672
3 0.970145 0.730014 0.0200443 0.0464908 0.680942
3 0.994658 0.582777 0.010685 0.0343148 0.67816
3 0.914541 0.853168 0.0240147 0.0517453 0.675925
3 0.993411 0.885696 0.0131781 0.05849 0.674457
3 0.745588 0.412972 0.0123609 0.0210636 0.671696
3 0.879852 0.533607 0.0144986 0.0273613 0.670115
3 0.91558 0.642352 0.0145687 0.034709 0.655666
3 0.960387 0.43027 0.0176476 0.0213912 0.628678
3 0.716533 0.179718 0.00619469 0.0111156 0.619762
3 0.898784 0.711518 0.0166039 0.0360397 0.619225
3 0.51664 0.296933 0.0132284 0.0163421 0.617954
3 0.971263 0.505765 0.015501 0.0255395 0.60984
3 0.767214 0.341007 0.0119259 0.0193843 0.601472
3 0.581787 0.26699 0.0152262 0.0153376 0.584865
3 0.893765 0.473452 0.0151388 0.0262657 0.580738
3 0.95414 0.50066 0.0162525 0.0295078 0.571721
3 0.709549 0.207329 0.00716076 0.0146973 0.570818
3 0.6948 0.29767 0.00922992 0.018196 0.564743
3 0.696445 0.275183 0.00938568 0.0172289 0.558658
3 0.990378 0.55197 0.0169626 0.0282162 0.554718
3 0.922049 0.557225 0.0175945 0.0344698 0.554024
3 0.941666 0.290375 0.0161098 0.0146929 0.552864
3 0.988154 0.508767 0.0150036 0.0301835 0.551554
3 0.754154 0.280281 0.00919145 0.0173208 0.519446
3 0.767854 0.980176 0.031581 0.0366326 0.512675
3 0.752791 0.216172 0.00715345 0.0132435 0.505525
3 0.823204 0.816004 0.0244724 0.0494185 0.50397
3 0.533789 0.275277 0.0122985 0.0172573 0.499411
4 0.921854 0.906051 0.0267796 0.0790955 0.493482
3 0.921839 0.905951 0.0273914 0.0787077 0.491068
3 0.764021 0.197589 0.00947914 0.0135854 0.483355
3 0.70533 0.154487 0.0060332 0.0104774 0.475855
3 0.734043 0.237131 0.00849838 0.0194142 0.471441
3 0.925788 0.286131 0.0122832 0.0146104 0.468749
3 0.994141 0.668186 0.0117186 0.0401024 0.467329
3 0.967589 0.484992 0.0184467 0.0225491 0.463542
3 0.953193 0.309253 0.0146263 0.0141392 0.462346
3 0.771764 0.275701 0.0116282 0.0215266 0.462004
3 0.485732 0.324326 0.0196526 0.0189774 0.460346
3 0.956122 0.540587 0.0162618 0.0253939 0.453183
3 0.98059 0.486457 0.0174366 0.0221963 0.451069
3 0.995157 0.852319 0.00909653 0.0447127 0.450744
3 0.785627 0.294431 0.0121971 0.0157704 0.448921
3 0.747405 0.176131 0.00737279 0.0162327 0.439959
3 0.758045 0.235946 0.00779514 0.0170237 0.428658
3 0.973987 0.55218 0.0143871 0.0269639 0.41992
3 0.0704103 0.942835 0.0691472 0.0701947 0.419661
4 0.0701406 0.943087 0.0683592 0.0691995 0.41386
3 0.935926 0.47829 0.0131878 0.0195148 0.404591
3 0.757092 0.179474 0.00605571 0.0147442 0.397939
3 0.735163 0.229927 0.00812073 0.0170873 0.391567
3 0.973883 0.62789 0.0175243 0.0385149 0.383094
3 0.55992 0.248009 0.0143921 0.0163591 0.382864
3 0.52915 0.279213 0.0149372 0.0193653 0.372555
3 0.935898 0.495768 0.0141602 0.0310723 0.371584
3 0.663116 0.318882 0.0119043 0.0186217 0.367595
3 0.760768 0.199009 0.00909329 0.0144529 0.367532
3 0.573271 0.271875 0.013892 0.013526 0.365705
3 0.679332 0.320365 0.0112267 0.0205583 0.365577
3 0.68242 0.209039 0.00799351 0.0181966 0.360243
3 0.908432 0.614054 0.0176254 0.0303687 0.356611
3 0.746818 0.261352 0.0079148 0.0150982 0.35653
3 0.0628403 0.663285 0.0247883 0.040369 0.354078
3 0.395937 0.394004 0.0175261 0.0188121 0.351605
3 0.915012 0.288576 0.0131784 0.0157454 0.346446
3 0.927129 0.243689 0.00914218 0.0129065 0.34619
3 0.759418 0.136787 0.00652981 0.0127643 0.3455
3 0.921657 0.225011 0.00964432 0.0113294 0.342365
3 0.632047 0.19604 0.013662 0.0131479 0.341246
3 0.682214 0.212851 0.0073801 0.0187648 0.329799
3 0.771086 0.13731 0.00723038 0.0127847 0.328989
3 0.645326 0.177991 0.0106841 0.0123574 0.327398
3 0.412903 0.377324 0.0233657 0.0178324 0.321768
3 0.748012 0.222409 0.00874774 0.0140776 0.32155
3 0.926039 0.26447 0.0106094 0.0130901 0.312258
3 0.995564 0.79048 0.00803261 0.0529531 0.311685
3 0.758736 0.148711 0.00661945 0.0140404 0.310855
3 0.486167 0.320783 0.0191654 0.0195871 0.310496
3 0.972561 0.63411 0.0191542 0.0360196 0.309078
3 0.528499 0.277741 0.0150376 0.0142843 0.306335
3 0.847256 0.986087 0.0253923 0.0240703 0.300075
3 0.917128 0.525881 0.0184856 0.0242377 0.28932
3 0.409033 0.379057 0.0240172 0.0171841 0.284971
3 0.636477 0.185498 0.0117188 0.0154695 0.276377
3 0.874414 0.319994 0.0118076 0.0187515 0.274889
3 0.908553 0.24312 0.0102875 0.0119211 0.266764
3 0.938953 0.266541 0.0106323 0.0145728 0.266165
3 0.776677 0.333827 0.0110179 0.0227064 0.26356
3 0.918234 0.529659 0.0185951 0.0266146 0.262862
