4 0.72374 0.46359 0.0890758 0.177408 0.904269
4 0.173985 0.507186 0.133504 0.156197 0.894388
9 0.240998 0.710166 0.0669832 0.109323 0.842872
0 0.430771 0.095776 0.0122578 0.0608076 0.793002
3 0.097697 0.0407389 0.0574327 0.0671971 0.789359
0 0.428814 0.59425 0.0241061 0.104828 0.785629
0 0.438754 0.16958 0.0129709 0.0627345 0.744603
0 0.435126 0.441094 0.0178278 0.0900833 0.721458
0 0.426381 0.331106 0.0154261 0.0853 0.710821
3 0.0516338 0.028168 0.0608366 0.054521 0.705691
1 0.476107 0.0604688 0.0143822 0.0459917 0.699544
6 0.552561 0.0241479 0.0606251 0.0438302 0.676625
0 0.564371 0.198511 0.0146782 0.0706196 0.644812
2 0.947843 0.527783 0.0454039 0.0841951 0.616001
0 0.421434 0.442149 0.0154511 0.0865597 0.596502
1 0.577369 0.958615 0.0414456 0.0800005 0.592868
1 0.269307 0.865971 0.044586 0.0792117 0.567626
2 0.475511 0.071785 0.0143268 0.0459035 0.53838
0 0.406752 0.445973 0.0196557 0.0907947 0.507075
9 0.627941 0.151452 0.0142046 0.0527726 0.492001
1 0.326428 0.871615 0.0341979 0.0633028 0.472425
9 0.50244 0.0200557 0.0160538 0.0382393 0.471236
9 0.980155 0.421957 0.0391152 0.054672 0.412692
9 0.321481 0.549465 0.0729072 0.0738556 0.388741
9 0.948533 0.528009 0.0459797 0.0852993 0.364198
1 0.324896 0.890001 0.0350266 0.09721 0.308042
1 0.652069 0.912485 0.0390631 0.0740117 0.288632
3 0.99219 0.567279 0.0155728 0.142205 0.257198
