5 0.268433 0.69999 0.088205 0.229611 0.930483
3 0.476331 0.836651 0.0732982 0.19512 0.922976
3 0.59878 0.637254 0.0913236 0.119432 0.91039
3 0.380264 0.572168 0.053043 0.112791 0.907098
5 0.502726 0.421659 0.0577952 0.135625 0.889353
3 0.619359 0.774465 0.0618965 0.158928 0.889202
3 0.697082 0.528304 0.110011 0.0915427 0.864349
3 0.405274 0.234874 0.0277739 0.0483078 0.860538
3 0.328147 0.380693 0.03673 0.0725688 0.859543
3 0.76074 0.939324 0.135211 0.120014 0.845667
3 0.635024 0.390949 0.0854496 0.0616767 0.836166
4 0.556351 0.356416 0.045972 0.103173 0.808135
3 0.431515 0.0479223 0.0205859 0.0217535 0.805333
0 0.707779 0.717249 0.0222658 0.0832177 0.785352
5 0.433155 0.384431 0.0490997 0.139011 0.771146
5 0.502804 0.198102 0.0409479 0.0782603 0.752514
4 0.326621 0.194794 0.0491289 0.048949 0.694513
3 0.356245 0.137667 0.0393859 0.0311866 0.688895
3 0.580606 0.204118 0.0677335 0.0438577 0.6759
9 0.17662 0.616182 0.0458458 0.0628374 0.625648
3 0.533931 0.138199 0.0421956 0.0355958 0.504009
3 0.412934 0.0662 0.0261445 0.0225431 0.49416
9 0.767698 0.472431 0.0297891 0.0649366 0.483636
9 0.873049 0.615134 0.0244159 0.0487718 0.471315
3 0.456117 0.0777844 0.0209952 0.0240817 0.464801
4 0.499833 0.109747 0.0363237 0.0359857 0.439609
3 0.430116 0.0830491 0.0179232 0.0251535 0.433916
9 0.77609 0.485525 0.024994 0.0562091 0.390274
5 0.43069 0.110747 0.0244905 0.0475043 0.38749
9 0.771533 0.476925 0.0321968 0.0658685 0.38168
3 0.455795 0.14786 0.0417764 0.0389087 0.374711
3 0.489232 0.0718383 0.0172462 0.0277644 0.373883
9 0.862857 0.587732 0.0248587 0.037372 0.365576
0 0.354339 0.365994 0.0125575 0.0535565 0.350857
3 0.400825 0.0827994 0.0268788 0.0271536 0.33917
3 0.395646 0.0833318 0.0356593 0.0278977 0.318404
3 0.451778 0.0191965 0.0158336 0.0176931 0.31329
3 0.409412 0.0709184 0.0280855 0.0232139 0.299519
0 0.501231 0.143957 0.0104826 0.0347262 0.299287
6 0.179373 0.61685 0.0521275 0.0614005 0.289256
5 0.534432 0.13757 0.0436847 0.0356628 0.28624
3 0.381541 0.0717818 0.0266182 0.0260247 0.285129
5 0.456135 0.0511911 0.0240814 0.0305533 0.276297
9 0.88339 0.678129 0.031361 0.0579755 0.273636
0 0.35368 0.37397 0.0114277 0.0549102 0.273558
4 0.456158 0.151219 0.0421682 0.0415418 0.27244
3 0.344153 0.150126 0.0333552 0.030287 0.270304
3 0.40036 0.113046 0.0228023 0.0376226 0.252039
