3 0.500237 0.929946 0.0404408 0.0700815 0.881558
3 0.535677 0.95123 0.0415206 0.0792445 0.878244
3 0.569714 0.958511 0.0372679 0.0813385 0.878024
3 0.469407 0.924968 0.0314938 0.0675334 0.864564
3 0.729314 0.745954 0.0352093 0.0533674 0.85974
3 0.566553 0.804366 0.0315058 0.0689546 0.859142
3 0.967394 0.53292 0.0179136 0.032433 0.851856
3 0.604305 0.969723 0.0386988 0.0576304 0.850042
3 0.503447 0.72739 0.0301729 0.0465666 0.849971
3 0.442579 0.909234 0.039707 0.0663764 0.848936
3 0.413507 0.897045 0.0440046 0.0792803 0.844913
3 0.586356 0.555906 0.0210821 0.0368053 0.844078
3 0.45739 0.76458 0.0336811 0.0497965 0.841234
3 0.634713 0.677185 0.024361 0.047301 0.835398
3 0.481439 0.774528 0.0346633 0.05724 0.835141
3 0.604528 0.769329 0.0303349 0.0508202 0.834868
3 0.528296 0.735218 0.0307789 0.0488754 0.832506
3 0.613099 0.666682 0.0225754 0.0459972 0.828053
3 0.591734 0.662279 0.024309 0.0449414 0.827174
3 0.617725 0.830983 0.031123 0.0680047 0.825858
3 0.566747 0.551362 0.020805 0.0340905 0.824271
3 0.649247 0.638819 0.0224263 0.0385276 0.822606
3 0.557116 0.612258 0.0240301 0.0397312 0.821289
3 0.538557 0.606513 0.0247633 0.036618 0.821214
3 0.654657 0.548035 0.0184139 0.0292816 0.818626
3 0.482239 0.713559 0.0373024 0.0500162 0.817161
3 0.634108 0.779203 0.0266659 0.0484714 0.815555
3 0.593275 0.81751 0.0257568 0.0495243 0.814255
3 0.647127 0.845145 0.0250546 0.0505636 0.813199
3 0.517953 0.635179 0.0228202 0.0388304 0.812353
3 0.670892 0.648044 0.0207797 0.0382355 0.810356
3 0.648371 0.576366 0.021311 0.0337239 0.806115
3 0.537622 0.646366 0.0262041 0.0434713 0.805079
3 0.552091 0.742843 0.0290108 0.0462748 0.801721
3 0.903804 0.363524 0.0109535 0.0198693 0.800706
3 0.599865 0.626367 0.0246017 0.037027 0.799875
3 0.566506 0.654063 0.0212519 0.0393048 0.798758
3 0.540187 0.795532 0.0243388 0.0490454 0.795723
3 0.659313 0.790953 0.023946 0.0530965 0.793697
3 0.764745 0.351643 0.0114834 0.018174 0.791152
3 0.622598 0.631511 0.023604 0.0376533 0.78618
3 0.99211 0.576995 0.0154945 0.0374823 0.784285
3 0.60496 0.562359 0.0204945 0.0373299 0.777772
3 0.597751 0.529625 0.020295 0.0307671 0.777462
3 0.506843 0.78519 0.0277164 0.0571235 0.775877
3 0.65498 0.497585 0.015834 0.0261105 0.775224
3 0.5809 0.524967 0.0189035 0.0299293 0.763411
3 0.689417 0.58336 0.0208469 0.0355257 0.761966
3 0.626756 0.569118 0.0223198 0.0358281 0.761468
3 0.580382 0.617831 0.0233284 0.0405053 0.758796
3 0.577285 0.755474 0.0311049 0.0492325 0.75573
3 0.660218 0.683476 0.0265698 0.0512984 0.752374
3 0.405231 0.976291 0.0338205 0.0455451 0.742759
3 0.674978 0.55523 0.0185878 0.0302088 0.733239
3 0.664994 0.396983 0.0111651 0.0205614 0.729395
3 0.893803 0.410474 0.0154827 0.0217141 0.721914
3 0.445011 0.98117 0.0388098 0.0376605 0.719286
3 0.619671 0.488952 0.0178118 0.0291785 0.713866
3 0.671607 0.500187 0.015538 0.0285064 0.711751
3 0.602656 0.485619 0.0163551 0.0254484 0.710042
3 0.617131 0.537364 0.0174534 0.0284389 0.708019
3 0.665663 0.581223 0.0184657 0.0349287 0.70589
3 0.651645 0.395037 0.0111395 0.0187373 0.703813
3 0.636541 0.493353 0.0173517 0.0292963 0.701032
3 0.645785 0.438946 0.0149637 0.0268305 0.699052
3 0.376196 0.969488 0.046106 0.0587396 0.695624
3 0.896543 0.387346 0.0120243 0.020323 0.687959
3 0.677471 0.443491 0.0141569 0.0237879 0.687132
3 0.693228 0.447217 0.0138879 0.0241618 0.663327
3 0.684202 0.695014 0.0251307 0.0457001 0.650907
3 0.635721 0.417733 0.0138497 0.0226637 0.649639
3 0.76408 0.405014 0.0151911 0.0186795 0.64948
3 0.679176 0.398255 0.0115245 0.0191974 0.634569
3 0.87945 0.330506 0.0112476 0.0174676 0.63319
3 0.665668 0.465401 0.014727 0.0228374 0.612312
3 0.907092 0.477979 0.0174917 0.0289315 0.598323
3 0.939122 0.339171 0.0113365 0.0193401 0.588094
3 0.694512 0.484356 0.0151468 0.0267443 0.566835
3 0.994412 0.342511 0.0102798 0.0187368 0.563399
3 0.634382 0.540313 0.0165886 0.0282632 0.558495
3 0.712515 0.433905 0.014417 0.0238607 0.548767
3 0.693478 0.651891 0.0215124 0.042042 0.542351
3 0.480855 0.984202 0.0321544 0.0315956 0.540341
3 0.636631 0.469769 0.0172829 0.0305357 0.538714
3 0.939446 0.239015 0.00893707 0.0114327 0.537288
3 0.714221 0.347457 0.0121895 0.0163396 0.514782
3 0.696258 0.423584 0.0162697 0.0231735 0.510355
3 0.882421 0.319195 0.0111443 0.0168213 0.508106
2 0.270632 0.790932 0.016312 0.022703 0.499096
3 0.650553 0.417127 0.0130207 0.023848 0.496995
0 0.339512 0.728771 0.0085021 0.0284834 0.495905
2 0.28901 0.769142 0.018529 0.0235338 0.495212
3 0.675482 0.486334 0.0182011 0.0315595 0.492736
3 0.776901 0.285837 0.00879046 0.0143083 0.484358
2 0.303271 0.748435 0.017329 0.0239605 0.472525
0 0.47685 0.544195 0.00537663 0.0238564 0.472008
3 0.693615 0.406131 0.0148339 0.0213079 0.470205
3 0.667147 0.4234 0.0126629 0.0195885 0.463009
3 0.651958 0.471102 0.0150242 0.0289543 0.458349
3 0.942959 0.543133 0.0190477 0.0354692 0.454516
3 0.683488 0.426768 0.0149599 0.0200336 0.448334
0 0.477808 0.542864 0.00700722 0.0223663 0.446321
3 0.884838 0.361037 0.0128201 0.0248722 0.440106
3 0.714192 0.483599 0.0156702 0.0256692 0.436875
0 0.493185 0.820193 0.0073 0.032211 0.422288
3 0.981611 0.299901 0.0119448 0.0144425 0.418558
2 0.392212 0.628219 0.0123107 0.0204302 0.415072
3 0.709103 0.407685 0.0122815 0.0194517 0.405163
3 0.885259 0.367153 0.0113602 0.0213489 0.404905
3 0.763385 0.286018 0.0108158 0.0153954 0.401307
3 0.980859 0.298208 0.00924034 0.0186412 0.395456
3 0.621414 0.458484 0.0157917 0.023317 0.394587
3 0.689965 0.507069 0.0182644 0.0307648 0.376107
0 0.332085 0.72423 0.00716324 0.0325641 0.375324
2 0.542768 0.568214 0.0078577 0.0215191 0.37501
3 0.980516 0.301811 0.0088562 0.0186083 0.371116
3 0.775791 0.284857 0.00950044 0.014979 0.370268
3 0.715568 0.430054 0.01493 0.0239066 0.359135
3 0.907465 0.464743 0.0170582 0.0270643 0.348854
3 0.661206 0.440858 0.0140661 0.0244659 0.348709
3 0.637448 0.971996 0.0265302 0.0503008 0.34865
0 0.52807 0.554014 0.00638453 0.0226612 0.33893
3 0.740729 0.285891 0.0115466 0.0131875 0.335778
3 0.705351 0.535669 0.0199163 0.0339245 0.331936
3 0.756226 0.269503 0.0110016 0.0119652 0.329029
3 0.365527 0.966852 0.0603516 0.0614343 0.328771
3 0.782988 0.327316 0.0101353 0.0194531 0.320256
3 0.742851 0.26474 0.0139954 0.0125227 0.311229
3 0.666392 0.468941 0.0156759 0.0287174 0.304971
3 0.753123 0.287312 0.0086415 0.0145896 0.276349
3 0.763113 0.290478 0.00785103 0.0191433 0.275948
2 0.296273 0.756297 0.0138627 0.0208574 0.275743
3 0.480344 0.984624 0.0330326 0.0307512 0.266378
3 0.60773 0.469923 0.017651 0.0260562 0.262097
3 0.648248 0.420225 0.0152432 0.0222224 0.261311
2 0.376601 0.648269 0.0100607 0.0221971 0.258373
0 0.559382 0.425729 0.00637112 0.0175468 0.255206
0 0.502853 0.813964 0.00858583 0.0265333 0.251242
