3 0.557571 0.810574 0.0546194 0.122171 0.919845
3 0.428683 0.858295 0.0603291 0.139588 0.905898
3 0.595232 0.71769 0.0524456 0.0988314 0.897976
3 0.509881 0.582778 0.0431104 0.0695438 0.89005
8 0.0805604 0.745054 0.160948 0.281859 0.888352
3 0.301155 0.555296 0.0516173 0.079934 0.882408
3 0.596827 0.931445 0.0523416 0.136086 0.882022
3 0.476547 0.662148 0.0440006 0.0817404 0.875015
3 0.470153 0.332219 0.0233099 0.0344838 0.871856
3 0.601882 0.621637 0.0462325 0.0734746 0.871361
5 0.795214 0.609259 0.0820171 0.17568 0.867614
5 0.714411 0.336512 0.0522365 0.116514 0.864389
5 0.763547 0.485691 0.0685547 0.131683 0.862246
3 0.4281 0.470805 0.0344813 0.0532095 0.856293
5 0.872308 0.860371 0.11581 0.246547 0.845817
5 0.965376 0.851578 0.0692315 0.296843 0.843349
5 0.710248 0.70701 0.0844238 0.232389 0.836335
3 0.526696 0.947163 0.0644962 0.102718 0.82994
3 0.51107 0.489991 0.0278073 0.0501221 0.816917
5 0.784511 0.36147 0.0707628 0.143589 0.805214
3 0.420043 0.118065 0.0215338 0.0164395 0.805044
3 0.524185 0.38414 0.0236238 0.0446655 0.796256
5 0.903516 0.632124 0.0910416 0.194048 0.775105
3 0.514625 0.423763 0.0250725 0.0401526 0.770688
3 0.587806 0.392955 0.0213803 0.0368001 0.763905
3 0.590638 0.486081 0.0268576 0.0534165 0.754654
3 0.582422 0.547361 0.0313779 0.0672441 0.71507
3 0.589267 0.434989 0.0219235 0.0478465 0.704668
4 0.821362 0.474364 0.0437005 0.0574651 0.699626
5 0.210483 0.237612 0.0556718 0.0798318 0.687697
0 0.658045 0.829109 0.0131788 0.0577791 0.666522
5 0.861911 0.537857 0.0664108 0.130775 0.590702
4 0.497428 0.775504 0.044091 0.108672 0.588553
3 0.640662 0.329168 0.0193798 0.0341623 0.561709
3 0.584643 0.347446 0.0190079 0.0364747 0.560949
3 0.532135 0.072829 0.00928457 0.0165302 0.560529
3 0.58609 0.0766341 0.0103665 0.0146849 0.508743
3 0.583347 0.319545 0.0173742 0.0312578 0.495166
5 0.737654 0.909042 0.0943112 0.17799 0.458474
3 0.820891 0.474572 0.0438982 0.0561541 0.455853
3 0.525026 0.349969 0.0207201 0.0338812 0.433388
3 0.573259 0.104641 0.0119865 0.0161251 0.420002
3 0.525769 0.337817 0.0213804 0.0351213 0.413535
3 0.497196 0.775364 0.0438672 0.109427 0.387938
4 0.562358 0.332319 0.0179776 0.0377797 0.384638
5 0.562049 0.0825491 0.0128565 0.0286469 0.374372
3 0.505668 0.0751276 0.00917224 0.017067 0.367331
3 0.60459 0.102786 0.019055 0.0170119 0.363304
9 0.643224 0.65096 0.0095213 0.0336186 0.338191
3 0.588433 0.073347 0.0108321 0.0143698 0.335681
5 0.377749 0.1124 0.0306234 0.0334443 0.320624
8 0.485769 0.0950261 0.0177607 0.0315731 0.314843
5 0.891466 0.615885 0.113316 0.222886 0.312777
8 0.517309 0.0933262 0.0161975 0.0304478 0.290093
3 0.620365 0.0860925 0.00842016 0.0142217 0.284181
3 0.58532 0.0792631 0.00921936 0.0192816 0.276488
3 0.486208 0.0869106 0.0163449 0.0191972 0.27268
3 0.59715 0.102204 0.00840364 0.0179081 0.259351
