3 0.368169 0.708942 0.0498222 0.0701948 0.881145
3 0.624477 0.81627 0.0504917 0.0793889 0.870374
3 0.506716 0.751406 0.0363276 0.0830661 0.831941
6 0.420224 0.790737 0.0271254 0.0675249 0.831923
4 0.401369 0.66649 0.0380027 0.0674889 0.800485
3 0.776419 0.669588 0.0576275 0.0496746 0.795955
9 0.0518702 0.759893 0.0246112 0.0451643 0.782363
6 0.111867 0.784742 0.0753063 0.0627713 0.75505
6 0.318452 0.93936 0.0737305 0.105144 0.634686
7 0.318419 0.937829 0.072044 0.109498 0.549361
4 0.417533 0.613073 0.0291225 0.0537821 0.541971
9 0.340109 0.622261 0.0112905 0.0292193 0.51661
9 0.761273 0.708543 0.0253246 0.0375027 0.510291
5 0.513139 0.663014 0.04279 0.113644 0.495304
9 0.0279945 0.756854 0.0172316 0.0398282 0.44482
8 0.513376 0.663167 0.041877 0.114437 0.438127
0 0.586279 0.51762 0.00682697 0.0298685 0.408137
0 0.776791 0.968537 0.0158882 0.0600263 0.397586
9 0.934285 0.683921 0.0289047 0.0300788 0.372595
3 0.558214 0.47623 0.0176481 0.0285032 0.357882
9 0.126213 0.931971 0.0429021 0.0569451 0.353526
0 0.578382 0.508935 0.00622273 0.0227856 0.35079
9 0.00422358 0.800851 0.00844717 0.0483256 0.312121
3 0.417109 0.612338 0.0294986 0.0521015 0.273117
1 0.120982 0.921782 0.0163973 0.0637494 0.271924
9 0.366654 0.630611 0.0229706 0.0339637 0.262772
