3 0.59216 0.477357 0.0274612 0.0547843 0.86881
3 0.93784 0.897521 0.0861846 0.0647376 0.856224
3 0.961517 0.959661 0.0768368 0.0707225 0.82786
3 0.834276 0.690204 0.0649719 0.0506186 0.825218
3 0.88544 0.785225 0.0777977 0.0574934 0.823078
3 0.814468 0.646943 0.0566887 0.0473966 0.817085
3 0.905277 0.838649 0.0752571 0.0597649 0.793293
3 0.862547 0.732605 0.0747452 0.0512207 0.790426
3 0.566321 0.264454 0.0132814 0.0234222 0.771139
3 0.970741 0.833599 0.0578384 0.0729984 0.69315
3 0.542453 0.335051 0.0168121 0.0371661 0.644493
3 0.665712 0.31694 0.038045 0.0274475 0.628561
3 0.543356 0.19356 0.0124275 0.0224031 0.626218
3 0.650807 0.285554 0.0356988 0.025064 0.622312
4 0.656573 0.428527 0.0271857 0.0534787 0.617107
3 0.674779 0.33639 0.0372734 0.0286526 0.589863
3 0.634427 0.259293 0.0307677 0.022844 0.566801
3 0.642709 0.273415 0.0299257 0.02175 0.525775
3 0.636383 0.263014 0.0310265 0.0239566 0.483464
3 0.633442 0.254478 0.0284069 0.0211608 0.441916
3 0.524637 0.221563 0.0129259 0.028625 0.385125
0 0.521797 0.528431 0.00695477 0.0295102 0.381137
3 0.670813 0.329396 0.036873 0.0240597 0.352152
3 0.917286 0.715959 0.0581076 0.0560006 0.343494
4 0.525033 0.221645 0.0126246 0.0282998 0.325863
3 0.694028 0.35723 0.0345825 0.0288492 0.317129
3 0.68597 0.343077 0.0348719 0.0276742 0.283845
3 0.416769 0.0866795 0.0133164 0.00968208 0.263661
3 0.490201 0.0442856 0.00716238 0.011441 0.262102
3 0.691004 0.35195 0.0334379 0.026865 0.260212
3 0.64682 0.276662 0.0316116 0.0233216 0.251442
3 0.418678 0.109686 0.018602 0.0123347 0.250297
