3 0.232785 0.124322 0.0130095 0.0480859 0.859306
3 0.47048 0.644664 0.0253099 0.0302141 0.85858
3 0.14083 0.618164 0.0251573 0.0430691 0.844154
3 0.474028 0.687312 0.0268804 0.0339045 0.841342
5 0.232101 0.260427 0.0150978 0.0623166 0.839983
3 0.506875 0.707658 0.0245659 0.0291158 0.839283
3 0.435439 0.617071 0.0254753 0.0334966 0.838906
3 0.439586 0.661301 0.0241144 0.0299047 0.838752
3 0.717749 0.603321 0.0252059 0.0354986 0.823992
3 0.508435 0.672718 0.0248011 0.0337901 0.819078
3 0.139515 0.545664 0.024606 0.0354883 0.815805
3 0.949734 0.360108 0.0281893 0.0237721 0.812389
3 0.197425 0.289007 0.0117563 0.0515964 0.812045
3 0.143958 0.507634 0.0245878 0.0383851 0.802284
3 0.378984 0.956834 0.0248802 0.0362627 0.801155
3 0.814837 0.842295 0.028273 0.0239529 0.798725
3 0.768785 0.3772 0.012006 0.0440604 0.794995
3 0.578292 0.741549 0.0230042 0.030816 0.792634
3 0.676171 0.633701 0.0249079 0.0230489 0.787402
3 0.943302 0.406249 0.0128273 0.0445875 0.779625
3 0.0425605 0.62615 0.027026 0.0221327 0.778026
3 0.435815 0.884761 0.0234703 0.0326416 0.771114
3 0.941372 0.656982 0.0278022 0.0232842 0.768054
3 0.175643 0.316329 0.0143397 0.0520836 0.757971
3 0.627176 0.708892 0.0135452 0.0461224 0.750435
3 0.386673 0.918176 0.0252812 0.0373559 0.746268
3 0.178678 0.235646 0.011628 0.0357315 0.745187
3 0.540139 0.665933 0.0225221 0.03118 0.738931
3 0.562791 0.603798 0.0255346 0.0326389 0.73279
3 0.877216 0.668157 0.0477476 0.026865 0.729127
3 0.93065 0.401983 0.0130455 0.0403885 0.724551
3 0.557006 0.519861 0.0156359 0.0457067 0.718508
3 0.98812 0.405935 0.012245 0.0430837 0.704537
3 0.148097 0.218346 0.0135485 0.0461355 0.691646
3 0.91486 0.396318 0.0131233 0.0436574 0.680692
3 0.837489 0.37622 0.0182995 0.0436956 0.672727
3 0.449322 0.458881 0.0251358 0.0307361 0.671218
3 0.974382 0.409643 0.0122932 0.0420602 0.643321
9 0.810177 0.806052 0.0131245 0.0148312 0.632889
3 0.817554 0.380492 0.016555 0.0434219 0.632291
8 0.42415 0.927129 0.0392354 0.0558421 0.615162
3 0.86782 0.634583 0.0285698 0.0342336 0.612553
3 0.0754167 0.60194 0.0306208 0.0233843 0.602291
5 0.866932 0.378256 0.0154831 0.052543 0.583945
3 0.992275 0.909292 0.0154505 0.0305427 0.583866
3 0.868229 0.667412 0.0303574 0.0256887 0.579068
3 0.0890219 0.664785 0.0303571 0.0246635 0.570009
3 0.903443 0.598506 0.0182905 0.032434 0.569699
3 0.803565 0.383136 0.0169861 0.041197 0.557737
3 0.580611 0.546602 0.0101493 0.0319799 0.540799
3 0.354118 0.626285 0.0248096 0.0204895 0.519889
3 0.910487 0.599772 0.0133382 0.0300361 0.497368
8 0.311869 0.577667 0.0341353 0.0253795 0.488865
4 0.866388 0.377548 0.0167776 0.0512899 0.480438
9 0.770343 0.803458 0.0133495 0.0118778 0.460486
3 0.145473 0.269431 0.0135369 0.0430575 0.421762
8 0.31332 0.564931 0.033713 0.0292128 0.401647
9 0.4095 0.650181 0.00909233 0.0135383 0.383933
4 0.780238 0.65119 0.0276089 0.0236917 0.362664
9 0.264905 0.611918 0.00953007 0.0135489 0.360957
4 0.778049 0.645182 0.0319691 0.0284497 0.345986
3 0.0357327 0.479662 0.0261179 0.0213069 0.342183
3 0.75345 0.380331 0.0111002 0.0413737 0.338965
3 0.731428 0.374746 0.0129364 0.0459171 0.329448
9 0.215059 0.617917 0.00670404 0.0193071 0.323695
3 0.900342 0.59898 0.0152863 0.0314979 0.3235
3 0.102794 0.640936 0.0398717 0.0306615 0.322442
3 0.895044 0.372736 0.012085 0.0498823 0.300741
9 0.165606 0.764931 0.00925201 0.0192196 0.277185
3 0.71919 0.378519 0.0110155 0.0416059 0.265785
3 0.687878 0.379585 0.0107014 0.0359048 0.257995
3 0.966993 0.936146 0.0318935 0.0262238 0.250116
