0 0.644218 0.129549 0.00767038 0.0259854 0.710281
0 0.494073 0.2325 0.00712987 0.0286131 0.668012
0 0.456019 0.783676 0.00737706 0.0227998 0.633967
0 0.528138 0.0898401 0.00773032 0.0203094 0.571797
0 0.806111 0.152336 0.0079201 0.0210025 0.563692
0 0.770861 0.0971709 0.00707528 0.0187104 0.555943
0 0.747447 0.220863 0.00777727 0.0222434 0.549387
0 0.77015 0.174711 0.00600167 0.0161556 0.537921
0 0.756819 0.220368 0.00719291 0.0216296 0.535989
0 0.727445 0.134086 0.00770172 0.0214352 0.534711
0 0.629669 0.141588 0.00780143 0.0233921 0.527991
0 0.752054 0.0874444 0.00841849 0.018172 0.526957
0 0.785583 0.159287 0.00682731 0.0187478 0.509819
0 0.724519 0.10516 0.00700675 0.0215757 0.47468
9 0.482508 0.795743 0.0131145 0.0419308 0.4537
0 0.191395 0.657842 0.0121714 0.0314467 0.451821
0 0.716024 0.123775 0.00718183 0.0202324 0.403799
0 0.434099 0.750889 0.00939196 0.0264362 0.377598
0 0.529491 0.718278 0.0089117 0.0229875 0.372198
0 0.726213 0.105714 0.010079 0.0196852 0.36899
0 0.7537 0.162447 0.00668814 0.0169851 0.36621
0 0.873742 0.0357225 0.00999869 0.0181653 0.347305
0 0.51911 0.689197 0.0101802 0.0200658 0.343023
0 0.456974 0.842437 0.00839403 0.0194206 0.338308
0 0.755879 0.121052 0.00713998 0.0200856 0.328144
0 0.772223 0.0973251 0.00688607 0.0195998 0.324795
0 0.516484 0.274713 0.00827454 0.0187085 0.317709
0 0.448317 0.859104 0.00939741 0.0222609 0.315738
0 0.755741 0.123153 0.00605033 0.0203479 0.298575
0 0.477305 0.229935 0.00822165 0.0226506 0.286452
0 0.731429 0.21503 0.00704677 0.0183833 0.279791
0 0.74789 0.18726 0.00830043 0.0200864 0.272136
0 0.500785 0.779616 0.0109675 0.0232034 0.27159
0 0.477154 0.237232 0.00951957 0.0311605 0.2715
0 0.498758 0.781406 0.0100241 0.0234203 0.261717
0 0.429528 0.794063 0.0100058 0.0302342 0.260954
0 0.504867 0.747029 0.0171276 0.0219445 0.254994
0 0.637629 0.0666763 0.00701917 0.0236665 0.254663
0 0.72002 0.109721 0.00638733 0.0235574 0.251402
