8 0.348773 0.696117 0.0558964 0.0516365 0.902859
3 0.420747 0.945975 0.0560968 0.0650176 0.902777
3 0.290957 0.850251 0.0375123 0.045933 0.897481
3 0.640636 0.97185 0.0639569 0.0549737 0.889323
3 0.348414 0.86661 0.0442709 0.0509853 0.883966
3 0.517579 0.838704 0.0483595 0.037839 0.876072
3 0.221218 0.8213 0.0325557 0.0397298 0.869013
3 0.825438 0.800256 0.0250446 0.0407326 0.868057
3 0.142184 0.7405 0.022514 0.0271002 0.864811
3 0.467104 0.759758 0.0356657 0.027843 0.863226
3 0.255904 0.758802 0.0268161 0.0292325 0.855083
3 0.210838 0.876148 0.0376526 0.0476485 0.851525
8 0.30814 0.649757 0.0366379 0.0357876 0.849582
3 0.255587 0.975659 0.0490068 0.0483734 0.847666
3 0.792131 0.798459 0.0229467 0.0369596 0.846062
3 0.281991 0.785156 0.0325865 0.0383043 0.844239
3 0.442608 0.814343 0.0420646 0.0335764 0.842989
3 0.27247 0.661473 0.015858 0.0159714 0.841522
3 0.792361 0.76035 0.0187938 0.0279862 0.83869
3 0.224787 0.76659 0.0248899 0.0299362 0.838304
3 0.246451 0.66378 0.0166869 0.0151858 0.83677
3 0.250709 0.799167 0.0309283 0.0350596 0.831931
3 0.319549 0.733949 0.0278551 0.0236229 0.825415
3 0.18059 0.758031 0.0237679 0.0299154 0.823817
3 0.188984 0.71851 0.0229282 0.0249305 0.823548
3 0.109091 0.726664 0.0206825 0.0280766 0.794336
3 0.228246 0.727539 0.025874 0.031132 0.792018
3 0.243057 0.642696 0.0147104 0.014447 0.789533
3 0.209786 0.706043 0.023022 0.0241335 0.752847
3 0.793556 0.71017 0.0173049 0.0252528 0.708666
3 0.234966 0.6189 0.0134689 0.0126918 0.687378
3 0.19865 0.683824 0.0207227 0.0224411 0.654475
3 0.97706 0.619708 0.0115639 0.0112712 0.642779
3 0.167024 0.563088 0.00854766 0.00967965 0.630836
3 0.350177 0.732191 0.0275289 0.0228078 0.598367
3 0.183153 0.602209 0.0106847 0.0123185 0.535613
3 0.198205 0.584442 0.0113849 0.0144602 0.517882
3 0.182153 0.586149 0.0102286 0.0113299 0.487355
3 0.103734 0.593738 0.0106692 0.0103096 0.430193
5 0.906606 0.610902 0.0169037 0.0186607 0.417346
3 0.120819 0.55331 0.00637494 0.0100642 0.41342
3 0.107513 0.536898 0.0066452 0.00959409 0.409532
3 0.133322 0.580949 0.00920884 0.0119144 0.405747
3 0.147945 0.542248 0.00839834 0.0073641 0.397756
3 0.184671 0.570711 0.00852127 0.00919434 0.383949
3 0.919374 0.562365 0.00621416 0.00818708 0.37282
3 0.103043 0.601691 0.0139597 0.0134569 0.359221
3 0.921656 0.580939 0.00881705 0.0118826 0.35408
3 0.114224 0.579411 0.00933266 0.00908941 0.320493
3 0.097423 0.552651 0.00740617 0.0114006 0.316933
3 0.101413 0.5796 0.00972969 0.0094465 0.31136
3 0.144 0.686899 0.0188795 0.0256476 0.295673
0 0.426055 0.697743 0.00600669 0.0173246 0.266281
