3 0.422473 0.55008 0.0264345 0.0980389 0.878231
3 0.347861 0.661571 0.0304187 0.0943943 0.867972
3 0.451274 0.222856 0.0240114 0.082095 0.856238
3 0.439587 0.340587 0.023479 0.086289 0.849307
3 0.45015 0.672509 0.0254015 0.0926607 0.824887
4 0.406149 0.0388065 0.021215 0.0681113 0.823346
4 0.463263 0.456009 0.0251076 0.0998777 0.822008
4 0.472789 0.250416 0.0264204 0.0972374 0.804704
3 0.480667 0.176999 0.0198208 0.0583812 0.79784
4 0.468873 0.356935 0.0242098 0.0931595 0.782343
3 0.458063 0.109533 0.0220522 0.0722543 0.774282
4 0.455493 0.559309 0.026199 0.104332 0.770922
3 0.43626 0.0220231 0.018848 0.0439787 0.756489
3 0.485055 0.110777 0.0196005 0.0688841 0.75038
3 0.44329 0.783231 0.0288598 0.116306 0.746646
3 0.489269 0.0337795 0.0205709 0.0587225 0.746274
4 0.413724 0.124541 0.0279017 0.087846 0.741995
0 0.517109 0.0473872 0.00614205 0.0239364 0.638351
3 0.389491 0.221868 0.0222306 0.068784 0.631049
4 0.42966 0.938085 0.0319502 0.120072 0.579051
0 0.506853 0.430304 0.00634347 0.0230439 0.520407
3 0.0380852 0.883117 0.0484967 0.115586 0.482885
3 0.465908 0.0292591 0.0169252 0.0585181 0.447918
4 0.0386854 0.883251 0.0489349 0.116471 0.433038
4 0.389123 0.222617 0.0220132 0.0700712 0.384162
3 0.455191 0.559159 0.0261511 0.106605 0.381537
4 0.466239 0.0296465 0.0176018 0.0584927 0.362218
3 0.0184235 0.980553 0.0364497 0.0386087 0.312207
0 0.32654 0.391369 0.00949912 0.0305321 0.259272
0 0.769726 0.0419672 0.00753863 0.0334736 0.250754
