0 0.555028 0.531592 0.0218077 0.0522356 0.847572
0 0.77997 0.566682 0.0240316 0.0607262 0.804653
0 0.819625 0.546423 0.0274604 0.0583841 0.787563
0 0.741353 0.508037 0.0194523 0.0510335 0.775681
0 0.744983 0.538141 0.0232344 0.0517175 0.72274
0 0.526506 0.368668 0.0110913 0.0373872 0.713821
0 0.481172 0.375812 0.0122262 0.0435872 0.618344
0 0.515264 0.368307 0.0127682 0.0359122 0.591759
2 0.0276588 0.678782 0.0553175 0.0525681 0.591203
0 0.469751 0.392948 0.0122118 0.0376891 0.405557
0 0.512864 0.368645 0.0132542 0.0350109 0.311656
