6 0.793733 0.889853 0.119933 0.0944134 0.768673
0 0.616988 0.278451 0.0143725 0.0527701 0.750745
7 0.580846 0.0727418 0.0200574 0.0513722 0.743219
6 0.634678 0.703353 0.0266315 0.0844763 0.703216
9 0.404474 0.699806 0.0204859 0.0628918 0.671313
6 0.670951 0.388586 0.0562947 0.0539327 0.650427
6 0.651178 0.241332 0.0437219 0.0563203 0.633517
9 0.606849 0.93612 0.0241999 0.0804136 0.618055
6 0.826029 0.95805 0.111115 0.0817674 0.597117
0 0.703587 0.74665 0.0194174 0.0619587 0.586209
9 0.545894 0.076768 0.011576 0.040739 0.566926
6 0.673163 0.732861 0.0376856 0.127539 0.560543
7 0.579382 0.230983 0.025705 0.0764098 0.53405
9 0.78092 0.74967 0.0307296 0.0780608 0.529372
6 0.579479 0.230625 0.0261897 0.0747834 0.518225
6 0.643849 0.0835462 0.032439 0.0382682 0.460414
1 0.619221 0.365944 0.0133785 0.0485374 0.457615
6 0.500875 0.336208 0.0480783 0.043673 0.448524
6 0.79189 0.556338 0.0456297 0.0561954 0.42053
6 0.650043 0.296621 0.0405495 0.0535967 0.41439
9 0.566802 0.166471 0.0172491 0.0469157 0.393511
6 0.642889 0.0769707 0.0330018 0.0431812 0.371915
6 0.637646 0.129897 0.0537459 0.0476905 0.363765
6 0.533645 0.0308434 0.0167343 0.0436984 0.363666
6 0.64428 0.128798 0.0397369 0.044675 0.359454
1 0.604513 0.894539 0.0182234 0.0545272 0.34548
6 0.634038 0.718499 0.0235122 0.107799 0.3339
6 0.648623 0.505179 0.0281343 0.124322 0.333143
6 0.733131 0.439795 0.0510055 0.0678883 0.331931
9 0.618599 0.372781 0.0131331 0.0550659 0.326231
6 0.566931 0.163882 0.018033 0.0501895 0.318967
9 0.608574 0.0783293 0.0158332 0.0382446 0.317173
9 0.560308 0.965784 0.0385729 0.0498874 0.313115
6 0.185622 0.877649 0.0567579 0.131184 0.28485
9 0.357719 0.691877 0.0436009 0.0390807 0.283259
1 0.546351 0.0725322 0.0110255 0.0386813 0.279361
9 0.604669 0.188652 0.0144791 0.03674 0.273098
6 0.700887 0.194621 0.0630266 0.0773398 0.261454
7 0.648884 0.493232 0.0290518 0.102184 0.253268
7 0.564018 0.0581207 0.014541 0.0463973 0.251945
9 0.603731 0.184059 0.0159102 0.0384212 0.250658
