3 0.233506 0.929039 0.0254882 0.0277791 0.840726
3 0.157069 0.506199 0.0225645 0.0163516 0.825011
3 0.352888 0.203201 0.0247239 0.018536 0.810376
3 0.440193 0.917672 0.0115397 0.039815 0.801981
3 0.6509 0.741189 0.0237378 0.0147695 0.796185
3 0.858252 0.70534 0.0225003 0.0139857 0.795568
3 0.817069 0.704793 0.0228298 0.0158064 0.782219
3 0.2183 0.741075 0.0130175 0.0322564 0.776058
3 0.517564 0.139671 0.0118746 0.0346895 0.775454
3 0.81483 0.654797 0.0218315 0.015488 0.772448
3 0.295589 0.524607 0.0225487 0.0212045 0.77227
4 0.299687 0.764014 0.0293977 0.0229222 0.764898
5 0.135598 0.911106 0.0558049 0.0439278 0.763212
3 0.329796 0.471278 0.0227061 0.0181133 0.757262
3 0.202196 0.748066 0.0142454 0.0295006 0.75655
3 0.6063 0.764238 0.0226367 0.0149122 0.750934
8 0.401504 0.875419 0.0261912 0.0702822 0.750603
3 0.104218 0.544612 0.0250956 0.0171007 0.749146
3 0.171347 0.736008 0.0130424 0.031351 0.747746
3 0.193608 0.494593 0.0240044 0.0139067 0.747244
3 0.157629 0.74149 0.011849 0.03609 0.745677
4 0.934518 0.571872 0.0247086 0.0144771 0.737087
3 0.580165 0.671457 0.0136243 0.0392644 0.735684
3 0.0091723 0.535653 0.018042 0.0151154 0.735194
3 0.549943 0.291956 0.013954 0.0341801 0.730549
3 0.859892 0.620019 0.0249759 0.0152272 0.730438
3 0.645068 0.588971 0.0244241 0.0150291 0.729822
3 0.644939 0.604485 0.0240839 0.0140714 0.720224
3 0.299187 0.477429 0.02279 0.0187742 0.717213
3 0.641559 0.541877 0.0267874 0.0165766 0.710303
3 0.267844 0.721794 0.0117675 0.0305341 0.708864
3 0.813959 0.638631 0.0218109 0.0147461 0.708348
3 0.860159 0.637927 0.024736 0.0154246 0.704738
3 0.607966 0.778879 0.0225226 0.0156809 0.704187
3 0.566859 0.674699 0.0118204 0.0372144 0.702768
3 0.78466 0.590542 0.024824 0.0166341 0.701359
3 0.85852 0.485747 0.0240398 0.0160514 0.694186
3 0.538611 0.589212 0.0109841 0.0363279 0.691421
3 0.603014 0.73444 0.0217731 0.0147295 0.689867
3 0.935736 0.618459 0.0256565 0.0150534 0.688216
4 0.517927 0.564977 0.0124277 0.0425494 0.687759
3 0.883698 0.584626 0.0223122 0.0161727 0.685168
3 0.859997 0.689092 0.0239353 0.0151044 0.679451
4 0.0465048 0.523967 0.0335281 0.0197367 0.674532
3 0.550133 0.169376 0.0126166 0.0333457 0.672619
3 0.76501 0.6721 0.011111 0.0296496 0.668292
3 0.56574 0.586239 0.0113944 0.034249 0.66806
3 0.601797 0.669672 0.0200218 0.0140199 0.667144
3 0.0420385 0.562322 0.0238337 0.0158404 0.666282
3 0.860693 0.653547 0.0259983 0.0164498 0.662055
3 0.650038 0.711224 0.0246392 0.0167005 0.655934
3 0.935127 0.598395 0.0272816 0.0165423 0.654622
3 0.593954 0.527028 0.0208044 0.0129833 0.652654
3 0.190717 0.75564 0.0127594 0.0291788 0.651125
3 0.860717 0.670372 0.0251174 0.0159747 0.647225
3 0.935152 0.63568 0.0247179 0.0142286 0.638568
3 0.581431 0.197397 0.0132616 0.0240926 0.635398
3 0.811914 0.604978 0.0228939 0.0152766 0.634431
5 0.157001 0.954646 0.0455674 0.0399659 0.633347
5 0.142026 0.936252 0.0544239 0.048685 0.630807
3 0.812528 0.621469 0.0220339 0.0148552 0.628892
3 0.785081 0.606813 0.0241943 0.0161004 0.62588
3 0.885078 0.601766 0.0231315 0.0162454 0.624715
3 0.594396 0.51485 0.0214594 0.0134155 0.624563
3 0.857399 0.467469 0.0253435 0.0153951 0.624474
3 0.857035 0.536885 0.0246593 0.0159921 0.622052
3 0.551962 0.583838 0.0113909 0.0326835 0.621866
3 0.858093 0.590045 0.0234432 0.0133925 0.613345
3 0.883617 0.551957 0.0234907 0.0173662 0.611848
5 0.17627 0.844245 0.0521397 0.0347603 0.599857
3 0.304268 0.64972 0.023374 0.0183118 0.597759
3 0.293382 0.553376 0.0109839 0.0308096 0.596817
3 0.641088 0.525184 0.0245468 0.0134956 0.592933
3 0.280398 0.714256 0.0131362 0.031934 0.591955
3 0.266009 0.556468 0.0135978 0.038598 0.591817
4 0.031069 0.785995 0.0161207 0.0315746 0.59164
3 0.857639 0.55491 0.0258211 0.0166097 0.589873
3 0.935974 0.62142 0.0257488 0.0153717 0.580321
3 0.596723 0.55058 0.023807 0.0145918 0.577869
3 0.280362 0.547961 0.0121368 0.0269254 0.5762
3 0.602172 0.717939 0.0218134 0.0149427 0.572835
3 0.857874 0.572414 0.026054 0.0154404 0.556596
3 0.933242 0.651789 0.0218369 0.013704 0.552664
3 0.933496 0.686408 0.0233967 0.0131442 0.540232
3 0.599929 0.645479 0.0187165 0.0153463 0.540084
3 0.965738 0.0675408 0.0240993 0.0175182 0.538214
3 0.516448 0.420003 0.012461 0.0353771 0.53787
5 0.205408 0.903982 0.055238 0.0554976 0.52483
3 0.88127 0.470937 0.0246712 0.0164338 0.522675
5 0.176723 0.988492 0.0493711 0.0230164 0.517366
3 0.0127068 0.568366 0.0248788 0.0169861 0.517023
3 0.640879 0.519842 0.0235081 0.0145086 0.511602
5 0.0238509 0.975974 0.0477018 0.0480516 0.511505
3 0.54852 0.740114 0.0121464 0.0371623 0.511419
3 0.596538 0.475764 0.0226889 0.0136639 0.509606
3 0.596487 0.557689 0.0233142 0.0180308 0.509596
3 0.596919 0.553167 0.0230901 0.0153992 0.505845
3 0.812079 0.585658 0.0231464 0.0176246 0.501603
3 0.650909 0.691495 0.0225739 0.0160856 0.500406
3 0.601308 0.68964 0.0224425 0.0144821 0.499323
3 0.79452 0.725013 0.0190765 0.0127872 0.496698
4 0.885426 0.567812 0.0250757 0.0164276 0.492594
4 0.300216 0.785874 0.0302864 0.0222622 0.486285
3 0.19174 0.861916 0.0266112 0.026423 0.485842
3 0.932798 0.700507 0.0257343 0.0157239 0.470968
3 0.0632602 0.773229 0.0122293 0.0316846 0.470214
3 0.884712 0.700105 0.0269062 0.0172358 0.466333
3 0.381525 0.681032 0.0122519 0.0285671 0.459833
3 0.811535 0.589052 0.0234542 0.0164207 0.456923
3 0.933222 0.673556 0.023975 0.010853 0.456642
3 0.596134 0.574857 0.0222052 0.0146713 0.451349
9 0.420997 0.7253 0.00528294 0.0182795 0.439184
3 0.886159 0.617957 0.0245832 0.0163516 0.438387
3 0.516767 0.426641 0.0132359 0.0469929 0.434777
5 0.17701 0.979489 0.0521147 0.0410218 0.427284
3 0.858468 0.505527 0.0237709 0.0156259 0.424583
4 0.886794 0.652209 0.0213344 0.0160863 0.424395
3 0.885099 0.667985 0.0221355 0.0154148 0.423325
5 0.129836 0.893732 0.061108 0.0479893 0.421889
4 0.885207 0.684617 0.0241314 0.0147405 0.421491
3 0.644855 0.577616 0.0232114 0.0129783 0.414215
4 0.789647 0.692201 0.0242123 0.0159683 0.413208
3 0.610512 0.793231 0.0243963 0.0150093 0.410076
3 0.60151 0.654607 0.0203199 0.0158248 0.40375
5 0.239509 0.738418 0.0162705 0.039742 0.399679
4 0.388909 0.425069 0.0112894 0.0338571 0.394689
3 0.887119 0.652117 0.0221775 0.0153164 0.388442
3 0.791126 0.708066 0.0236063 0.0139019 0.380688
3 0.389787 0.424662 0.01082 0.034801 0.374673
3 0.594298 0.585196 0.0204435 0.0250816 0.372262
3 0.59494 0.589514 0.0229271 0.0162824 0.368853
3 0.243077 0.531541 0.0183774 0.0155082 0.367488
4 0.103681 0.761069 0.0151468 0.0377259 0.367079
3 0.649888 0.680237 0.0224176 0.0138657 0.365395
4 0.885879 0.634976 0.0231174 0.0166248 0.357109
3 0.881697 0.484951 0.0245306 0.0151703 0.356947
3 0.6016 0.705024 0.0223249 0.0143649 0.354817
3 0.552829 0.677046 0.0126388 0.0399355 0.354496
3 0.390694 0.409855 0.00928589 0.019235 0.351893
4 0.0913009 0.76789 0.0157801 0.0356318 0.34479
3 0.789633 0.691488 0.0238134 0.0153783 0.34317
3 0.812013 0.582301 0.0230993 0.0166411 0.340924
3 0.155429 0.871869 0.0226284 0.0274948 0.338623
5 0.02169 0.957264 0.0422433 0.05243 0.336305
3 0.854636 0.451777 0.027169 0.0173035 0.33215
5 0.344651 0.835007 0.0144277 0.0474429 0.312
3 0.857517 0.523384 0.0235973 0.0135093 0.308282
3 0.882598 0.519013 0.0237253 0.0160745 0.302946
3 0.597003 0.571995 0.0212252 0.0132383 0.298365
3 0.858837 0.605949 0.0236591 0.0136996 0.296363
5 0.0278142 0.972321 0.0379577 0.0416146 0.294152
3 0.642889 0.555524 0.0269363 0.0137935 0.289911
3 0.880277 0.446175 0.0254521 0.0150382 0.285081
3 0.879212 0.450808 0.0249285 0.0160953 0.284303
5 0.0228394 0.965786 0.0455293 0.0642746 0.2819
3 0.219761 0.538622 0.0148683 0.0249922 0.280697
4 0.649779 0.681476 0.0216959 0.0148077 0.279141
4 0.300291 0.770004 0.0297907 0.0312436 0.270696
3 0.884828 0.567578 0.0243944 0.0163369 0.269178
3 0.785806 0.623716 0.0255594 0.0144505 0.268966
3 0.747624 0.55381 0.0282932 0.016936 0.268104
4 0.0389181 0.783683 0.011237 0.0325925 0.264
3 0.219628 0.88081 0.0214803 0.0237629 0.261024
3 0.885611 0.622141 0.0230702 0.0148173 0.260874
3 0.882498 0.487769 0.0234604 0.0147953 0.256817
3 0.605633 0.753662 0.0225444 0.0144475 0.256422
