0 0.394289 0.672306 0.0101473 0.034066 0.714171
0 0.379307 0.693986 0.0118151 0.0246297 0.697207
0 0.429912 0.26321 0.00898974 0.0305168 0.652443
0 0.429752 0.157185 0.00771694 0.0292124 0.619931
0 0.413794 0.342757 0.0084484 0.0234589 0.613615
0 0.405982 0.561557 0.00979462 0.0314254 0.606067
0 0.42722 0.369238 0.00834464 0.0232915 0.593394
0 0.444133 0.186759 0.00791931 0.0348728 0.589452
0 0.398443 0.448863 0.00955427 0.0215146 0.573709
0 0.328772 0.667399 0.0106326 0.0182905 0.572604
0 0.307176 0.786353 0.0116465 0.0237174 0.566118
0 0.362797 0.565015 0.0082496 0.022946 0.540982
0 0.388781 0.472382 0.0099888 0.0232695 0.531611
0 0.393826 0.784414 0.0112875 0.0233365 0.531126
0 0.378486 0.463578 0.00729095 0.0304477 0.526734
0 0.355042 0.346215 0.00757156 0.0241604 0.49106
0 0.431636 0.741043 0.0126855 0.0243662 0.48125
0 0.317256 0.79171 0.0109423 0.0212927 0.469912
0 0.313857 0.75545 0.0112215 0.0254048 0.469773
0 0.411778 0.593733 0.0111381 0.0229814 0.46055
0 0.423228 0.369786 0.00903207 0.0225987 0.454045
7 0.338469 0.924494 0.0311123 0.0592682 0.44573
0 0.43888 0.33398 0.00818499 0.0239771 0.441519
0 0.393397 0.97799 0.0151451 0.0256134 0.43952
0 0.433464 0.156817 0.00861415 0.0294126 0.435526
0 0.311745 0.78881 0.0181319 0.0233894 0.431214
0 0.430473 0.597366 0.0109852 0.0228668 0.390254
0 0.356682 0.789719 0.0102367 0.0340834 0.390067
0 0.30853 0.670399 0.0129222 0.0238331 0.382027
7 0.813367 0.114391 0.0708972 0.062018 0.378854
0 0.379976 0.477298 0.0089243 0.023274 0.370095
0 0.310115 0.761287 0.0156151 0.0225145 0.349349
0 0.428024 0.264622 0.00839521 0.030031 0.3429
0 0.33137 0.767553 0.00887519 0.027039 0.334637
0 0.392665 0.786552 0.0128273 0.0265188 0.331004
5 0.805834 0.064043 0.0850242 0.0818354 0.319243
9 0.288797 0.913155 0.0240174 0.0264249 0.316601
0 0.314359 0.644019 0.0159185 0.0267943 0.308259
9 0.290341 0.907839 0.0260237 0.0253368 0.306
0 0.439657 0.244969 0.00830152 0.037888 0.305909
0 0.377741 0.46132 0.00791665 0.0238995 0.305634
0 0.371536 0.791737 0.0103252 0.0242413 0.299374
9 0.330912 0.327838 0.0140367 0.0324931 0.285793
0 0.343149 0.805914 0.0118403 0.0337107 0.282951
0 0.376285 0.794528 0.00996857 0.0213095 0.277851
5 0.667827 0.0561276 0.0730058 0.0939639 0.277091
9 0.282329 0.965584 0.0298849 0.0227718 0.267229
9 0.286319 0.92684 0.0271233 0.0227854 0.264619
0 0.361404 0.760002 0.012805 0.0292312 0.263677
0 0.377471 0.828434 0.0113663 0.032933 0.262955
0 0.345087 0.290289 0.0101412 0.0260529 0.250824
