0 0.528322 0.647404 0.00763637 0.0186675 0.719999
0 0.343618 0.861773 0.0103186 0.0179929 0.678
0 0.4844 0.594619 0.00707986 0.0188013 0.660353
0 0.447907 0.726407 0.00833819 0.0185358 0.601482
0 0.598301 0.578579 0.00915758 0.0225314 0.543522
0 0.480636 0.496252 0.00759953 0.0191527 0.525281
3 0.954829 0.511908 0.0408634 0.0590407 0.51128
0 0.646828 0.627764 0.0102244 0.0196125 0.493286
0 0.395117 0.83456 0.00871089 0.0190949 0.490087
0 0.440904 0.957635 0.00794373 0.0139333 0.475032
0 0.511102 0.640922 0.00970699 0.0177775 0.468209
0 0.477625 0.718927 0.00730246 0.0165964 0.434566
0 0.394583 0.830998 0.00803349 0.0186063 0.39788
0 0.672589 0.380753 0.00915453 0.0235678 0.368626
0 0.513365 0.641439 0.0107836 0.017469 0.348394
9 0.993587 0.576524 0.0128251 0.0292879 0.306133
0 0.481172 0.499668 0.00770682 0.022399 0.304573
0 0.721403 0.49547 0.00834141 0.019026 0.285595
0 0.598568 0.562735 0.00970516 0.0210269 0.283961
0 0.687835 0.381912 0.00821324 0.0205419 0.272943
0 0.756593 0.491272 0.00902597 0.0173942 0.262199
0 0.258911 0.964226 0.0107305 0.0189594 0.25321
