3 0.505238 0.386028 0.051303 0.0259449 0.833871
0 0.137075 0.892974 0.0440817 0.0750263 0.820178
0 0.55366 0.530789 0.0164387 0.0431346 0.812042
0 0.6223 0.536891 0.0142645 0.0416175 0.800149
0 0.56784 0.555133 0.0261948 0.0454839 0.796696
0 0.399352 0.966803 0.0408751 0.0663569 0.793379
3 0.483568 0.405814 0.0495914 0.0258284 0.771957
3 0.0529607 0.35786 0.0410212 0.0203817 0.717793
3 0.197415 0.353991 0.0411583 0.01981 0.655262
0 0.707018 0.411776 0.0118368 0.0292189 0.630536
2 0.457554 0.568154 0.0338776 0.0298302 0.505579
9 0.567849 0.406423 0.0224502 0.0213725 0.501792
3 0.233466 0.340543 0.036356 0.0235174 0.480015
2 0.83554 0.5307 0.0322831 0.0348199 0.460588
3 0.24932 0.34885 0.0354192 0.0216047 0.453166
2 0.438697 0.627999 0.0316227 0.048515 0.401382
4 0.249018 0.348712 0.0351632 0.021992 0.397947
0 0.468029 0.433023 0.0099581 0.0322549 0.389426
2 0.672963 0.43834 0.0200167 0.0169023 0.345202
2 0.465837 0.53941 0.0179352 0.0371137 0.310083
2 0.676086 0.437819 0.0185858 0.0167074 0.302659
1 0.468552 0.347845 0.00993936 0.0162678 0.296294
9 0.467911 0.348166 0.0118882 0.0158092 0.296175
3 0.202854 0.442721 0.0669905 0.0421387 0.26564
