7 0.470391 0.947896 0.0461965 0.103511 0.915872
3 0.544776 0.572611 0.0711894 0.130881 0.90288
3 0.917199 0.345327 0.0936565 0.0708486 0.890294
3 0.712291 0.642211 0.136852 0.106744 0.881768
3 0.375463 0.4783 0.103971 0.0890835 0.881496
3 0.705227 0.503838 0.114104 0.0973278 0.881115
6 0.756258 0.383442 0.0578097 0.052094 0.871165
9 0.305578 0.906898 0.0496874 0.0864033 0.850612
3 0.127462 0.224947 0.0517573 0.0702232 0.829239
3 0.596957 0.473669 0.0775922 0.0789813 0.812782
3 0.840854 0.531126 0.113546 0.0871598 0.809664
4 0.125788 0.321838 0.0747041 0.077207 0.809187
9 0.861676 0.955525 0.037735 0.0878346 0.799541
6 0.322618 0.318221 0.0228568 0.0606456 0.791242
4 0.187475 0.523371 0.104863 0.0975895 0.776162
7 0.476421 0.666515 0.0308815 0.10814 0.769013
6 0.936378 0.6213 0.0623039 0.0923021 0.754284
9 0.74411 0.336644 0.0231381 0.0418915 0.751381
9 0.919321 0.549313 0.0311051 0.0579071 0.750234
0 0.511858 0.548848 0.0139627 0.0701014 0.736288
4 0.0780495 0.301405 0.0499661 0.0701114 0.727491
0 0.379939 0.509347 0.0173856 0.0644771 0.722537
9 0.778649 0.449137 0.0381239 0.0406828 0.713092
0 0.576368 0.59351 0.014345 0.067278 0.706836
0 0.566405 0.612283 0.0134509 0.0538906 0.703343
9 0.414602 0.968304 0.0339268 0.0624132 0.698525
6 0.449461 0.327054 0.0375212 0.0625179 0.692253
6 0.551168 0.331228 0.0514231 0.0668949 0.691988
9 0.4619 0.49696 0.0185522 0.0617556 0.689065
6 0.486063 0.299479 0.0275793 0.0639837 0.682168
9 0.358037 0.849301 0.0300987 0.0873804 0.675668
6 0.344573 0.607676 0.0639617 0.0944046 0.668447
6 0.125626 0.66338 0.0801164 0.101498 0.666501
1 0.778736 0.435216 0.0167703 0.0546506 0.645131
0 0.710145 0.689438 0.0209718 0.0560766 0.633265
6 0.955389 0.63346 0.043322 0.0719263 0.620425
0 0.570149 0.602557 0.0188568 0.0741553 0.614458
6 0.676925 0.32883 0.0436006 0.0486229 0.61278
6 0.273887 0.489828 0.0475894 0.0589727 0.60915
7 0.248095 0.310275 0.0301209 0.0798916 0.601397
6 0.827255 0.345569 0.0513657 0.0713322 0.594047
3 0.14019 0.47 0.106985 0.0889026 0.592694
7 0.359777 0.315788 0.0324088 0.0708747 0.591706
6 0.106919 0.752852 0.0931305 0.100021 0.588829
0 0.094796 0.253778 0.0132807 0.0438568 0.582848
6 0.285907 0.311582 0.0491482 0.0548103 0.580594
9 0.844791 0.415591 0.0359432 0.0452974 0.570932
5 0.0269433 0.465253 0.0537824 0.0880365 0.540447
6 0.0745339 0.629006 0.0394813 0.0563187 0.533024
9 0.988872 0.263258 0.0203055 0.0364068 0.532234
0 0.335994 0.690107 0.0152899 0.0584849 0.528825
1 0.0696602 0.402882 0.019632 0.0425467 0.520326
6 0.858072 0.660537 0.0784538 0.118825 0.518374
7 0.147804 0.83642 0.105409 0.102034 0.513747
6 0.359751 0.315623 0.0328205 0.0684022 0.51373
6 0.790892 0.329752 0.0406692 0.0445173 0.498213
7 0.439809 0.755607 0.0454464 0.147054 0.480875
9 0.47009 0.263537 0.0165083 0.04202 0.467045
1 0.356433 0.833083 0.0252197 0.0594655 0.464499
4 0.863197 0.253016 0.0393742 0.0657571 0.460964
9 0.512217 0.326059 0.0170423 0.0484925 0.459182
9 0.583111 0.264496 0.0123029 0.0356747 0.452179
9 0.69265 0.270585 0.0126145 0.0412938 0.448853
9 0.0566441 0.217661 0.0121316 0.031139 0.447088
9 0.843014 0.58246 0.0477401 0.049457 0.439895
6 0.293723 0.320312 0.035123 0.0597801 0.424267
2 0.0231338 0.217375 0.0169999 0.0366001 0.423259
6 0.97191 0.734769 0.0554203 0.0778293 0.416171
9 0.303158 0.260488 0.0250243 0.0301476 0.410973
9 0.0423998 0.220676 0.0122757 0.0370757 0.407225
9 0.43961 0.279604 0.0225241 0.0363804 0.405033
9 0.983014 0.530726 0.0339712 0.0440499 0.396153
1 0.850762 0.384501 0.0223694 0.0404657 0.386599
7 0.107812 0.753406 0.091154 0.0991368 0.385018
6 0.439671 0.753426 0.0458151 0.148326 0.376368
1 0.939941 0.716453 0.0303677 0.0637565 0.355055
6 0.187494 0.33624 0.0283754 0.0501755 0.34025
9 0.70912 0.225699 0.0231403 0.0318776 0.332879
9 0.765898 0.260815 0.0284126 0.0380049 0.323614
1 0.462542 0.493599 0.0169275 0.0590272 0.322805
6 0.927746 0.623098 0.0454494 0.0889593 0.322034
9 0.102334 0.196328 0.011666 0.0293398 0.318954
9 0.420061 0.317945 0.0162001 0.0372722 0.318302
7 0.197607 0.313187 0.0415945 0.0598147 0.318068
9 0.00515294 0.343195 0.0103059 0.0362341 0.31089
9 0.18701 0.335666 0.0281717 0.0507365 0.309941
9 0.436185 0.276147 0.0194584 0.0377712 0.309053
0 0.315204 0.773637 0.0182886 0.066978 0.305626
9 0.0753475 0.628315 0.0394104 0.0548611 0.299611
9 0.232446 0.219247 0.0133355 0.0323783 0.294661
7 0.39206 0.309959 0.0352656 0.076461 0.292375
9 0.96186 0.214607 0.020985 0.032901 0.29192
6 0.169287 0.302398 0.0321909 0.0447874 0.290743
0 0.939478 0.716609 0.0313339 0.0653047 0.289913
6 0.503554 0.239293 0.0256581 0.0515287 0.287934
7 0.827889 0.345443 0.0509998 0.0688357 0.283738
9 0.234275 0.215452 0.0167586 0.0375174 0.276848
9 0.265922 0.1925 0.0105857 0.0325122 0.272254
6 0.984548 0.667448 0.0309049 0.129292 0.268181
9 0.968714 0.216931 0.0161556 0.0316906 0.262324
1 0.96522 0.731354 0.0315376 0.060045 0.259838
9 0.0676611 0.414375 0.0390998 0.0383682 0.256358
5 0.392452 0.309765 0.0352085 0.0754627 0.253684
