3 0.71325 0.903084 0.0523415 0.0717859 0.896288
3 0.320843 0.949832 0.0568069 0.0945755 0.887114
3 0.532668 0.908906 0.0400745 0.0677372 0.869913
3 0.483293 0.816593 0.0353265 0.0585654 0.867819
3 0.47226 0.732623 0.0281336 0.0330501 0.861671
3 0.404626 0.792132 0.0371352 0.0458893 0.855096
3 0.482823 0.686229 0.0208352 0.026041 0.851524
3 0.437285 0.723157 0.0270954 0.0330409 0.839504
3 0.682384 0.778021 0.036353 0.0465969 0.821442
3 0.437221 0.675539 0.0224909 0.0264621 0.815949
3 0.533429 0.64897 0.0157085 0.0209492 0.814536
4 0.664621 0.807259 0.0423473 0.0613482 0.813288
3 0.504312 0.645439 0.0154804 0.0194811 0.810709
3 0.639673 0.679124 0.0177704 0.0237602 0.807909
3 0.530383 0.589281 0.00940094 0.0107224 0.730271
3 0.492106 0.62408 0.0121426 0.0156278 0.712293
3 0.799372 0.860343 0.0936552 0.0597367 0.706085
3 0.540563 0.604219 0.0126196 0.0141098 0.700538
6 0.306207 0.836356 0.0309139 0.0368247 0.689888
3 0.631809 0.650639 0.0158172 0.0186725 0.689214
3 0.577921 0.595668 0.00942623 0.0133269 0.679399
3 0.563286 0.609679 0.0119348 0.0145383 0.664849
3 0.53703 0.62027 0.0127623 0.0160939 0.663947
3 0.620788 0.62039 0.0147986 0.0156128 0.651745
3 0.479034 0.619725 0.0111524 0.0155698 0.589488
3 0.488651 0.608398 0.0104898 0.0137713 0.540749
5 0.452421 0.64914 0.0212047 0.0352792 0.51698
3 0.661449 0.66248 0.0208071 0.0234438 0.498255
3 0.792928 0.83527 0.0692725 0.039604 0.490928
3 0.580134 0.569237 0.00766366 0.0115316 0.468997
3 0.535443 0.561813 0.00841867 0.00840402 0.439628
3 0.566146 0.571655 0.0103113 0.013133 0.437102
3 0.611099 0.609942 0.010364 0.0168394 0.428264
3 0.581482 0.610406 0.0099186 0.0152523 0.42532
3 0.599061 0.611064 0.0108391 0.0171248 0.416989
3 0.603471 0.580024 0.00782453 0.0103616 0.388404
3 0.651234 0.634783 0.016695 0.0166514 0.38607
3 0.596063 0.563195 0.00891606 0.00988386 0.374262
3 0.491561 0.621309 0.0118351 0.0158539 0.354861
3 0.59524 0.569331 0.00825099 0.0113803 0.339661
9 0.762829 0.955482 0.0155048 0.0506217 0.319312
3 0.613314 0.606273 0.0117231 0.0142718 0.316733
3 0.516863 0.569489 0.00867693 0.0110746 0.303342
3 0.610249 0.588007 0.00930224 0.00977481 0.302183
3 0.482415 0.611202 0.0158359 0.0138189 0.299609
3 0.516009 0.564442 0.0084896 0.0122196 0.278923
6 0.609163 0.72106 0.0158444 0.0332113 0.261289
