3 0.243336 0.675343 0.124254 0.13201 0.832319
0 0.558498 0.493234 0.0118818 0.0307103 0.705056
9 0.618776 0.329437 0.0172325 0.0586509 0.699183
3 0.0673563 0.724776 0.0905176 0.0616647 0.690456
0 0.544731 0.484592 0.0102001 0.0348413 0.667345
0 0.585356 0.670167 0.00899819 0.0319755 0.629436
5 0.105001 0.908494 0.140935 0.10692 0.628939
4 0.052108 0.670416 0.103855 0.0884298 0.614088
9 0.685445 0.791315 0.0351961 0.0256436 0.595929
0 0.520204 0.0124202 0.0117552 0.0248403 0.593765
0 0.534565 0.490467 0.0107155 0.0330197 0.580496
0 0.826969 0.0322652 0.0156693 0.045714 0.495032
3 0.219391 0.751434 0.121005 0.125986 0.483526
0 0.584674 0.495969 0.0112291 0.0312868 0.457234
2 0.677212 0.888761 0.0259928 0.0440397 0.447158
9 0.496014 0.528207 0.0178248 0.0722298 0.443021
3 0.272169 0.439319 0.131901 0.0937944 0.433717
0 0.481468 0.610602 0.0169201 0.0382927 0.426445
0 0.592036 0.497259 0.00971566 0.035974 0.412563
0 0.59477 0.496066 0.0100838 0.0361597 0.373777
9 0.818746 0.298645 0.0164703 0.0631376 0.335624
9 0.839238 0.182467 0.0400043 0.040322 0.326909
9 0.494526 0.366288 0.0210783 0.0517012 0.326275
7 0.638629 0.69237 0.0287733 0.137735 0.318545
4 0.183415 0.0882668 0.10211 0.0695495 0.293056
0 0.58227 0.901485 0.0119526 0.0245887 0.289298
0 0.846379 0.027136 0.0143349 0.0313587 0.281943
