0 0.622343 0.704969 0.011233 0.0180566 0.647536
0 0.602183 0.685983 0.00857431 0.0184308 0.596835
0 0.466725 0.548886 0.00969448 0.0181489 0.547198
0 0.472491 0.508359 0.00774811 0.02279 0.533364
0 0.592529 0.718405 0.00887098 0.0162078 0.390526
0 0.589923 0.688413 0.0088644 0.0203928 0.348425
0 0.0825369 0.128415 0.0112368 0.0299766 0.347572
0 0.668852 0.72848 0.0111519 0.0212559 0.331271
0 0.511784 0.636844 0.0111155 0.0176649 0.285453
0 0.548605 0.756093 0.00976789 0.0230753 0.266644
0 0.48568 0.503229 0.00978716 0.0214146 0.252975
0 0.0402827 0.438296 0.0152061 0.0188699 0.250014
