0 0.567792 0.693217 0.0130926 0.0201812 0.673702
3 0.0814714 0.599364 0.0896437 0.0582677 0.672246
0 0.181674 0.039079 0.0150128 0.0180065 0.628513
0 0.544126 0.348093 0.0107057 0.0220603 0.609937
0 0.566805 0.80021 0.0125464 0.0261288 0.556126
0 0.488217 0.711519 0.0112456 0.0199095 0.554341
0 0.528235 0.0495867 0.00919521 0.0376781 0.533942
0 0.560316 0.26082 0.00966714 0.0339825 0.515548
3 0.0182298 0.909979 0.0364596 0.0777407 0.509688
0 0.590629 0.797767 0.0104986 0.0255538 0.48831
0 0.554133 0.473578 0.00994128 0.0175696 0.482969
0 0.520754 0.0489017 0.00841448 0.0392134 0.463621
0 0.468292 0.748366 0.0108797 0.0252444 0.452598
5 0.16919 0.931881 0.143346 0.108706 0.438217
3 0.105268 0.422986 0.0880749 0.064591 0.408975
0 0.562775 0.261045 0.0120089 0.0338436 0.369395
9 0.579536 0.761246 0.0120939 0.0316612 0.357021
4 0.0438811 0.778299 0.0874752 0.109796 0.32773
0 0.566362 0.436432 0.0107404 0.0226157 0.325842
3 0.208298 0.810636 0.0851123 0.0903886 0.322315
0 0.539717 0.347405 0.0149046 0.0220266 0.308462
0 0.515157 0.744208 0.0100645 0.0229068 0.307661
0 0.53535 0.346362 0.00827741 0.0214504 0.293551
9 0.536448 0.603029 0.019819 0.0211075 0.290073
0 0.577725 0.762203 0.0139299 0.0333645 0.276042
0 0.555988 0.403123 0.00986394 0.0217119 0.269644
9 0.52577 0.567016 0.0198547 0.0271336 0.255573
4 0.461143 0.0698971 0.0706827 0.0748101 0.25298
