3 0.571401 0.911202 0.0517132 0.0684242 0.870432
3 0.512298 0.916883 0.0497452 0.084646 0.860435
3 0.542365 0.851703 0.0414251 0.0588785 0.843685
3 0.510405 0.806179 0.0347089 0.0465982 0.843592
3 0.568409 0.781977 0.0399118 0.0399523 0.833374
3 0.492737 0.707292 0.0274189 0.0252324 0.816944
3 0.510506 0.685736 0.0262655 0.0240397 0.814906
3 0.486195 0.766723 0.026409 0.0382584 0.796163
3 0.625121 0.981702 0.0615776 0.0362198 0.759568
3 0.475361 0.739005 0.0244059 0.0334108 0.750472
3 0.446801 0.681282 0.0213472 0.0195991 0.695644
3 0.432034 0.662377 0.0168887 0.0211042 0.694167
3 0.4663 0.650908 0.0163925 0.0186727 0.654448
3 0.420312 0.639441 0.0159138 0.0181412 0.638027
3 0.463102 0.716128 0.0229961 0.0294613 0.58972
3 0.451577 0.694251 0.0212423 0.0274415 0.585724
3 0.432269 0.612207 0.0150722 0.0153081 0.492374
3 0.404571 0.577686 0.0143889 0.0119198 0.427395
3 0.449796 0.686858 0.021228 0.0243609 0.367667
3 0.411471 0.603003 0.0147021 0.015255 0.262144
