3 0.0520556 0.272128 0.0390197 0.0250643 0.771987
3 0.123295 0.216667 0.0412551 0.0233021 0.771201
3 0.0638254 0.264149 0.0504395 0.0257923 0.752305
0 0.779377 0.720089 0.0194788 0.0431035 0.712053
3 0.0259088 0.283502 0.051684 0.031506 0.71161
3 0.0877708 0.242331 0.0474647 0.0255594 0.676989
0 0.58869 0.421282 0.0101722 0.0327665 0.664671
9 0.796721 0.605126 0.02913 0.0458026 0.636483
0 0.797142 0.717141 0.019435 0.0561525 0.61406
0 0.65035 0.517076 0.0123775 0.0391398 0.609482
0 0.610745 0.544249 0.0120832 0.0392708 0.608059
3 0.0909093 0.238801 0.0479267 0.0249877 0.601573
3 0.216461 0.223799 0.0339914 0.0244135 0.58656
3 0.211422 0.232556 0.0420931 0.0244302 0.544496
0 0.610944 0.484754 0.0121635 0.0343995 0.536819
0 0.580168 0.420822 0.0104078 0.0333265 0.5079
0 0.603243 0.406108 0.00921478 0.031962 0.494975
0 0.619528 0.425894 0.0101167 0.0296783 0.419969
0 0.813295 0.711119 0.0195969 0.0410276 0.414692
3 0.0593493 0.268803 0.0501233 0.0293177 0.403595
3 0.215818 0.228391 0.0353312 0.0284495 0.382075
0 0.801107 0.709881 0.0188579 0.0481488 0.360173
1 0.859749 0.743721 0.0245483 0.0317393 0.331736
3 0.0917356 0.23476 0.0479515 0.021804 0.322342
