4 0.605006 0.565696 0.0717573 0.14999 0.902789
6 0.804874 0.470366 0.0261801 0.0710371 0.83185
6 0.708689 0.39936 0.0287959 0.078007 0.690709
1 0.679514 0.392641 0.0125915 0.0416951 0.554196
3 0.79533 0.243828 0.0242432 0.036743 0.496505
5 0.795313 0.244292 0.0248856 0.0359617 0.435604
3 0.742191 0.167555 0.0220765 0.0207714 0.4203
9 0.818991 0.190414 0.00715373 0.0197251 0.412378
3 0.413104 0.768915 0.0875588 0.123341 0.384916
5 0.770418 0.132181 0.0150381 0.0234802 0.369677
1 0.715873 0.354473 0.0129245 0.0320414 0.360145
9 0.77587 0.192895 0.0107849 0.0170447 0.357866
9 0.678261 0.403835 0.0141749 0.045971 0.355837
1 0.819468 0.186799 0.00594978 0.0182196 0.35556
6 0.747754 0.267891 0.0126036 0.0317147 0.345844
6 0.438682 0.414514 0.0509577 0.0655477 0.266333
