3 0.298271 0.581853 0.144505 0.0746617 0.873724
3 0.786293 0.628174 0.0967959 0.0920624 0.861951
3 0.486727 0.58624 0.125243 0.0755764 0.852466
3 0.435453 0.51523 0.102179 0.0572363 0.829395
3 0.0858402 0.566925 0.125323 0.0693252 0.827792
3 0.344129 0.495229 0.099147 0.0483415 0.809782
3 0.0842825 0.497659 0.116161 0.0532825 0.790671
3 0.282674 0.54178 0.115391 0.0569924 0.775106
3 0.385113 0.468029 0.0826242 0.0444588 0.742521
3 0.180958 0.518966 0.117022 0.0559019 0.742256
3 0.500295 0.543777 0.114011 0.059642 0.723954
3 0.49768 0.474382 0.078562 0.0467141 0.721976
0 0.754531 0.568104 0.0167807 0.0641592 0.707008
0 0.427624 0.875151 0.0256611 0.103079 0.698196
3 0.487996 0.452907 0.0809437 0.0383029 0.624327
3 0.229707 0.48513 0.110398 0.0477827 0.50832
0 0.719373 0.58299 0.0172501 0.0536461 0.433005
3 0.78367 0.512088 0.0849488 0.0632416 0.398253
4 0.662454 0.55985 0.09037 0.0804208 0.330619
1 0.719128 0.581836 0.0180378 0.0497287 0.328469
4 0.640489 0.561968 0.134392 0.0846356 0.306974
0 0.529439 0.413254 0.00939388 0.0316756 0.289914
3 0.23918 0.509021 0.107673 0.0532623 0.274596
