3 0.2691 0.493222 0.0437146 0.0352874 0.849831
3 0.253399 0.608101 0.0498597 0.0360451 0.830517
3 0.3136 0.518361 0.0438001 0.0326199 0.827179
3 0.316613 0.604337 0.0465175 0.0376858 0.820062
3 0.288129 0.574247 0.0464795 0.039652 0.808954
3 0.80259 0.72973 0.0532449 0.0403387 0.804064
3 0.325347 0.488433 0.0430333 0.0333178 0.801156
4 0.784371 0.682386 0.0466488 0.0447833 0.7991
3 0.749524 0.524398 0.0490897 0.0375602 0.778645
8 0.580203 0.203898 0.0239822 0.0831755 0.776361
8 0.827683 0.624245 0.135864 0.0923845 0.759516
3 0.845772 0.687732 0.0421565 0.038434 0.752096
3 0.546576 0.251777 0.0120336 0.0292868 0.74355
3 0.562824 0.240881 0.0133606 0.0330667 0.730849
3 0.597194 0.334695 0.0144564 0.0353883 0.725843
3 0.551476 0.329318 0.0139511 0.0425476 0.725456
3 0.530043 0.331224 0.0144559 0.0377864 0.717398
3 0.569275 0.274493 0.0132866 0.0318989 0.704686
3 0.548003 0.288891 0.0131241 0.0345384 0.691373
3 0.558614 0.177455 0.0124243 0.0219612 0.671609
3 0.563481 0.112766 0.0107096 0.0267277 0.664682
8 0.575002 0.320057 0.0228377 0.0734844 0.662172
3 0.560008 0.200671 0.0121308 0.0224658 0.656487
3 0.186322 0.602131 0.0473037 0.0423712 0.647194
3 0.467912 0.125012 0.0129879 0.0218437 0.64502
3 0.811766 0.769923 0.0598446 0.0510276 0.622513
3 0.551571 0.135213 0.0103295 0.0223353 0.616296
8 0.532897 0.109249 0.018406 0.0679622 0.611446
3 0.541582 0.216481 0.0122176 0.0266255 0.606046
8 0.48511 0.100371 0.0174438 0.0691554 0.600474
3 0.524106 0.192982 0.0111663 0.0250519 0.597797
4 0.186249 0.602525 0.0473381 0.0428014 0.592226
3 0.539099 0.162311 0.0107363 0.0255835 0.562308
3 0.4712 0.0682136 0.00996268 0.0187211 0.517791
0 0.330369 0.890268 0.00984545 0.0308949 0.51141
3 0.550781 0.113689 0.0111407 0.0228097 0.495006
3 0.471211 0.0445087 0.0104685 0.0240297 0.48868
8 0.592034 0.279037 0.0217607 0.0658607 0.484822
0 0.566803 0.871805 0.00783774 0.0285809 0.4649
3 0.469091 0.0883094 0.0106163 0.0228779 0.46345
3 0.490161 0.0178589 0.00987823 0.0192377 0.462206
3 0.554892 0.0482861 0.0104694 0.0209055 0.456167
3 0.472555 0.0128456 0.0107266 0.0196607 0.444515
8 0.986052 0.625075 0.0278954 0.082778 0.442875
4 0.812721 0.769226 0.0634119 0.0518005 0.44234
0 0.416029 0.423895 0.00584468 0.0214595 0.440217
0 0.572331 0.66792 0.00725403 0.0251902 0.425204
0 0.580097 0.891037 0.00925855 0.0276302 0.423861
3 0.946475 0.641356 0.0478276 0.0425407 0.416219
8 0.773963 0.604157 0.0694573 0.056578 0.41013
3 0.527421 0.0577256 0.00877202 0.0192966 0.371582
0 0.397099 0.425784 0.00670628 0.0215229 0.365747
0 0.739502 0.564317 0.00874634 0.0236894 0.360465
0 0.816935 0.887023 0.00971296 0.0360697 0.344589
0 0.56726 0.907675 0.00803776 0.0266625 0.333132
8 0.485689 0.110129 0.0165771 0.0516254 0.328774
3 0.541356 0.206947 0.0130401 0.0271794 0.317656
3 0.553258 0.0321469 0.0114918 0.0225481 0.316651
3 0.468791 0.0823591 0.0126409 0.0231231 0.314254
3 0.523765 0.0359015 0.010082 0.020668 0.309492
8 0.529444 0.277884 0.0174278 0.0614276 0.29297
0 0.556863 0.669317 0.00761815 0.0213876 0.289441
3 0.546334 0.0675562 0.0144592 0.0304459 0.283516
0 0.82915 0.864335 0.00845058 0.0354325 0.27587
3 0.539049 0.167171 0.0105412 0.021132 0.271403
0 0.441267 0.412684 0.00573957 0.0203271 0.265532
8 0.809579 0.607695 0.133803 0.0633264 0.257199
0 0.589403 0.666957 0.00884225 0.0218994 0.25444
5 0.926847 0.667162 0.0878525 0.0656382 0.252082
