3 0.434263 0.944442 0.0475478 0.100396 0.882107
3 0.527365 0.789158 0.0403421 0.0589371 0.882034
3 0.529566 0.852848 0.0606502 0.0655497 0.872317
3 0.403937 0.834037 0.0401453 0.0791263 0.859384
3 0.307243 0.447484 0.0138326 0.0155828 0.736693
3 0.316782 0.492579 0.0170509 0.022871 0.692414
0 0.429839 0.641655 0.00754281 0.023205 0.669946
3 0.383796 0.652328 0.0212022 0.0377418 0.666929
0 0.344912 0.836125 0.0108186 0.0314916 0.655138
5 0.365424 0.679382 0.0368675 0.0839833 0.627869
3 0.300533 0.421211 0.011639 0.0162051 0.624879
3 0.325911 0.402363 0.0109597 0.014447 0.623043
3 0.535701 0.99006 0.0639498 0.0198799 0.605235
0 0.351551 0.736869 0.0105854 0.0293663 0.604202
3 0.338044 0.485788 0.0151145 0.0231618 0.59438
0 0.382809 0.901123 0.0114485 0.0339233 0.579217
5 0.433083 0.581111 0.0417725 0.0678886 0.55432
0 0.30634 0.568059 0.0071751 0.0220411 0.554124
3 0.400152 0.520901 0.0297923 0.0219582 0.55313
0 0.357443 0.570066 0.00588569 0.0210098 0.545508
3 0.338329 0.388815 0.0109602 0.0141951 0.527056
3 0.636143 0.98651 0.0699547 0.0269798 0.506349
3 0.3128 0.466857 0.0133174 0.0192882 0.498844
5 0.351233 0.621834 0.0327261 0.062453 0.494561
3 0.312847 0.469852 0.0151575 0.0219669 0.490574
3 0.291577 0.39508 0.00995856 0.0146299 0.479777
0 0.383494 0.535861 0.00699568 0.0184696 0.448729
0 0.285431 0.697433 0.008912 0.0274068 0.442524
4 0.479214 0.681311 0.0392464 0.0617279 0.432102
0 0.395623 0.562 0.00646388 0.0220703 0.431894
0 0.465211 0.560892 0.00721863 0.0220244 0.424702
3 0.370764 0.461387 0.0174753 0.0182983 0.423944
0 0.0790303 0.412094 0.00488295 0.0107399 0.421465
0 0.405595 0.455144 0.00510485 0.0130541 0.417455
9 0.560872 0.672721 0.0142421 0.0235639 0.41348
3 0.389396 0.501265 0.0253819 0.0182549 0.409773
3 0.290909 0.38138 0.00877468 0.0128387 0.407008
0 0.395344 0.44786 0.00576359 0.0125698 0.401086
0 0.454983 0.51527 0.00592917 0.0177506 0.368991
3 0.292498 0.329241 0.0061307 0.00889454 0.368885
3 0.392203 0.504185 0.0226384 0.0182343 0.358578
5 0.479176 0.681971 0.0401487 0.0613563 0.351797
9 0.516678 0.654873 0.011703 0.0219017 0.348591
3 0.291512 0.384477 0.00952388 0.0150071 0.347753
3 0.947882 0.371479 0.0183789 0.0131328 0.328195
3 0.319116 0.338875 0.0102985 0.00990763 0.319007
0 0.306659 0.564401 0.00673645 0.0234592 0.316622
0 0.370495 0.771432 0.0103955 0.0330302 0.29304
0 0.0119196 0.347349 0.00430951 0.011267 0.283551
3 0.390858 0.48552 0.0244885 0.0155242 0.282068
0 0.351655 0.503121 0.0091954 0.0176951 0.280636
0 0.384096 0.532837 0.00621242 0.0179007 0.280621
0 0.330134 0.607178 0.00694308 0.0229539 0.268295
0 0.320658 0.558889 0.00764256 0.0232239 0.257259
0 0.284281 0.562834 0.00634986 0.0170614 0.256532
9 0.520325 0.668988 0.0156569 0.024292 0.25625
