0 0.585499 0.518851 0.0129286 0.0451973 0.748502
0 0.082283 0.301466 0.012508 0.0435276 0.691857
0 0.070265 0.239847 0.0123907 0.0429567 0.578676
0 0.0278418 0.170388 0.010607 0.0366857 0.574762
0 0.28141 0.563572 0.015158 0.0524012 0.454464
0 0.0714348 0.0919246 0.0100518 0.0329731 0.449606
0 0.164003 0.247275 0.00997324 0.0361887 0.448452
0 0.279094 0.565122 0.0146007 0.0515254 0.4368
0 0.574615 0.49379 0.0122343 0.0517802 0.432406
0 0.406917 0.686063 0.0175255 0.0499595 0.41225
0 0.0949706 0.234421 0.00982058 0.0282882 0.408538
0 0.0677289 0.183633 0.0104803 0.0250414 0.389701
0 0.601848 0.646164 0.0178749 0.0563675 0.373347
0 0.0467525 0.123074 0.0112021 0.0336305 0.372131
0 0.00571281 0.047778 0.00908832 0.0251094 0.371711
0 0.0889721 0.264686 0.0118036 0.0326558 0.363383
0 0.0180795 0.0463871 0.0093746 0.0251777 0.35433
0 0.0790129 0.195183 0.0107621 0.0364012 0.337932
0 0.0834131 0.235479 0.0107901 0.0364648 0.300053
0 0.0823268 0.230131 0.0111494 0.0327324 0.290881
0 0.0728897 0.095931 0.0103878 0.0301153 0.280408
