8 0.930741 0.965125 0.0597817 0.0668835 0.720177
4 0.532499 0.558112 0.00880105 0.029679 0.692681
3 0.747451 0.646665 0.0173312 0.0204829 0.644185
5 0.659315 0.358224 0.0221159 0.0241895 0.56434
5 0.634958 0.346216 0.0245813 0.0268522 0.562655
5 0.641064 0.352297 0.0191641 0.0298389 0.556855
5 0.612601 0.326741 0.024839 0.0247743 0.531662
3 0.505165 0.951446 0.00887451 0.0336074 0.515976
3 0.453413 0.358475 0.0126661 0.0163223 0.50929
8 0.708158 0.369652 0.0168094 0.0232702 0.474487
5 0.40826 0.214544 0.0171341 0.0278979 0.463471
3 0.623308 0.527396 0.013398 0.0178024 0.453818
8 0.680473 0.449994 0.0285715 0.0260428 0.444993
3 0.336974 0.251999 0.0118746 0.0124588 0.435207
3 0.740143 0.347486 0.00802787 0.0167202 0.378976
4 0.489921 0.70984 0.00791064 0.0241313 0.373931
8 0.604961 0.29536 0.0163385 0.0262655 0.347089
3 0.747788 0.313173 0.00816502 0.0119828 0.339174
3 0.570737 0.407252 0.0101314 0.0150634 0.335242
5 0.515759 0.24928 0.0177847 0.02407 0.325735
8 0.682907 0.441396 0.0292437 0.024959 0.321472
8 0.594601 0.318672 0.0200761 0.0194344 0.307781
3 0.758232 0.26988 0.00754735 0.0121084 0.302167
3 0.489804 0.709828 0.00789804 0.0252854 0.297445
4 0.354824 0.357689 0.010521 0.0155009 0.294255
8 0.610959 0.327007 0.0231127 0.0245622 0.289236
3 0.18798 0.0803084 0.00861734 0.0101833 0.283287
3 0.576262 0.335321 0.0148992 0.0204129 0.271265
5 0.506023 0.242145 0.016387 0.0233302 0.265354
8 0.515216 0.250421 0.0186037 0.0233968 0.265217
3 0.760065 0.312716 0.00768546 0.0114556 0.261221
3 0.183943 0.169387 0.00779599 0.0129833 0.251936
3 0.676684 0.373559 0.0124252 0.0171257 0.251485
