0 0.456283 0.845993 0.0276269 0.0766716 0.79436
0 0.146858 0.477273 0.0103735 0.0300809 0.699675
0 0.677732 0.373586 0.00732858 0.0199135 0.680445
0 0.710304 0.438497 0.010848 0.0249681 0.662798
0 0.73749 0.384734 0.00708078 0.0215361 0.659905
0 0.381426 0.386922 0.007691 0.021536 0.647149
0 0.341856 0.356159 0.0060258 0.01679 0.601237
0 0.586121 0.395282 0.00974169 0.0229111 0.567556
0 0.34072 0.355967 0.0067421 0.0181546 0.562805
0 0.596923 0.396213 0.00652688 0.0219878 0.541584
0 0.47922 0.328363 0.00519113 0.0146592 0.483315
0 0.740338 0.3347 0.00696141 0.0181559 0.475849
0 0.466425 0.328986 0.00523023 0.0156741 0.475298
0 0.736102 0.385048 0.00970529 0.0211743 0.463238
0 0.711557 0.323451 0.00492785 0.0140174 0.441628
0 0.354354 0.328494 0.00479946 0.013658 0.438456
0 0.765056 0.331008 0.00740016 0.0161794 0.427769
0 0.342542 0.474039 0.00877332 0.029775 0.399207
0 0.709653 0.323365 0.00680769 0.0128749 0.378037
0 0.383103 0.387016 0.00881897 0.0211042 0.37525
0 0.393634 0.310492 0.00521611 0.0116106 0.365215
0 0.738779 0.385575 0.00994542 0.0211716 0.362877
0 0.411769 0.317011 0.00453443 0.0137288 0.360583
0 0.587235 0.394288 0.00661564 0.022683 0.354779
0 0.345636 0.488695 0.0098543 0.0235945 0.29471
0 0.404604 0.312839 0.00411203 0.0147298 0.266164
0 0.795892 0.311888 0.00534589 0.0100069 0.260111
0 0.456459 0.328365 0.00484741 0.0160506 0.259593
