3 0.510019 0.55014 0.0223019 0.0505693 0.873795
4 0.633092 0.809017 0.0768247 0.0602509 0.846216
3 0.624462 0.697243 0.0658714 0.0439618 0.842716
3 0.596127 0.49344 0.0467848 0.0307027 0.833388
3 0.587949 0.438912 0.0419393 0.0249555 0.810475
3 0.581091 0.374947 0.0356072 0.0214578 0.762959
5 0.633929 0.750452 0.084713 0.0670076 0.733345
4 0.643716 0.918983 0.0849467 0.0659958 0.612703
3 0.580675 0.396277 0.034336 0.022338 0.555004
3 0.562347 0.287036 0.026924 0.0156977 0.506483
3 0.561582 0.259085 0.0248115 0.0144886 0.496674
3 0.564721 0.277844 0.0279817 0.014269 0.495786
9 0.470891 0.970681 0.016096 0.0538068 0.47801
3 0.551605 0.171429 0.0173529 0.00926323 0.47103
5 0.643762 0.918259 0.0843492 0.06602 0.44948
3 0.562338 0.262125 0.0251491 0.0134328 0.443535
5 0.515211 0.129144 0.00786477 0.0160611 0.430234
3 0.525957 0.338264 0.011899 0.0260188 0.353322
4 0.55575 0.305094 0.0253156 0.0173932 0.346914
3 0.560434 0.25653 0.0218527 0.0144637 0.334132
6 0.574664 0.347879 0.0232578 0.0160816 0.329694
6 0.61207 0.515862 0.0211719 0.0292395 0.281868
9 0.482986 0.471115 0.00963087 0.0235418 0.278706
