0 0.478837 0.525048 0.0101381 0.0227248 0.66394
0 0.495972 0.580072 0.00985299 0.0178363 0.573721
3 0.619651 0.893332 0.0353285 0.124322 0.560011
0 0.180736 0.545356 0.0161562 0.0203872 0.548933
0 0.182339 0.575263 0.0185456 0.0172387 0.503768
0 0.125556 0.512608 0.0192276 0.0215721 0.496222
0 0.439361 0.4928 0.00938376 0.0207549 0.493816
0 0.17947 0.541921 0.0164251 0.0221603 0.491391
0 0.416184 0.534397 0.0153123 0.0233483 0.469774
0 0.157935 0.547125 0.0156685 0.0196538 0.469249
0 0.502821 0.487694 0.0128768 0.0162198 0.456967
0 0.518721 0.550979 0.0112862 0.0166549 0.44633
0 0.0587224 0.536307 0.017005 0.0190402 0.430961
0 0.512178 0.524074 0.017026 0.0179541 0.427544
0 0.155449 0.568329 0.0157895 0.0207523 0.413411
0 0.414967 0.439678 0.00792903 0.0246841 0.41253
0 0.40766 0.438267 0.00804661 0.0238409 0.387743
0 0.162949 0.528772 0.0177836 0.021118 0.378532
0 0.493223 0.501095 0.0119028 0.0197307 0.374349
5 0.162901 0.95693 0.0594754 0.0841153 0.346057
0 0.495514 0.497163 0.0164331 0.0193333 0.345378
0 0.147466 0.593002 0.015649 0.0170856 0.33992
0 0.414561 0.530368 0.0135304 0.020703 0.338666
0 0.161189 0.526503 0.0167091 0.0188478 0.331634
0 0.508655 0.579357 0.00992658 0.0153897 0.330485
3 0.77279 0.953116 0.0391142 0.0923058 0.32952
7 0.904301 0.957204 0.0289085 0.0822045 0.326154
0 0.149983 0.591925 0.0172107 0.0166696 0.294622
9 0.730591 0.979457 0.0221626 0.037156 0.267959
7 0.620098 0.893297 0.0363225 0.124079 0.262411
0 0.559464 0.533682 0.019734 0.0180063 0.253617
