0 0.904132 0.0556879 0.0149368 0.0288318 0.506262
0 0.329533 0.147403 0.00829934 0.0193905 0.490535
0 0.484389 0.46867 0.00881321 0.0181769 0.487525
0 0.767068 0.578045 0.0117834 0.0150909 0.452394
0 0.430856 0.283983 0.0118769 0.0248788 0.440993
0 0.395359 0.282998 0.00980024 0.018464 0.408392
0 0.473462 0.482638 0.00984833 0.0186756 0.369705
0 0.429686 0.27993 0.0116844 0.0248397 0.346142
0 0.308893 0.135183 0.00759548 0.0233646 0.316977
0 0.721962 0.222108 0.00646859 0.0127489 0.316375
0 0.503801 0.341894 0.010618 0.0223601 0.304128
0 0.397909 0.267076 0.00931593 0.0200946 0.254773
