8 0.90017 0.748531 0.199659 0.212949 0.87861
3 0.105574 0.777078 0.0904009 0.0878713 0.873304
3 0.55278 0.604175 0.0297567 0.0237302 0.846048
0 0.162046 0.960586 0.0355857 0.0788276 0.802663
4 0.0528535 0.88937 0.10536 0.1811 0.798027
3 0.481864 0.600009 0.0254259 0.0243782 0.786053
0 0.202589 0.839161 0.0286139 0.0886635 0.767109
3 0.496314 0.614666 0.0346768 0.0276526 0.722115
3 0.514502 0.600774 0.029688 0.0252433 0.718625
0 0.11963 0.971069 0.0408164 0.0577304 0.703002
3 0.660973 0.603096 0.0371145 0.0265611 0.686276
0 0.789843 0.627664 0.00960824 0.0319306 0.596282
0 0.191202 0.714021 0.012453 0.0523775 0.579188
0 0.185711 0.808883 0.0194129 0.0741478 0.544683
1 0.304354 0.631854 0.00968763 0.0334241 0.526778
3 0.349503 0.558823 0.0150591 0.0151994 0.486783
3 0.591998 0.575145 0.020015 0.0196301 0.447753
3 0.639344 0.57042 0.0224684 0.0169607 0.439647
2 0.309125 0.65028 0.0175896 0.0247401 0.435347
3 0.382076 0.54285 0.0103888 0.0127375 0.425086
0 0.247409 0.588003 0.00745863 0.0215784 0.421114
0 0.276264 0.605294 0.00998154 0.0256707 0.41986
3 0.257834 0.555367 0.0228319 0.0171635 0.407741
3 0.366716 0.539979 0.010303 0.0127238 0.375838
0 0.266734 0.586776 0.00670528 0.0202172 0.371455
1 0.305416 0.59396 0.00742761 0.0229375 0.358801
0 0.387227 0.610467 0.00867937 0.0283819 0.353836
0 0.798098 0.630221 0.00949402 0.0331029 0.350078
1 0.469148 0.566194 0.0062279 0.0160543 0.337733
3 0.622613 0.577493 0.0220335 0.0174551 0.3263
3 0.320155 0.539945 0.0174824 0.0149363 0.324338
2 0.312845 0.649241 0.0141828 0.0255989 0.320041
3 0.627434 0.575616 0.0270647 0.0180758 0.304342
2 0.183167 0.820436 0.0200298 0.0666973 0.295491
3 0.453519 0.529298 0.0155525 0.0112503 0.293427
0 0.801892 0.640991 0.00952872 0.0388606 0.291595
3 0.369836 0.552252 0.0122933 0.0154734 0.289622
3 0.382934 0.547049 0.010834 0.01176 0.286373
0 0.274305 0.604542 0.0111172 0.0268721 0.283959
