3 0.312934 0.765329 0.0372396 0.0224754 0.881265
5 0.482425 0.808802 0.0298423 0.196299 0.848705
5 0.559048 0.746568 0.0453646 0.0313168 0.835427
3 0.262923 0.816334 0.0388847 0.0244553 0.825965
3 0.299292 0.789721 0.0388745 0.0239079 0.824879
3 0.31292 0.677644 0.02743 0.0203377 0.804478
3 0.366281 0.588905 0.0287838 0.0184146 0.766999
4 0.396641 0.608128 0.0325243 0.0208296 0.76564
3 0.349244 0.660765 0.0281065 0.0207781 0.765201
3 0.359297 0.626602 0.0316783 0.0190511 0.740819
5 0.448942 0.753653 0.0284761 0.160327 0.725546
3 0.313547 0.660981 0.0267649 0.0208459 0.718402
3 0.323037 0.627741 0.0305917 0.0189756 0.716588
3 0.393037 0.556879 0.0117531 0.0234741 0.625043
5 0.374286 0.74082 0.0195441 0.0551954 0.623793
5 0.456248 0.632402 0.0121691 0.0391023 0.5715
3 0.456574 0.596465 0.0125901 0.0302747 0.553618
3 0.365431 0.403073 0.0209287 0.0110091 0.523725
3 0.359401 0.417501 0.0172833 0.0112511 0.52096
3 0.365269 0.444091 0.0201229 0.0173529 0.48081
3 0.514257 0.618353 0.0108139 0.0294594 0.477125
5 0.369658 0.489883 0.0490077 0.0225244 0.460368
5 0.365234 0.486828 0.0579744 0.0296073 0.450505
3 0.388904 0.673256 0.0128069 0.0294517 0.436389
3 0.471436 0.36885 0.00743238 0.01277 0.432201
9 0.454407 0.462947 0.00397644 0.0092822 0.417284
3 0.394318 0.356055 0.0102473 0.0127228 0.378357
9 0.421191 0.846788 0.00771733 0.0243579 0.376292
3 0.215038 0.623809 0.0327016 0.0162696 0.360206
5 0.459842 0.276276 0.00726528 0.0113642 0.32475
3 0.539926 0.632549 0.0137197 0.030776 0.314991
3 0.363304 0.409568 0.0202734 0.0120205 0.301351
9 0.290408 0.718908 0.014751 0.0132923 0.292989
0 0.429832 0.586378 0.00466291 0.0125695 0.292553
3 0.378866 0.347957 0.0147549 0.0125871 0.285474
1 0.42195 0.842037 0.00677176 0.0177129 0.27649
3 0.589822 0.994971 0.0482482 0.0100587 0.259519
