4 0.299337 0.572474 0.0656885 0.0960592 0.893183
3 0.343261 0.942952 0.110695 0.114095 0.884669
3 0.438641 0.905908 0.125283 0.188184 0.83617
4 0.698847 0.380338 0.0531805 0.057322 0.817641
3 0.403571 0.504098 0.0703473 0.0889893 0.744732
9 0.806386 0.578623 0.0444998 0.040057 0.717935
0 0.368338 0.193617 0.0075204 0.0309706 0.686788
0 0.441626 0.304376 0.00925973 0.035122 0.676391
3 0.944491 0.643721 0.111018 0.0972481 0.623336
0 0.543117 0.280167 0.0107207 0.035944 0.622404
0 0.369635 0.137754 0.00816249 0.0217998 0.595447
0 0.452456 0.309825 0.00891706 0.0390077 0.531897
0 0.477169 0.19291 0.00825958 0.028497 0.514765
0 0.487235 0.193045 0.00821764 0.027702 0.510838
5 0.538518 0.364197 0.077167 0.095538 0.48956
0 0.263917 0.340512 0.0124045 0.0376433 0.476068
0 0.468365 0.331711 0.0102093 0.0379374 0.43659
0 0.511101 0.39543 0.0106903 0.037885 0.40814
6 0.689982 0.723261 0.0838984 0.101094 0.403713
0 0.989875 0.589894 0.0202497 0.041748 0.40027
0 0.333093 0.535884 0.0140539 0.0493813 0.388739
0 0.229279 0.162453 0.00856284 0.0302636 0.375168
4 0.45194 0.152859 0.0256626 0.036732 0.361883
0 0.177121 0.149345 0.00830226 0.0224899 0.344345
0 0.438143 0.712675 0.0163685 0.0340151 0.335325
0 0.261994 0.336555 0.0115661 0.0330231 0.332717
9 0.617951 0.388998 0.0267283 0.0312991 0.332481
0 0.378343 0.206297 0.00731707 0.0266384 0.31896
0 0.245961 0.121205 0.0081417 0.0233714 0.318568
0 0.457272 0.31579 0.0112358 0.0360973 0.308
9 0.270416 0.226791 0.0140161 0.028436 0.304548
0 0.453474 0.305185 0.00837764 0.0340326 0.304034
9 0.32082 0.321962 0.0185712 0.0300201 0.300198
9 0.352718 0.0700237 0.0147068 0.0156629 0.265942
0 0.461301 0.323188 0.010858 0.0415104 0.260737
9 0.348631 0.128379 0.0232089 0.0194123 0.260694
9 0.464859 0.461525 0.0418232 0.030734 0.257229
9 0.350603 0.126092 0.0207247 0.0194333 0.256239
6 0.388232 0.400804 0.0311147 0.0656362 0.252824
9 0.63222 0.337272 0.0147773 0.0209742 0.250303
