0 0.412082 0.374844 0.0379618 0.140407 0.835266
0 0.364615 0.285874 0.0317872 0.126151 0.7858
0 0.227066 0.374629 0.0479171 0.136581 0.778196
0 0.534045 0.257693 0.0260394 0.13354 0.731978
0 0.557763 0.240432 0.0279181 0.121858 0.705735
0 0.320524 0.384474 0.0438785 0.128365 0.6972
0 0.288376 0.402534 0.0404021 0.101857 0.638237
0 0.573231 0.323527 0.0316772 0.127856 0.633012
0 0.290621 0.422229 0.0444989 0.139884 0.609445
0 0.466821 0.348366 0.0344547 0.0991515 0.506542
0 0.533642 0.269507 0.0216675 0.109909 0.492513
0 0.46875 0.494345 0.0385012 0.0650479 0.44895
0 0.362516 0.379364 0.0320015 0.0970958 0.399886
9 0.718969 0.151091 0.0582131 0.0491196 0.301657
9 0.712154 0.149839 0.0434481 0.04471 0.287002
