4 0.692365 0.632013 0.0254861 0.0309121 0.783277
4 0.686363 0.561404 0.0286942 0.028749 0.769296
4 0.686032 0.600125 0.0330805 0.0282014 0.757261
4 0.693103 0.660683 0.0240386 0.0254691 0.740108
4 0.633758 0.46607 0.0204191 0.055001 0.621998
4 0.693623 0.693481 0.0255581 0.0315067 0.597795
9 0.597828 0.394338 0.0182606 0.016384 0.484282
3 0.890016 0.0493641 0.0236041 0.0216225 0.477227
3 0.888371 0.0229675 0.0235226 0.0247223 0.413728
4 0.479642 0.488036 0.0255229 0.0458388 0.392991
4 0.59982 0.468366 0.0268191 0.0488852 0.367493
4 0.565394 0.462821 0.0265761 0.0467657 0.345715
9 0.911414 0.475215 0.0128452 0.015639 0.343408
3 0.914616 0.338227 0.0259521 0.0218762 0.338867
5 0.547172 0.470249 0.0274012 0.0519845 0.325204
4 0.693296 0.702213 0.0275572 0.0274066 0.318225
7 0.518518 0.370991 0.0192666 0.049348 0.311045
9 0.167069 0.507169 0.0190776 0.0219019 0.28456
6 0.682328 0.520931 0.0240822 0.0294653 0.263406
5 0.0607404 0.557319 0.0241575 0.0563699 0.256286
4 0.702486 0.855097 0.0277506 0.0298309 0.254933
