9 0.497305 0.548297 0.0105436 0.0455605 0.726711
6 0.518762 0.193149 0.0178444 0.0534178 0.720456
5 0.474638 0.336367 0.032982 0.124237 0.713003
9 0.410114 0.786382 0.0134676 0.0562522 0.697491
9 0.0920541 0.10019 0.0258869 0.0338258 0.688837
9 0.0420727 0.130685 0.0225434 0.0379883 0.657429
6 0.594529 0.845906 0.0226261 0.0773867 0.6544
6 0.685706 0.951436 0.0261917 0.08361 0.651618
9 0.592786 0.261687 0.0127182 0.0466956 0.635631
9 0.428211 0.784334 0.0130028 0.0554418 0.635387
6 0.491191 0.916764 0.0196579 0.085829 0.622166
9 0.594028 0.667107 0.0151182 0.047348 0.609707
6 0.503761 0.240257 0.0152088 0.0565015 0.58242
6 0.563413 0.279917 0.019946 0.0634779 0.561079
9 0.507124 0.0296667 0.0119451 0.0385047 0.544543
9 0.4842 0.17105 0.0106519 0.0397602 0.542034
9 0.570471 0.649651 0.0158648 0.0564972 0.498854
9 0.461911 0.806905 0.0162355 0.0498549 0.473949
6 0.439527 0.825787 0.0216416 0.0744415 0.423277
6 0.455592 0.895966 0.0235462 0.0785245 0.418796
6 0.439373 0.628694 0.0145578 0.0738764 0.394423
9 0.413972 0.301365 0.0226039 0.0320055 0.39399
4 0.598349 0.971851 0.0308233 0.0493874 0.386642
6 0.383142 0.217724 0.0474005 0.0546668 0.37399
9 0.417244 0.262007 0.0161216 0.0343296 0.353213
9 0.705038 0.797673 0.0305873 0.0294192 0.333563
6 0.669085 0.634792 0.0159294 0.0666528 0.317873
9 0.419631 0.915543 0.0172047 0.0332612 0.309386
7 0.563672 0.280157 0.020769 0.0663709 0.284114
9 0.700452 0.798829 0.0393996 0.0325217 0.274595
6 0.331852 0.12795 0.0442708 0.0538078 0.271448
9 0.393802 0.189748 0.0216546 0.0260966 0.265693
9 0.483753 0.165 0.0111017 0.0434403 0.265444
9 0.434544 0.893884 0.0146482 0.0429262 0.251663
