8 0.489033 0.772949 0.110258 0.10052 0.866739
3 0.358434 0.771727 0.0586897 0.0469449 0.793163
3 0.37352 0.701926 0.0452017 0.0337426 0.782966
9 0.442289 0.939848 0.04593 0.0478655 0.759104
3 0.967813 0.704211 0.0269413 0.0312376 0.741806
0 0.731059 0.852897 0.0125505 0.0426692 0.694103
0 0.85945 0.840099 0.0150978 0.0452693 0.687552
0 0.985709 0.837754 0.0131227 0.0421883 0.68147
9 0.559777 0.964413 0.0259983 0.0699865 0.65828
3 0.896367 0.746871 0.0314568 0.0420614 0.645582
9 0.48166 0.90973 0.0406501 0.0414292 0.636383
3 0.977255 0.625948 0.019358 0.0186514 0.634252
9 0.480721 0.878259 0.0373083 0.0417375 0.617283
0 0.991014 0.974446 0.016502 0.050504 0.616595
0 0.59485 0.77524 0.0108231 0.0390378 0.601687
0 0.918212 0.764917 0.0119608 0.0367926 0.588601
0 0.801024 0.820145 0.0119141 0.0432025 0.577355
7 0.882331 0.768558 0.0320969 0.0402407 0.566047
9 0.371651 0.90386 0.0378642 0.0458804 0.54808
0 0.669714 0.942613 0.0167463 0.0542971 0.520952
3 0.480531 0.710464 0.0451188 0.0326731 0.518433
9 0.531727 0.964637 0.0195974 0.0547706 0.515489
0 0.828679 0.816734 0.0117065 0.0385422 0.510868
0 0.993567 0.941399 0.0128654 0.0491454 0.494116
3 0.40792 0.716889 0.0302863 0.0305044 0.481729
0 0.995645 0.859333 0.00871007 0.0382524 0.472872
0 0.99108 0.779976 0.011554 0.0402545 0.45016
2 0.658565 0.802747 0.0119576 0.0329261 0.445249
0 0.672407 0.938662 0.0197209 0.0608328 0.443376
0 0.593758 0.740911 0.0100958 0.0329185 0.419696
3 0.993816 0.626601 0.0116749 0.0185939 0.400104
2 0.48907 0.977862 0.0440186 0.042261 0.387269
4 0.485514 0.723183 0.0540943 0.0513985 0.378241
3 0.336821 0.662715 0.0316492 0.0234568 0.373598
3 0.797085 0.757561 0.0530061 0.0394037 0.344399
0 0.995525 0.841236 0.00786673 0.0442978 0.343791
3 0.890626 0.616413 0.0287285 0.0173121 0.336867
0 0.792189 0.819653 0.00988752 0.0432142 0.334812
0 0.621772 0.784741 0.0092058 0.03677 0.33196
0 0.680748 0.824485 0.013175 0.0418511 0.331382
0 0.789589 0.819959 0.0102104 0.0430706 0.330623
0 0.634784 0.801216 0.0120392 0.0390414 0.328565
0 0.813513 0.812324 0.0114708 0.0415915 0.3245
0 0.985282 0.72472 0.00952802 0.0314639 0.300021
4 0.866089 0.641789 0.04242 0.0257332 0.298062
0 0.822743 0.784571 0.0105373 0.0383182 0.281817
0 0.733944 0.792383 0.0130443 0.0330965 0.280805
0 0.90237 0.695358 0.010849 0.024235 0.275206
7 0.749602 0.722445 0.0344731 0.0334074 0.273205
0 0.879586 0.702626 0.00959647 0.0280942 0.270589
4 0.816393 0.674561 0.0492693 0.0351565 0.269013
3 0.872424 0.633585 0.0331127 0.0215735 0.262317
3 0.797853 0.734302 0.0461445 0.0417686 0.255388
3 0.807938 0.742758 0.060634 0.0418648 0.254986
