0 0.319328 0.538431 0.0145697 0.0280383 0.429902
9 0.714885 0.569144 0.0201954 0.0600064 0.403059
0 0.129038 0.029807 0.0164357 0.0421965 0.38294
9 0.593744 0.500751 0.0485588 0.0523259 0.353751
0 0.76012 0.947376 0.0278208 0.0274877 0.353178
9 0.690971 0.525158 0.0231867 0.035435 0.337819
9 0.480875 0.392442 0.0158672 0.0513363 0.317395
9 0.662775 0.612131 0.0272781 0.0428545 0.302579
0 0.122417 0.0223834 0.0147832 0.0414147 0.285071
9 0.655357 0.605441 0.0270384 0.0431743 0.281856
0 0.763954 0.922078 0.025923 0.0246388 0.270174
9 0.604407 0.497988 0.0298429 0.045036 0.26611
9 0.318748 0.906189 0.032782 0.0280336 0.260297
0 0.31072 0.558721 0.0137529 0.0252642 0.254566
9 0.67085 0.623233 0.0178203 0.037383 0.252634
9 0.524732 0.450638 0.0277754 0.0339454 0.252519
