4 0.199491 0.940709 0.0485087 0.0731811 0.885104
3 0.692054 0.956987 0.0435133 0.0313047 0.852816
3 0.403213 0.647377 0.0151917 0.039184 0.85206
5 0.338069 0.621654 0.03134 0.137704 0.848495
3 0.664502 0.831551 0.040148 0.02659 0.841561
3 0.644412 0.729271 0.0357729 0.0242691 0.836834
4 0.133318 0.951539 0.0434644 0.0291423 0.834217
3 0.656638 0.807237 0.038151 0.0244814 0.826989
3 0.581202 0.940643 0.0444216 0.030869 0.821494
5 0.32557 0.780147 0.0375728 0.195393 0.816462
3 0.219302 0.533371 0.0209667 0.0289904 0.815948
3 0.685162 0.923789 0.0444713 0.0288 0.815499
3 0.339451 0.446041 0.0120231 0.026052 0.803377
3 0.64417 0.754709 0.0380838 0.0252004 0.798124
3 0.34411 0.414173 0.0132345 0.0237805 0.798051
5 0.357792 0.804366 0.0313902 0.19636 0.796085
5 0.367357 0.566623 0.0242786 0.116118 0.77788
5 0.387082 0.394213 0.0201909 0.0679611 0.774936
4 0.150951 0.917501 0.0421096 0.030123 0.766097
5 0.352938 0.501118 0.028347 0.107153 0.759282
3 0.329531 0.510159 0.0154213 0.0238935 0.752203
3 0.12376 0.983849 0.0444948 0.0308025 0.749497
3 0.677562 0.89115 0.0415377 0.0317354 0.745843
3 0.360031 0.310811 0.00949145 0.019811 0.742944
5 0.362787 0.661862 0.0214733 0.0823493 0.725
5 0.363776 0.409306 0.02064 0.0680124 0.722323
3 0.356025 0.34645 0.0102085 0.0193885 0.722277
5 0.327537 0.924724 0.0258607 0.0798042 0.717221
4 0.65377 0.780022 0.0368141 0.0276993 0.714836
3 0.375486 0.450049 0.0121303 0.0270508 0.681579
3 0.562933 0.751389 0.0264168 0.0375257 0.678336
3 0.374321 0.353653 0.011193 0.0200034 0.6773
3 0.24105 0.634804 0.0332466 0.0221232 0.676709
3 0.594216 0.974074 0.0482554 0.0391888 0.658496
5 0.408776 0.204462 0.0124578 0.0278284 0.655987
4 0.673508 0.858649 0.039847 0.0283516 0.609103
3 0.393465 0.352107 0.0102686 0.018918 0.596804
5 0.396872 0.31087 0.0128077 0.0430818 0.558192
5 0.382102 0.288509 0.0180841 0.0593743 0.551008
3 0.580459 0.877416 0.0369356 0.0304284 0.53505
3 0.242347 0.604437 0.0305966 0.0207546 0.52903
3 0.587525 0.752387 0.0188736 0.0369919 0.525032
3 0.673152 0.858675 0.0404535 0.0277029 0.516173
4 0.35588 0.961777 0.0227593 0.0742641 0.502653
3 0.435372 0.0143536 0.00715236 0.0122666 0.48683
3 0.561358 0.715516 0.0403547 0.0284498 0.486485
3 0.383343 0.208212 0.00797804 0.014162 0.486101
8 0.355698 0.962288 0.0221313 0.0745648 0.462301
5 0.36578 0.583273 0.0220191 0.0857437 0.457572
5 0.421871 0.402719 0.0149762 0.0480657 0.45708
5 0.401263 0.249589 0.0127745 0.0491172 0.449068
3 0.372487 0.26277 0.00920236 0.0172981 0.447272
3 0.390824 0.24394 0.00909546 0.0197784 0.436745
3 0.379896 0.327223 0.0112032 0.0182093 0.434495
9 0.287138 0.941027 0.0067254 0.0272601 0.432369
5 0.416001 0.157125 0.0105661 0.0176187 0.421076
3 0.371242 0.266595 0.00758663 0.0168877 0.406876
3 0.416068 0.0989013 0.00588702 0.0145621 0.399404
9 0.286082 0.940385 0.00966363 0.0265995 0.378703
3 0.417261 0.0806741 0.00671692 0.0136743 0.367275
5 0.410671 0.126924 0.00972464 0.020264 0.362957
5 0.403594 0.173834 0.00960929 0.0199296 0.362622
3 0.407163 0.409782 0.0103864 0.0230668 0.359399
5 0.416251 0.153074 0.011542 0.0247969 0.35587
3 0.41546 0.0807679 0.00650081 0.0118039 0.353999
8 0.438691 0.107281 0.0101952 0.0294938 0.349526
3 0.0220611 0.443768 0.0245125 0.0216899 0.347057
8 0.430701 0.0559008 0.00828897 0.0229532 0.339301
5 0.400848 0.243452 0.0150554 0.044047 0.331211
5 0.418732 0.151912 0.0102001 0.0252585 0.322769
3 0.419302 0.0627466 0.00982753 0.0128735 0.288199
0 0.301972 0.796526 0.00856875 0.0177272 0.28757
3 0.242797 0.587231 0.0300982 0.0198263 0.27671
5 0.403665 0.162111 0.00942278 0.0163787 0.27281
3 0.409268 0.0814817 0.00697305 0.0133106 0.262434
3 0.373413 0.249999 0.00958623 0.0170333 0.256279
3 0.24504 0.581181 0.0311874 0.0258479 0.254312
5 0.406414 0.203495 0.0115368 0.0288639 0.25103
3 0.417185 0.108534 0.00420933 0.0135398 0.250714
