0 0.627951 0.669145 0.011146 0.0340362 0.817962
0 0.720654 0.438523 0.0133261 0.0328269 0.808207
0 0.630017 0.800435 0.0140161 0.0376853 0.728586
0 0.617739 0.329163 0.00849762 0.0331943 0.717986
0 0.608983 0.847878 0.0135633 0.0436097 0.676669
0 0.606525 0.714421 0.0112043 0.0305905 0.658315
0 0.611063 0.637985 0.0147539 0.0321742 0.648324
0 0.616901 0.764842 0.010972 0.0287468 0.627793
0 0.617176 0.795509 0.0111595 0.0323557 0.619626
0 0.842167 0.334494 0.0138493 0.0336923 0.562557
0 0.616173 0.543699 0.0114468 0.0318093 0.532485
0 0.834417 0.3325 0.013731 0.0328152 0.45896
0 0.616856 0.782966 0.0112307 0.0295428 0.429807
0 0.605709 0.488263 0.0105318 0.0334908 0.413236
0 0.611634 0.556805 0.0117317 0.0380689 0.400921
0 0.838041 0.334141 0.0196755 0.0338293 0.385964
7 0.950983 0.171898 0.0399358 0.0645304 0.343391
