0 0.404844 0.443785 0.00690678 0.0289006 0.707775
0 0.414673 0.39676 0.00819262 0.0321395 0.687372
0 0.41341 0.394904 0.00733891 0.0301357 0.607722
0 0.40441 0.636909 0.00799722 0.0168172 0.591474
0 0.401483 0.395336 0.00958383 0.0241627 0.502539
0 0.358539 0.445595 0.00940181 0.0251212 0.460848
0 0.47836 0.0497143 0.00673314 0.0233825 0.446062
0 0.367013 0.929292 0.0102066 0.0216755 0.442909
0 0.4026 0.664225 0.00798444 0.0196056 0.40169
0 0.399107 0.393906 0.0107185 0.0240436 0.390306
0 0.36089 0.438659 0.00853339 0.0261498 0.335146
0 0.39264 0.71747 0.00786913 0.0166669 0.330784
0 0.160065 0.0260423 0.00806377 0.0253139 0.308698
0 0.182452 0.470846 0.0123554 0.0290597 0.306398
0 0.412232 0.917476 0.00647505 0.0228659 0.276103
0 0.422978 0.387863 0.00846231 0.0253232 0.273715
