3 0.636569 0.936076 0.0694298 0.127849 0.935119
3 0.524724 0.568903 0.0546497 0.10198 0.896507
3 0.496806 0.465942 0.0527905 0.0983632 0.863959
3 0.399502 0.101619 0.0286751 0.0697137 0.827814
0 0.428995 0.152956 0.0110873 0.0270636 0.605269
4 0.391159 0.360529 0.0490169 0.0984763 0.547871
0 0.436605 0.171819 0.0110571 0.0230048 0.517212
3 0.391191 0.360609 0.0492656 0.0982702 0.424228
0 0.417913 0.194434 0.0100367 0.0210896 0.351909
0 0.408481 0.154204 0.0143654 0.0282812 0.342331
0 0.43932 0.0879088 0.00893877 0.0227799 0.318835
3 0.271059 0.333149 0.0442018 0.0942464 0.308156
