8 0.363366 0.577723 0.067758 0.0610743 0.908878
5 0.322483 0.622459 0.07053 0.0727895 0.898775
5 0.366511 0.714394 0.0461107 0.0632192 0.887927
3 0.464946 0.648475 0.0345596 0.0322253 0.880732
5 0.482807 0.541023 0.0749243 0.0483282 0.879435
3 0.534378 0.690857 0.0303236 0.031455 0.862008
3 0.362602 0.679886 0.0331062 0.0336916 0.854687
3 0.321677 0.674404 0.0343904 0.0347331 0.852638
3 0.559572 0.564259 0.0329088 0.027581 0.851057
3 0.242825 0.598152 0.0275206 0.0299638 0.850421
3 0.46125 0.619368 0.0322518 0.0271393 0.848861
3 0.399233 0.714458 0.0347856 0.0360176 0.845045
5 0.243574 0.558956 0.0882954 0.0921397 0.833305
5 0.711049 0.449639 0.0213035 0.0609206 0.813986
3 0.179175 0.467359 0.0216918 0.0187497 0.797846
5 0.51674 0.714468 0.0498807 0.051254 0.791164
5 0.71422 0.779255 0.107239 0.0867916 0.776155
5 0.731443 0.481378 0.0211674 0.0768618 0.769078
3 0.129375 0.445679 0.0199213 0.0167409 0.742205
4 0.599984 0.408639 0.0333078 0.0257318 0.705578
5 0.418549 0.687044 0.0367065 0.0428332 0.696664
3 0.784987 0.270629 0.00796666 0.0135096 0.669154
3 0.263302 0.510126 0.022937 0.0220231 0.668854
4 0.118104 0.471878 0.0218733 0.0242907 0.659961
5 0.948022 0.180682 0.0229624 0.01254 0.64263
4 0.239809 0.516804 0.0351736 0.0392426 0.603068
6 0.531987 0.858693 0.0329027 0.0361357 0.600348
5 0.153321 0.168445 0.0253183 0.020636 0.597037
3 0.736016 0.327113 0.00963593 0.0189077 0.582962
9 0.680185 0.696274 0.0085808 0.0281371 0.566165
5 0.415871 0.64128 0.0407727 0.0433197 0.55316
5 0.239349 0.516039 0.0347169 0.0390222 0.541544
5 0.71545 0.366636 0.017147 0.0547022 0.509841
8 0.855906 0.215574 0.0153362 0.0220532 0.430879
4 0.416175 0.642253 0.0410476 0.0438451 0.416739
3 0.842683 0.229823 0.00952986 0.011676 0.410255
3 0.126123 0.758548 0.0355017 0.0427851 0.409867
1 0.0286131 0.439389 0.00754057 0.0128358 0.404335
3 0.576407 0.391591 0.013036 0.020277 0.3804
3 0.627789 0.317757 0.0202605 0.0144925 0.340519
4 0.418553 0.687107 0.0365728 0.0434891 0.330355
4 0.860449 0.243828 0.0159399 0.0120406 0.323763
9 0.0287111 0.443243 0.00851847 0.0135666 0.32296
