0 0.497873 0.170569 0.00829764 0.0221264 0.623636
0 0.493679 0.516404 0.00870915 0.0229005 0.620577
0 0.50845 0.0189801 0.00815351 0.0227983 0.537589
0 0.527109 0.486459 0.00881348 0.0206403 0.479634
0 0.480954 0.78469 0.00838035 0.0173612 0.479013
0 0.657637 0.559544 0.0108361 0.0234621 0.445341
0 0.460939 0.30306 0.00961609 0.0237658 0.445075
0 0.445007 0.63912 0.0108212 0.0159182 0.44295
0 0.467978 0.135645 0.00831887 0.0275818 0.435266
0 0.467213 0.270821 0.00847072 0.0270179 0.431274
0 0.442521 0.584708 0.00896572 0.0215516 0.430409
0 0.486678 0.0777925 0.00766087 0.0236257 0.424932
0 0.457212 0.348813 0.00776991 0.0175018 0.412236
0 0.430809 0.578468 0.0095728 0.0197039 0.408703
0 0.806864 0.586443 0.0176465 0.0185618 0.385398
0 0.806608 0.590027 0.0171198 0.019241 0.382495
0 0.456146 0.805943 0.00844953 0.0156173 0.378539
0 0.434787 0.771591 0.00714844 0.0163908 0.375407
0 0.477653 0.0744797 0.00791395 0.0225691 0.343206
0 0.453085 0.498541 0.00892181 0.0260868 0.314065
0 0.477935 0.0779641 0.00806388 0.0244837 0.29969
0 0.442701 0.673661 0.010304 0.01979 0.296045
0 0.443457 0.851937 0.00837476 0.0173309 0.286773
0 0.468493 0.885099 0.00747358 0.0202993 0.255512
