8 0.646211 0.586537 0.16344 0.0748118 0.896527
3 0.557508 0.429602 0.0416835 0.0243851 0.876611
3 0.657461 0.354469 0.02006 0.0228857 0.852186
3 0.616291 0.38454 0.0260645 0.028302 0.838937
3 0.443264 0.765426 0.0335236 0.099054 0.832602
0 0.711055 0.735226 0.0107681 0.0297122 0.681262
9 0.503409 0.818101 0.0144274 0.0547607 0.630302
0 0.320915 0.313761 0.00693444 0.0164318 0.535478
3 0.361671 0.16436 0.0156889 0.012092 0.369923
0 0.879934 0.649944 0.011438 0.0205548 0.340907
0 0.248427 0.340567 0.0093605 0.0130542 0.333451
0 0.251103 0.340925 0.0103007 0.0123513 0.331503
0 0.761205 0.251142 0.00552761 0.0145501 0.306081
0 0.453684 0.191547 0.00523603 0.0092413 0.286389
3 0.400626 0.178756 0.0165439 0.0112091 0.280119
3 0.421266 0.174946 0.0165609 0.0104232 0.273003
2 0.436163 0.552033 0.00983564 0.0252165 0.261087
