6 0.342987 0.855758 0.0473072 0.133472 0.895171
7 0.619139 0.731688 0.0344539 0.115057 0.856306
3 0.480776 0.342701 0.0228005 0.0415287 0.84569
3 0.916533 0.942939 0.0755949 0.111987 0.845188
3 0.841065 0.578177 0.0780672 0.0652911 0.791171
3 0.592391 0.372984 0.024852 0.0448626 0.774495
3 0.421754 0.267753 0.0338446 0.0263562 0.764859
8 0.0591617 0.571523 0.118323 0.110831 0.764504
6 0.364069 0.749656 0.0425136 0.072796 0.738761
7 0.917344 0.715579 0.0424564 0.0983694 0.688738
3 0.0429632 0.407767 0.0576605 0.0587357 0.623665
4 0.113182 0.426585 0.0481875 0.0517543 0.615226
1 0.535032 0.54091 0.0116964 0.0338678 0.595555
5 0.187487 0.499907 0.0692591 0.0578513 0.562628
7 0.350242 0.399255 0.0293641 0.0513843 0.560841
1 0.573614 0.525727 0.0100166 0.0372423 0.537952
6 0.697874 0.499198 0.0407264 0.0431806 0.528236
9 0.982468 0.975041 0.0349098 0.0499172 0.505678
1 0.588678 0.482525 0.00999256 0.0322016 0.477651
6 0.482471 0.445411 0.0160952 0.0574196 0.459107
0 0.658765 0.484702 0.0086245 0.0406138 0.445716
6 0.44767 0.453587 0.0203698 0.0395171 0.440546
3 0.621784 0.175434 0.0255219 0.0182518 0.429835
6 0.98731 0.580233 0.0252716 0.0512693 0.409699
7 0.0286511 0.460041 0.0209547 0.0397913 0.406801
9 0.559594 0.50758 0.011937 0.040051 0.403518
9 0.536687 0.562383 0.0165102 0.0404191 0.401666
9 0.267979 0.651377 0.0174711 0.0379779 0.401407
5 0.0585408 0.571492 0.117056 0.11128 0.39534
7 0.724154 0.549403 0.0538578 0.0537892 0.358271
6 0.162632 0.695999 0.0739046 0.0780059 0.35614
9 0.573641 0.526642 0.0101643 0.0397218 0.341055
7 0.14928 0.409774 0.0266492 0.0423701 0.339941
6 0.00900946 0.511365 0.0180189 0.0431834 0.339728
6 0.02883 0.459619 0.0217859 0.0405092 0.335261
4 0.0431207 0.407461 0.0568097 0.0586429 0.332689
1 0.537512 0.543438 0.0138235 0.0356465 0.33147
7 0.298622 0.432491 0.0431419 0.0603673 0.318658
9 0.588612 0.496126 0.0115111 0.0312465 0.304705
1 0.589174 0.488839 0.0100142 0.0374886 0.301386
6 0.298656 0.433979 0.042993 0.0581068 0.291458
1 0.559627 0.502964 0.0126225 0.0402373 0.286209
9 0.688417 0.385446 0.0205156 0.0183324 0.286057
0 0.609815 0.447166 0.00875358 0.0429261 0.285302
9 0.646001 0.513481 0.0256578 0.0322861 0.284139
7 0.635421 0.305267 0.0196478 0.029688 0.279724
6 0.167458 0.707391 0.0586579 0.0569885 0.27889
9 0.573563 0.533164 0.00995204 0.0334797 0.27866
7 0.385555 0.288517 0.0271039 0.035227 0.269596
3 0.556012 0.096981 0.00898217 0.0163474 0.267503
7 0.161962 0.697489 0.0729418 0.0789245 0.265335
6 0.364112 0.332109 0.0239279 0.0308669 0.263204
7 0.356133 0.272982 0.0194637 0.019726 0.259169
9 0.329038 0.378669 0.0212243 0.0331915 0.256089
9 0.668803 0.492792 0.0135704 0.0334873 0.254299
3 0.56644 0.115038 0.00803402 0.013653 0.25379
7 0.482552 0.444766 0.0162611 0.0566014 0.251234
