0 0.647118 0.758775 0.00978424 0.0214189 0.654121
0 0.456348 0.620587 0.0109602 0.0197603 0.518115
0 0.383515 0.769236 0.00967329 0.0318184 0.48262
0 0.651733 0.871503 0.0100926 0.020228 0.467654
0 0.431829 0.311377 0.0104688 0.02931 0.44828
0 0.603087 0.407719 0.00972364 0.0223748 0.442861
0 0.557236 0.472795 0.0147596 0.030596 0.427342
0 0.394909 0.771105 0.00944175 0.0249917 0.425015
0 0.55466 0.480197 0.0106751 0.0289609 0.421899
0 0.842872 0.537828 0.0130986 0.0164683 0.416226
0 0.81683 0.349937 0.0121979 0.0173679 0.405607
0 0.470817 0.215856 0.0108866 0.0379736 0.395265
0 0.616966 0.414877 0.0136832 0.0230601 0.392015
0 0.465886 0.21437 0.00988416 0.0383097 0.382482
0 0.602761 0.429087 0.0102829 0.023048 0.377853
0 0.638955 0.278467 0.0128095 0.0341464 0.366358
0 0.42962 0.327994 0.0113238 0.0265777 0.345008
0 0.641085 0.275776 0.012293 0.0335092 0.338684
0 0.767049 0.727478 0.0110452 0.0185334 0.328098
0 0.830891 0.541465 0.011569 0.0252679 0.326806
0 0.443728 0.298776 0.0106479 0.0284204 0.322391
0 0.779593 0.764549 0.0136696 0.0301075 0.308072
0 0.56826 0.489616 0.0147928 0.0274339 0.306168
0 0.463586 0.214802 0.00894697 0.0365457 0.303978
0 0.452343 0.222126 0.00819323 0.024512 0.303539
0 0.741963 0.444264 0.0116852 0.0298347 0.299472
0 0.781243 0.769115 0.0178738 0.036034 0.289801
0 0.613772 0.410702 0.0119492 0.026759 0.286409
0 0.726663 0.636761 0.00931606 0.017308 0.281892
0 0.692022 0.297614 0.0107029 0.0228659 0.279259
0 0.393959 0.725137 0.010693 0.0227241 0.27828
0 0.422986 0.556285 0.00866734 0.0267632 0.276375
0 0.589716 0.412325 0.0121857 0.0253333 0.276023
0 0.569191 0.499943 0.0184475 0.0219573 0.265405
0 0.637061 0.282126 0.0118003 0.0286924 0.26249
0 0.593552 0.409497 0.0128215 0.0235899 0.260433
0 0.455354 0.926449 0.00894693 0.0197181 0.259977
0 0.420635 0.102622 0.0138339 0.0523322 0.255142
