3 0.39796 0.736921 0.0750564 0.06638 0.884792
5 0.52036 0.415652 0.0409714 0.100414 0.884599
3 0.794788 0.66246 0.0762251 0.0686534 0.881008
3 0.578223 0.263293 0.0222392 0.0506168 0.873104
3 0.551416 0.25149 0.0209422 0.0525395 0.863242
5 0.0789259 0.38919 0.157852 0.0951611 0.784845
9 0.500598 0.529907 0.0212401 0.0280909 0.757862
0 0.398331 0.359955 0.00931716 0.0326442 0.723729
0 0.479296 0.486319 0.00914479 0.0337694 0.720686
0 0.493136 0.490672 0.00888842 0.035471 0.698009
0 0.462548 0.480557 0.00849516 0.0373369 0.68749
3 0.0212895 0.217947 0.0424209 0.0422923 0.687089
9 0.415942 0.240098 0.0233072 0.0287929 0.686146
6 0.673512 0.561556 0.0422435 0.0385502 0.678031
9 0.528394 0.604457 0.0190623 0.0423545 0.671619
4 0.161232 0.275055 0.0511617 0.0680171 0.663953
3 0.297185 0.3033 0.0416909 0.0497674 0.643071
6 0.159879 0.832605 0.0439584 0.061591 0.605639
9 0.702077 0.919093 0.0288401 0.0337019 0.581268
3 0.0118082 0.265269 0.0236165 0.0587397 0.53439
7 0.34349 0.236636 0.0352635 0.0381263 0.464745
7 0.0781806 0.903664 0.0650451 0.0632222 0.430627
9 0.85298 0.980697 0.0356598 0.0301895 0.381556
3 0.0775073 0.28701 0.0623056 0.0521907 0.376988
9 0.673378 0.56202 0.0425002 0.0386823 0.288097
9 0.289213 0.210893 0.0142542 0.028066 0.287513
1 0.503286 0.524741 0.00911788 0.0315675 0.279344
