3 0.156696 0.771499 0.133029 0.0821155 0.902492
3 0.0851326 0.613619 0.0638309 0.10416 0.880123
3 0.14015 0.613069 0.0518163 0.0911162 0.874531
3 0.601122 0.454803 0.0441238 0.0520638 0.873497
3 0.640544 0.439991 0.04618 0.0486755 0.865575
4 0.273277 0.594603 0.0439217 0.0719114 0.728367
3 0.377876 0.969134 0.0741341 0.0615785 0.717235
3 0.501767 0.477118 0.037074 0.0451542 0.395506
3 0.919013 0.19507 0.0266892 0.0226629 0.311826
1 0.023328 0.82646 0.0235632 0.0397535 0.260342
9 0.0209488 0.833612 0.0293054 0.0531741 0.251237
