3 0.428964 0.442715 0.0241316 0.0148224 0.824355
3 0.280203 0.473352 0.0308116 0.0175608 0.817988
3 0.176778 0.4929 0.0320773 0.021604 0.758884
3 0.455791 0.438162 0.0192316 0.0168822 0.745112
3 0.128689 0.50013 0.0392748 0.024866 0.735007
0 0.569806 0.618771 0.00781581 0.0217745 0.70067
3 0.395883 0.423735 0.0220726 0.0159332 0.678989
3 0.0635938 0.512558 0.0426763 0.0231536 0.641496
3 0.357229 0.455613 0.0349786 0.0196218 0.640739
3 0.319929 0.46576 0.0258219 0.0192293 0.593119
3 0.225786 0.484101 0.027074 0.0178107 0.567408
0 0.548101 0.591543 0.00880166 0.0243202 0.49852
0 0.473188 0.714605 0.00910566 0.0282903 0.488785
3 0.10207 0.492009 0.0343194 0.0224755 0.471355
0 0.294305 0.886651 0.0149213 0.0375262 0.470523
0 0.852922 0.506542 0.00676618 0.0168361 0.299171
0 0.550835 0.591255 0.0108456 0.022478 0.278795
3 0.00906888 0.527945 0.0181378 0.0198419 0.278366
1 0.189851 0.712083 0.0155284 0.0251073 0.277715
3 0.809642 0.35842 0.0186922 0.0111729 0.260578
