0 0.470026 0.624169 0.00816136 0.0175268 0.509749
0 0.514425 0.616343 0.00866167 0.0187249 0.471231
0 0.433855 0.643263 0.00723515 0.0181079 0.468186
0 0.513421 0.616056 0.00615099 0.0203003 0.44025
0 0.485872 0.625628 0.00925537 0.015112 0.435308
0 0.340093 0.768833 0.00862952 0.01718 0.413748
0 0.446953 0.640926 0.00885982 0.0174333 0.401903
0 0.506658 0.801491 0.00691119 0.0171302 0.400832
0 0.488608 0.625865 0.0103054 0.0162465 0.357637
0 0.630572 0.503498 0.00795432 0.0154594 0.335745
0 0.547108 0.415217 0.00704136 0.0151343 0.332066
0 0.53132 0.518572 0.00742876 0.0156564 0.319404
0 0.516205 0.374446 0.00683877 0.0186891 0.3173
0 0.530007 0.495303 0.00689662 0.0141157 0.309207
0 0.409154 0.662574 0.00605085 0.0157069 0.299487
0 0.527358 0.773385 0.00785653 0.0165287 0.2986
0 0.517896 0.474867 0.00705854 0.017087 0.266442
0 0.464998 0.448679 0.00779515 0.0150036 0.251575
