3 0.616566 0.738138 0.0489826 0.0421794 0.883869
3 0.415276 0.763387 0.033502 0.0576265 0.865547
3 0.582202 0.766272 0.0503482 0.0518633 0.842288
3 0.296384 0.954551 0.0624177 0.0820872 0.822231
7 0.447538 0.635989 0.0152611 0.0364968 0.720196
7 0.440896 0.584204 0.0124846 0.0359387 0.719178
9 0.489477 0.923994 0.0146396 0.0318967 0.684942
0 0.502613 0.703129 0.00732642 0.0264519 0.678349
4 0.624777 0.700695 0.0358805 0.0419978 0.673053
3 0.46362 0.567307 0.0161494 0.0320874 0.671282
0 0.538669 0.735677 0.00594615 0.0293755 0.665828
0 0.528429 0.727636 0.0059371 0.0267516 0.660165
7 0.413085 0.561835 0.0105545 0.0356265 0.631146
0 0.510822 0.738676 0.0065708 0.0305515 0.611758
0 0.539294 0.737045 0.00892795 0.0292159 0.579839
7 0.234063 0.965185 0.0600153 0.05598 0.537832
3 0.539456 0.451842 0.0197942 0.0189739 0.506831
9 0.680946 0.822481 0.0173337 0.024714 0.502529
9 0.355444 0.764506 0.00924399 0.023364 0.452973
7 0.354929 0.576343 0.0172488 0.0239688 0.446868
3 0.624614 0.700022 0.0354533 0.0405846 0.43895
3 0.541758 0.456637 0.0240667 0.0199383 0.428856
0 0.431958 0.66789 0.00758591 0.0307331 0.421245
6 0.458155 0.406582 0.00570459 0.0137555 0.409022
9 0.309637 0.719559 0.0210846 0.0221391 0.403972
1 0.489452 0.922787 0.01369 0.0323794 0.381613
0 0.528649 0.725096 0.00767686 0.0292904 0.375543
3 0.536614 0.342757 0.00962361 0.0151615 0.366545
3 0.528404 0.303435 0.00888482 0.0152656 0.357058
0 0.422037 0.674885 0.00691491 0.0279003 0.353186
7 0.42297 0.626419 0.0245716 0.0317088 0.336458
7 0.928027 0.838748 0.0383774 0.0400729 0.329967
0 0.481184 0.737157 0.00624094 0.0311245 0.329729
6 0.468899 0.647518 0.0144377 0.0290801 0.322677
9 0.492764 0.672178 0.00924778 0.0174485 0.300968
9 0.65998 0.878415 0.0165596 0.03144 0.299528
9 0.659177 0.711957 0.0201545 0.0275254 0.292006
6 0.495907 0.551023 0.0126095 0.0220424 0.29084
3 0.552222 0.340778 0.0140639 0.0151043 0.284236
9 0.671681 0.80725 0.0149488 0.0238379 0.276659
6 0.474122 0.652427 0.0239621 0.0372235 0.271345
6 0.395421 0.739657 0.016513 0.0283114 0.267392
7 0.453946 0.360312 0.00880413 0.0148434 0.264504
7 0.459887 0.332982 0.00751287 0.0132794 0.263951
6 0.310096 0.786626 0.0133031 0.031292 0.261189
9 0.341759 0.775672 0.0102029 0.0285236 0.257431
