3 0.966376 0.566469 0.0672484 0.0472002 0.874446
3 0.260994 0.6528 0.0424611 0.0718526 0.827633
3 0.717575 0.402678 0.0331572 0.0408749 0.826713
3 0.658688 0.242394 0.019314 0.024748 0.82022
3 0.416669 0.135141 0.0232686 0.0179523 0.749907
3 0.417462 0.0749214 0.0175358 0.0124664 0.721531
3 0.73611 0.253569 0.0353532 0.0201411 0.719505
3 0.642928 0.20551 0.0196392 0.022553 0.689582
3 0.368544 0.179575 0.0292999 0.0191469 0.660946
3 0.37282 0.30514 0.0213154 0.0314051 0.642712
3 0.609675 0.165452 0.0146552 0.0187832 0.642412
0 0.787267 0.453674 0.00861319 0.0265783 0.549575
4 0.512144 0.102913 0.0253111 0.0152626 0.543048
0 0.288995 0.671175 0.0109509 0.0259795 0.514896
9 0.172014 0.655151 0.0291352 0.048631 0.49401
3 0.546381 0.079226 0.0192817 0.012325 0.461981
4 0.457176 0.0871718 0.010239 0.0160163 0.461468
3 0.470664 0.0608016 0.0106812 0.0111062 0.453546
3 0.395783 0.170621 0.0199674 0.0122142 0.437468
3 0.0499981 0.259849 0.032803 0.0222673 0.43614
3 0.363643 0.339022 0.0205978 0.0335302 0.386285
4 0.620233 0.211898 0.0199224 0.0286322 0.383754
3 0.491548 0.0928344 0.0237833 0.0132432 0.357811
0 0.786199 0.456092 0.00992222 0.029351 0.35426
3 0.451248 0.0443985 0.0104004 0.0108002 0.336422
9 0.134689 0.658147 0.0224458 0.0203972 0.332288
3 0.439879 0.00617579 0.0127298 0.0102879 0.313337
0 0.771006 0.449975 0.00791269 0.0250421 0.295654
3 0.48125 0.0783025 0.0099884 0.0125364 0.286163
3 0.230434 0.328719 0.0330064 0.0268461 0.285539
3 0.55098 0.0801349 0.0194971 0.0112194 0.279181
3 0.413178 0.0555319 0.0187794 0.0115339 0.279175
2 0.0435756 0.952991 0.0181035 0.0406744 0.271841
1 0.67957 0.284306 0.00584146 0.0186445 0.266264
2 0.884331 0.751142 0.0179146 0.029816 0.26331
1 0.885723 0.744641 0.0171883 0.0228506 0.253832
