3 0.7858 0.685179 0.0390224 0.0377597 0.847389
3 0.642643 0.487006 0.0207161 0.018977 0.833602
3 0.776878 0.623994 0.0375193 0.0333411 0.78751
3 0.671306 0.518504 0.0238293 0.0218123 0.730227
3 0.568447 0.409409 0.0125977 0.0119366 0.717207
3 0.869881 0.666319 0.0439056 0.0321211 0.691135
3 0.57445 0.445972 0.0156582 0.0148689 0.686606
3 0.718647 0.568095 0.0293313 0.0266064 0.673877
3 0.691189 0.53858 0.0256817 0.0246831 0.668581
3 0.705254 0.587567 0.0327346 0.0310944 0.610642
3 0.590966 0.434379 0.0166141 0.0146619 0.596695
3 0.743066 0.669479 0.0320106 0.0368959 0.573315
3 0.604717 0.444897 0.0156717 0.0166475 0.52935
3 0.509884 0.395226 0.0148458 0.0117616 0.467024
3 0.295374 0.459582 0.0198648 0.0155321 0.435716
3 0.738238 0.556518 0.02346 0.0243462 0.398685
3 0.865099 0.715935 0.0281038 0.0332039 0.395857
3 0.88275 0.702534 0.035445 0.0374167 0.353473
3 0.914099 0.557119 0.0379395 0.0220299 0.348445
3 0.987653 0.874298 0.0246942 0.0573455 0.323663
3 0.80889 0.653609 0.0305062 0.0281324 0.296256
3 0.636959 0.529417 0.0260622 0.0316868 0.2913
1 0.829093 0.700508 0.00805804 0.0226571 0.280525
