3 0.61568 0.480801 0.0746805 0.0772059 0.90088
3 0.506102 0.574633 0.0700863 0.0837251 0.889743
3 0.673061 0.361783 0.0569095 0.0638585 0.882597
5 0.769907 0.262672 0.0800171 0.111399 0.881991
3 0.779237 0.339591 0.058918 0.0652049 0.869196
4 0.677409 0.496888 0.0753621 0.0929381 0.859581
3 0.795241 0.395959 0.0606432 0.0689671 0.848617
3 0.314824 0.629796 0.102221 0.100897 0.813958
0 0.691161 0.929429 0.0195814 0.0565398 0.790797
0 0.607993 0.952692 0.0196717 0.0573018 0.677287
3 0.383856 0.649715 0.0900338 0.102851 0.640337
3 0.697314 0.119767 0.0367436 0.0524871 0.627893
0 0.777574 0.113502 0.00795907 0.0315432 0.544742
0 0.379636 0.484711 0.0104755 0.0435829 0.521941
0 0.336736 0.500079 0.0116922 0.0402737 0.496287
0 0.210086 0.552361 0.0114954 0.0432881 0.491771
0 0.711019 0.150616 0.00965585 0.0355688 0.460007
0 0.76855 0.119579 0.00857919 0.0331727 0.457532
0 0.222066 0.553249 0.0134015 0.046984 0.440641
0 0.295545 0.510149 0.0156611 0.0408121 0.390307
0 0.766382 0.121783 0.0091299 0.0348497 0.335921
4 0.38373 0.650192 0.0909254 0.102711 0.28326
0 0.727722 0.14546 0.00965733 0.0336883 0.269359
