3 0.488798 0.52128 0.0582621 0.0379876 0.872333
3 0.64416 0.406119 0.0453987 0.0282855 0.823436
3 0.497039 0.486667 0.0532673 0.0321916 0.81492
3 0.445362 0.675349 0.082692 0.0618627 0.8024
0 0.531379 0.568395 0.00880689 0.0308903 0.763403
0 0.514224 0.654662 0.0106127 0.0349114 0.732281
0 0.53642 0.661723 0.0105019 0.0348895 0.712234
3 0.497034 0.448477 0.0495371 0.0238459 0.693588
3 0.496302 0.465775 0.0489069 0.0290276 0.690316
3 0.493743 0.432134 0.0435104 0.0262866 0.670812
0 0.578144 0.377191 0.00631199 0.0211636 0.660842
3 0.520217 0.389898 0.0408251 0.0191647 0.62653
0 0.496792 0.963836 0.0169649 0.0433452 0.626334
3 0.506457 0.401962 0.0506277 0.0252629 0.619016
0 0.438974 0.841644 0.0141081 0.0463687 0.601368
3 0.493146 0.424926 0.0430284 0.0208522 0.502562
0 0.48619 0.96365 0.0169305 0.0431259 0.493336
0 0.564369 0.350716 0.00536643 0.0177311 0.452625
0 0.566208 0.352487 0.00565861 0.0188107 0.435969
3 0.512352 0.396696 0.0433843 0.0234885 0.396847
0 0.57194 0.377423 0.00639064 0.0198162 0.386995
0 0.57628 0.376451 0.00654497 0.0205395 0.342411
0 0.56562 0.349001 0.00648363 0.0170082 0.29532
3 0.538558 0.363115 0.0322731 0.018397 0.287664
3 0.500919 0.412819 0.0476595 0.0289662 0.285285
