3 0.485275 0.503095 0.0246556 0.0594244 0.874146
3 0.199153 0.619093 0.0743752 0.0478668 0.871895
4 0.297392 0.938809 0.0873421 0.121243 0.8682
3 0.422971 0.391761 0.0186103 0.0361152 0.860392
3 0.487825 0.606758 0.0297465 0.0705465 0.857592
3 0.460424 0.414076 0.0184635 0.0427356 0.85286
3 0.334468 0.455339 0.0224609 0.0432361 0.845125
3 0.114669 0.543649 0.067655 0.035255 0.842082
3 0.235645 0.535408 0.0644499 0.0331413 0.833905
4 0.919694 0.47376 0.0368074 0.0461501 0.833099
3 0.847521 0.427131 0.0465925 0.0377519 0.832881
3 0.309261 0.455757 0.0258761 0.0460835 0.829663
3 0.225801 0.563451 0.0635558 0.0405851 0.823287
3 0.461748 0.349373 0.0177746 0.0316801 0.818236
3 0.951556 0.512901 0.0560127 0.0318813 0.815293
3 0.153018 0.459373 0.0569469 0.0317948 0.813823
3 0.250489 0.494077 0.0575635 0.0315283 0.809073
3 0.349139 0.37848 0.0179973 0.0305786 0.808364
5 0.434201 0.254305 0.0212387 0.0405737 0.802176
5 0.389331 0.319363 0.0200734 0.0483861 0.778623
3 0.362612 0.453957 0.0224238 0.0455555 0.778231
3 0.199727 0.370056 0.0430362 0.0250066 0.777566
3 0.12649 0.516724 0.0706075 0.0332663 0.775175
3 0.371905 0.372935 0.0175963 0.0356986 0.775029
3 0.76091 0.248787 0.0224083 0.0158538 0.754764
3 0.142887 0.492465 0.0627647 0.0313441 0.738103
3 0.261604 0.468753 0.0543692 0.0262688 0.731353
3 0.168994 0.438569 0.0534404 0.0286657 0.717248
3 0.282967 0.383147 0.0405291 0.0235271 0.716175
3 0.217474 0.340197 0.0391851 0.0240074 0.714814
3 0.269329 0.44867 0.0458823 0.0226079 0.706373
3 0.279876 0.39871 0.0390875 0.0239315 0.698409
3 0.365958 0.190045 0.0109483 0.0151278 0.696826
3 0.32583 0.380008 0.0197736 0.0327333 0.682078
3 0.402705 0.259588 0.0150453 0.024156 0.678713
3 0.297498 0.338823 0.0373385 0.0198096 0.676633
3 0.837161 0.574976 0.0473181 0.0369688 0.666758
3 0.20451 0.358314 0.0404298 0.0204362 0.656145
3 0.382569 0.209054 0.013172 0.0186653 0.651278
3 0.817184 0.337349 0.0417712 0.029524 0.636996
3 0.293603 0.358416 0.0431358 0.0226206 0.623355
3 0.299606 0.32161 0.0344926 0.0190778 0.590947
8 0.436274 0.520971 0.0403038 0.129617 0.562682
4 0.40387 0.176072 0.0176018 0.0163846 0.556729
5 0.852024 0.319086 0.0464757 0.0435627 0.553268
5 0.902958 0.21393 0.0529594 0.0346513 0.549902
5 0.65584 0.280798 0.0452911 0.0330913 0.537951
5 0.816856 0.252587 0.0563414 0.043665 0.537328
3 0.733052 0.324892 0.0317941 0.0220751 0.526836
5 0.950632 0.230304 0.0256813 0.0341515 0.512689
9 0.984724 0.695882 0.0295612 0.030689 0.49555
3 0.338874 0.155241 0.010028 0.0104976 0.493174
3 0.294228 0.354053 0.0411181 0.0230018 0.484297
5 0.862668 0.272736 0.0468162 0.035203 0.480859
3 0.435103 0.462811 0.0297239 0.0344702 0.480658
0 0.177925 0.516201 0.00977285 0.0266023 0.473608
3 0.360144 0.170192 0.013335 0.0111927 0.471414
3 0.300926 0.310913 0.0336156 0.0180141 0.469868
3 0.338201 0.153082 0.0093895 0.0132465 0.463506
4 0.167672 0.439618 0.0577902 0.0298804 0.460712
3 0.963516 0.459773 0.0424723 0.0318261 0.44614
3 0.895074 0.318845 0.0323048 0.0251674 0.445064
3 0.941564 0.598015 0.0543134 0.0425644 0.441929
3 0.302712 0.307829 0.0330639 0.0169652 0.413683
3 0.280589 0.387881 0.0405932 0.0255972 0.413401
3 0.296841 0.346716 0.0372602 0.0191217 0.404768
9 0.99313 0.724193 0.0132711 0.034111 0.390713
3 0.203545 0.361719 0.0428418 0.0191921 0.380615
3 0.384628 0.187471 0.0132191 0.0174074 0.372709
3 0.207731 0.354179 0.0378566 0.0204656 0.357172
3 0.975811 0.202228 0.0230854 0.0194816 0.351245
5 0.787484 0.226951 0.0317321 0.0234556 0.349517
3 0.357882 0.144005 0.0080317 0.00941371 0.343627
3 0.274581 0.440601 0.0466439 0.0257153 0.337044
4 0.905556 0.313762 0.0338951 0.0240849 0.335732
3 0.887905 0.322172 0.0365138 0.0258621 0.332931
5 0.80816 0.254749 0.0387209 0.0391685 0.331685
3 0.352504 0.158828 0.00864679 0.0112146 0.325147
3 0.31541 0.0946503 0.00840759 0.00803888 0.318958
3 0.906712 0.313717 0.0333146 0.0253425 0.310744
3 0.367453 0.156434 0.0116448 0.0104944 0.310525
5 0.754106 0.307208 0.0414837 0.0325096 0.30748
3 0.841896 0.26881 0.0303809 0.0184114 0.304941
3 0.369959 0.147862 0.0103825 0.0124125 0.279106
3 0.36266 0.172378 0.0124377 0.0121466 0.276591
5 0.984526 0.226713 0.0309487 0.0420852 0.275747
5 0.792652 0.226696 0.0430259 0.0256914 0.273181
3 0.377123 0.152344 0.00888981 0.0121273 0.272625
3 0.380616 0.130617 0.0174896 0.0112889 0.268099
4 0.753432 0.307965 0.0430067 0.0340172 0.26296
3 0.992889 0.15504 0.0142214 0.0127336 0.262903
3 0.948267 0.31621 0.0317773 0.0217066 0.261633
3 0.995444 0.144389 0.00911176 0.0149912 0.259942
5 0.424448 0.169146 0.0158485 0.0383751 0.257652
