3 0.625024 0.643039 0.0890203 0.127004 0.925732
3 0.492516 0.265233 0.044914 0.12123 0.916083
3 0.135071 0.898993 0.100518 0.0703693 0.91335
3 0.845613 0.9062 0.108362 0.0689232 0.875021
3 0.506529 0.912104 0.0998045 0.075006 0.866652
0 0.0795396 0.48406 0.0234281 0.0307102 0.818
0 0.13079 0.437103 0.0201522 0.0277959 0.790887
4 0.84486 0.906494 0.108233 0.069478 0.762549
0 0.323097 0.446966 0.0122265 0.0325356 0.746563
0 0.322469 0.382248 0.013935 0.035921 0.743268
0 0.132116 0.399117 0.0201865 0.0279171 0.736714
0 0.62759 0.491375 0.0140349 0.0354964 0.734666
0 0.332425 0.0817435 0.0114974 0.044188 0.71778
3 0.0217544 0.695746 0.0434283 0.0704481 0.709741
0 0.292298 0.469574 0.0154905 0.0264943 0.704052
0 0.0179613 0.397751 0.0278607 0.0336314 0.695748
0 0.280557 0.489409 0.0146632 0.0231144 0.692187
0 0.321638 0.0354529 0.0114771 0.0391892 0.683686
0 0.345819 0.623041 0.0131188 0.032407 0.682543
0 0.632395 0.527306 0.0126146 0.025599 0.666016
0 0.442329 0.647588 0.0133701 0.0306828 0.663291
0 0.483205 0.783425 0.0128952 0.022179 0.651928
0 0.454934 0.783255 0.0117699 0.0197652 0.651504
0 0.312774 0.0611645 0.0111521 0.0425946 0.638656
0 0.390903 0.808284 0.0145448 0.0189597 0.637294
0 0.889833 0.574623 0.0264271 0.0276422 0.637232
0 0.00709881 0.4804 0.0140937 0.0249974 0.598253
0 0.00851731 0.439465 0.0168928 0.0227527 0.596058
0 0.294833 0.416259 0.0138131 0.0290177 0.592991
0 0.427956 0.806451 0.0122944 0.0177 0.592155
0 0.2621 0.061088 0.0127226 0.0351291 0.565167
0 0.275731 0.378072 0.0132717 0.0425065 0.564013
0 0.324453 0.494058 0.0132957 0.0335972 0.546713
0 0.149482 0.375545 0.0250373 0.0217583 0.545268
0 0.244165 0.272601 0.0133482 0.0445663 0.543637
0 0.615759 0.471168 0.0121188 0.0233268 0.543239
0 0.257185 0.156433 0.0156187 0.0390994 0.541397
0 0.274773 0.372842 0.0129215 0.0332944 0.521146
0 0.209709 0.554737 0.0186355 0.0281204 0.511549
0 0.2173 0.565337 0.0185995 0.0358895 0.503076
0 0.498193 0.682163 0.0130961 0.0276559 0.483804
0 0.369855 0.12515 0.0114391 0.0476879 0.48305
0 0.214553 0.561758 0.0199717 0.035036 0.4714
0 0.481368 0.573534 0.0158285 0.0321298 0.466213
0 0.301537 0.0141504 0.0102801 0.0283009 0.465599
0 0.22989 0.561367 0.0158163 0.0280375 0.451617
0 0.36251 0.801657 0.016297 0.0198598 0.442527
0 0.326426 0.505443 0.0150024 0.0287214 0.413624
0 0.253117 0.148234 0.0165122 0.0459219 0.413518
0 0.344293 0.689943 0.0125079 0.0255914 0.404124
0 0.00984717 0.536086 0.0195936 0.0278747 0.389815
0 0.28608 0.276708 0.0121798 0.0355063 0.384829
2 0.566266 0.748522 0.0206461 0.0501625 0.37998
0 0.59922 0.490123 0.012055 0.0265156 0.370766
9 0.201801 0.597549 0.0359137 0.0314876 0.354136
2 0.559793 0.225878 0.0130823 0.0590529 0.343258
0 0.500602 0.752367 0.0140329 0.0202179 0.340272
2 0.534945 0.776296 0.0261955 0.0230455 0.334556
2 0.563577 0.745346 0.0217985 0.0468764 0.316182
0 0.323099 0.639337 0.0130789 0.0295157 0.311802
9 0.860587 0.665531 0.0429279 0.027039 0.300765
9 0.658603 0.483861 0.0177307 0.0403408 0.298562
0 0.397044 0.580347 0.0116782 0.0278162 0.29725
0 0.255368 0.706979 0.00832129 0.0224949 0.296506
9 0.126646 0.600742 0.0340002 0.0228595 0.2921
0 0.00753739 0.534443 0.0150159 0.0277303 0.284219
9 0.338727 0.566576 0.0194167 0.0536363 0.278843
9 0.694299 0.569985 0.023539 0.0560069 0.276759
0 0.361631 0.66417 0.0138851 0.0237906 0.272335
