0 0.507733 0.554553 0.0102827 0.0232291 0.753213
0 0.495887 0.560861 0.00891571 0.0198923 0.671359
0 0.320499 0.0327384 0.0107896 0.0323935 0.650852
0 0.333681 0.0334179 0.00908223 0.0320742 0.631823
0 0.525746 0.554803 0.0110823 0.0187634 0.618913
0 0.460957 0.683534 0.00963422 0.0209911 0.612192
0 0.447161 0.508924 0.00933646 0.0296549 0.60895
0 0.239787 0.606747 0.00990008 0.0232746 0.572295
0 0.696842 0.468473 0.0113958 0.0286849 0.558108
0 0.292519 0.109109 0.00877919 0.0360922 0.517535
0 0.729386 0.373677 0.0103087 0.0320589 0.51046
0 0.24372 0.431851 0.0101972 0.0338315 0.486581
0 0.29002 0.110191 0.00961018 0.0353448 0.468534
0 0.240688 0.269153 0.00949591 0.0373152 0.466646
0 0.691632 0.0852809 0.00800515 0.0316003 0.465006
0 0.720169 0.374383 0.00983268 0.0287376 0.411237
0 0.174882 0.640141 0.0174754 0.0267619 0.407649
0 0.246017 0.423911 0.0115629 0.0293798 0.406537
0 0.70063 0.0822092 0.0112509 0.0320418 0.363256
0 0.673434 0.0689678 0.00953962 0.0302388 0.360596
0 0.29061 0.101161 0.00839382 0.0280585 0.35528
0 0.725968 0.374028 0.0121502 0.0303615 0.354944
0 0.540273 0.650489 0.00767404 0.0201052 0.334121
0 0.155841 0.753167 0.0143387 0.0224494 0.314281
0 0.675741 0.0699499 0.0110308 0.0290987 0.278106
0 0.242491 0.409184 0.0125165 0.0271607 0.265634
0 0.286353 0.105876 0.0102112 0.0264528 0.262123
