4 0.961025 0.624318 0.0769043 0.175569 0.926591
5 0.097215 0.473078 0.103114 0.170127 0.907872
3 0.302294 0.411713 0.0774624 0.102348 0.907053
3 0.393383 0.600481 0.0921934 0.115163 0.906774
3 0.700691 0.353439 0.048021 0.0973521 0.89523
4 0.270253 0.341988 0.0554809 0.0968788 0.819824
5 0.527534 0.340472 0.0405485 0.107772 0.74706
0 0.559504 0.349442 0.0142336 0.0680861 0.714755
6 0.0629725 0.414258 0.0535285 0.0796918 0.708025
5 0.445099 0.42916 0.0454517 0.0851894 0.659833
0 0.409859 0.307922 0.0143044 0.0549086 0.635109
9 0.357696 0.417325 0.0220121 0.0504881 0.410187
9 0.479104 0.289702 0.0109628 0.0433402 0.379368
