4 0.779962 0.683223 0.0678025 0.0572782 0.872745
3 0.823451 0.531772 0.0552762 0.045683 0.862771
3 0.970948 0.626816 0.0572908 0.0465879 0.845148
3 0.900498 0.534382 0.061456 0.045836 0.842117
3 0.885414 0.5801 0.057927 0.0467608 0.841323
3 0.807052 0.489736 0.0582343 0.0419707 0.834237
3 0.750261 0.530725 0.0561295 0.044035 0.831112
3 0.984887 0.533696 0.0302263 0.0500235 0.823483
3 0.761463 0.575507 0.0563448 0.0483844 0.823417
3 0.86002 0.681705 0.0570721 0.0482632 0.819041
3 0.732287 0.491383 0.0565508 0.0458598 0.767837
4 0.887406 0.633325 0.053894 0.0484611 0.735804
3 0.0611824 0.398336 0.0491347 0.0261643 0.678271
3 0.524529 0.383699 0.0528567 0.0375042 0.675032
5 0.35776 0.952307 0.0539209 0.0898017 0.674492
3 0.386027 0.394629 0.060351 0.0417751 0.673
3 0.449172 0.9781 0.0295906 0.0385564 0.659582
3 0.774368 0.632456 0.0636442 0.0522897 0.639952
3 0.216457 0.38568 0.0496483 0.0355156 0.498252
3 0.888898 0.632777 0.0519997 0.0459656 0.420194
0 0.294039 0.179049 0.00662556 0.0243156 0.409592
3 0.406596 0.979679 0.0306896 0.0381685 0.38937
3 0.225422 0.389354 0.0680535 0.0399383 0.36232
0 0.727547 0.71532 0.0108541 0.0310103 0.344932
8 0.358423 0.952605 0.054464 0.0894301 0.316806
3 0.534712 0.383893 0.071489 0.0412142 0.308968
3 0.853174 0.376705 0.0447685 0.0359019 0.281523
0 0.288877 0.263314 0.00711851 0.0244822 0.266051
