0 0.683194 0.129403 0.0184155 0.0484256 0.808772
0 0.718514 0.42843 0.0247683 0.04458 0.807498
0 0.644979 0.626974 0.0242082 0.0353041 0.78295
0 0.61528 0.225692 0.0186768 0.04971 0.781647
0 0.497589 0.293348 0.015181 0.0493097 0.775693
0 0.595011 0.113429 0.0169609 0.0526768 0.775563
0 0.728127 0.536049 0.0285223 0.0399343 0.773881
0 0.418568 0.661049 0.0271412 0.0398074 0.772468
0 0.510312 0.436619 0.0181401 0.0485379 0.771176
0 0.700675 0.286907 0.0217867 0.0499565 0.766617
0 0.810041 0.344403 0.0296055 0.0520031 0.762518
0 0.763856 0.743239 0.0342313 0.0414823 0.759554
0 0.706858 0.359482 0.0221783 0.0472977 0.758173
0 0.41593 0.0881676 0.0163059 0.0538414 0.753819
0 0.611027 0.284735 0.0219398 0.0478785 0.750274
0 0.682072 0.202946 0.0188354 0.0494823 0.74392
0 0.755894 0.640733 0.0312511 0.0476135 0.739396
0 0.6418 0.522496 0.0212929 0.044102 0.730856
0 0.50388 0.532528 0.0195139 0.042432 0.727516
0 0.491421 0.372566 0.0206983 0.0457881 0.725847
0 0.624977 0.372168 0.0165407 0.0453354 0.714697
0 0.512476 0.650179 0.0210042 0.0380638 0.689587
0 0.501098 0.130213 0.0156422 0.0555331 0.679576
0 0.4998 0.21747 0.0149995 0.053136 0.638891
0 0.734925 0.536815 0.0404839 0.0429558 0.613293
0 0.543741 0.860359 0.0298967 0.0291795 0.554652
0 0.543505 0.851845 0.0293454 0.042749 0.476219
0 0.638617 0.433212 0.0178109 0.0404714 0.473697
1 0.928826 0.371313 0.0248684 0.0348236 0.294263
