3 0.496876 0.702055 0.0216084 0.0639816 0.879851
3 0.344147 0.183631 0.0198525 0.0577664 0.867655
3 0.280703 0.158692 0.0460004 0.036097 0.862834
3 0.494197 0.546078 0.0227979 0.0668641 0.856574
4 0.340082 0.0333188 0.0521549 0.0427666 0.85636
3 0.228458 0.0832949 0.0497817 0.0304083 0.8401
3 0.224393 0.429174 0.0481939 0.026198 0.832282
3 0.233661 0.192024 0.040954 0.0276147 0.82965
5 0.589095 0.324172 0.0625931 0.039049 0.8269
3 0.598558 0.645479 0.0493229 0.0283172 0.82276
3 0.258741 0.391638 0.0468093 0.0258129 0.822699
5 0.340076 0.312999 0.0267622 0.0755775 0.804731
3 0.229337 0.160479 0.0419276 0.0306888 0.802163
4 0.27917 0.189431 0.0367106 0.0268785 0.788234
3 0.473218 0.858051 0.0219327 0.0674465 0.787652
5 0.285604 0.0787607 0.0504078 0.0324479 0.757859
3 0.291014 0.844928 0.052533 0.0358144 0.726758
3 0.582226 0.206944 0.0503641 0.0341483 0.705613
4 0.588318 0.875201 0.0514134 0.0449877 0.673313
5 0.473231 0.946387 0.0222372 0.0672345 0.649251
4 0.269134 0.355314 0.0483653 0.0297513 0.645041
3 0.0468794 0.0719961 0.0435009 0.0259575 0.637996
9 0.424409 0.909664 0.0108364 0.033417 0.637766
3 0.268642 0.354844 0.0488638 0.0302677 0.599074
4 0.589627 0.16843 0.0473345 0.0342449 0.590969
3 0.285548 0.0788593 0.0508712 0.0322266 0.561959
9 0.471777 0.70916 0.00824585 0.0279358 0.509873
9 0.195922 0.228579 0.0206759 0.0144136 0.503102
4 0.612507 0.902207 0.04347 0.0302306 0.49019
5 0.589426 0.168086 0.0482969 0.0344166 0.478639
3 0.612532 0.901623 0.0432966 0.0316505 0.472081
9 0.620999 0.742259 0.0198604 0.0152463 0.467971
9 0.615578 0.759837 0.0188534 0.0125024 0.421004
3 0.533379 0.0750439 0.0179104 0.0686017 0.354393
9 0.614153 0.685314 0.0171385 0.0128192 0.352396
9 0.195662 0.191615 0.0165573 0.0135171 0.312674
7 0.511432 0.39524 0.0128881 0.0273828 0.284503
5 0.209182 0.392209 0.0413106 0.0293081 0.272473
0 0.975328 0.341409 0.0165451 0.0147218 0.256579
9 0.220634 0.274039 0.0206773 0.0144124 0.251747
