5 0.727351 0.81798 0.111422 0.183631 0.846333
5 0.865244 0.894257 0.123409 0.14184 0.816719
5 0.636538 0.828425 0.0828625 0.140474 0.724693
0 0.632524 0.10683 0.00876199 0.0344543 0.469884
0 0.608019 0.0940745 0.0101359 0.0351956 0.39764
5 0.671323 0.816041 0.0756987 0.167375 0.373145
0 0.501018 0.418863 0.0106958 0.02881 0.345785
3 0.751216 0.586754 0.0875472 0.0615647 0.339952
0 0.512984 0.415164 0.0115523 0.0276383 0.334351
9 0.577851 0.135916 0.0103321 0.0386339 0.327122
0 0.606643 0.0991516 0.00919577 0.0403476 0.301533
5 0.920148 0.863561 0.131201 0.138195 0.285394
0 0.582187 0.260326 0.0106768 0.0392192 0.274709
0 0.581854 0.256298 0.00913792 0.0348516 0.270523
0 0.586301 0.262593 0.00986442 0.0382182 0.264243
0 0.481288 0.777969 0.0129667 0.0270919 0.260412
0 0.588137 0.263729 0.011271 0.0354033 0.259115
