4 0.384038 0.911587 0.0197672 0.0542743 0.843804
3 0.332622 0.742869 0.0122853 0.034915 0.841934
3 0.59649 0.798649 0.0203615 0.038569 0.836205
3 0.632417 0.900876 0.0208915 0.0484433 0.83286
3 0.357823 0.840513 0.0181242 0.0403395 0.83243
3 0.28116 0.79781 0.0133244 0.0341984 0.817651
3 0.894944 0.793619 0.0282459 0.0291417 0.792025
3 0.565334 0.928437 0.0203075 0.0504792 0.785493
3 0.607279 0.873944 0.0186231 0.0389565 0.782269
3 0.856517 0.838554 0.022934 0.0414495 0.780808
3 0.287377 0.922094 0.0147611 0.044557 0.779621
3 0.901412 0.912743 0.0299534 0.0416223 0.779582
3 0.286491 0.973479 0.0134413 0.0419432 0.777418
8 0.296544 0.748987 0.0165146 0.0554942 0.774428
3 0.294291 0.67725 0.0108586 0.0299745 0.770359
3 0.382486 0.854676 0.0168117 0.0427115 0.763998
3 0.409187 0.876327 0.027882 0.0375858 0.759676
3 0.278321 0.661586 0.0102472 0.0245126 0.757939
3 0.620064 0.866997 0.0173231 0.0403223 0.75053
3 0.279821 0.763512 0.0125392 0.0321549 0.748492
3 0.797566 0.853626 0.0255146 0.0485607 0.74748
3 0.370951 0.817538 0.0220097 0.0387866 0.745731
3 0.773039 0.858098 0.022389 0.0474022 0.742599
3 0.792958 0.743812 0.0189131 0.0342736 0.741856
3 0.763405 0.951436 0.0213585 0.040951 0.740269
3 0.442134 0.864849 0.0282221 0.0362553 0.739711
3 0.789569 0.808856 0.0242711 0.0344914 0.730211
3 0.281162 0.723854 0.010688 0.0289031 0.729734
3 0.674746 0.652054 0.0257662 0.020019 0.723801
3 0.646224 0.861373 0.0197678 0.0419586 0.723748
3 0.623188 0.78832 0.0202797 0.0430753 0.705366
3 0.636543 0.78511 0.0177711 0.0401911 0.704537
3 0.281457 0.314442 0.00722094 0.0145508 0.698048
3 0.279023 0.693159 0.0121457 0.0282427 0.69746
3 0.741785 0.823432 0.0210194 0.032987 0.696691
3 0.744855 0.66894 0.0147253 0.0313385 0.696203
3 0.28425 0.358288 0.00713407 0.0161772 0.694401
3 0.702812 0.975844 0.0249917 0.0435196 0.692918
3 0.348671 0.663805 0.0110946 0.0324743 0.688814
3 0.31397 0.500664 0.00969679 0.0228354 0.685598
3 0.661696 0.775368 0.0195786 0.0392292 0.683547
3 0.648843 0.900659 0.0195734 0.0506067 0.682045
3 0.733387 0.674902 0.0174734 0.0303066 0.680932
3 0.813283 0.847794 0.020262 0.0413687 0.676124
3 0.606326 0.914635 0.0201267 0.0470256 0.672818
3 0.849496 0.929663 0.0291289 0.0414228 0.670645
3 0.645436 0.582723 0.0218307 0.0191815 0.666476
3 0.921017 0.840951 0.0262528 0.0272088 0.664614
3 0.756684 0.863082 0.0243165 0.0479052 0.663487
3 0.658815 0.691087 0.0162582 0.0338191 0.660977
3 0.632096 0.86443 0.0153156 0.0422073 0.647536
3 0.787278 0.948836 0.0288876 0.0518206 0.638971
3 0.730836 0.827833 0.0203686 0.0339013 0.635912
3 0.765958 0.666097 0.0158453 0.0298317 0.63437
3 0.702641 0.683028 0.0182593 0.0295726 0.630031
3 0.840512 0.836861 0.0246026 0.0440724 0.621148
3 0.845956 0.80171 0.0257686 0.0369834 0.619204
3 0.642615 0.487965 0.0167341 0.0153691 0.616986
3 0.782622 0.658936 0.0187374 0.0347666 0.615866
3 0.616049 0.622917 0.0160222 0.0194247 0.611613
3 0.701213 0.734596 0.019346 0.0259742 0.608449
3 0.634 0.555931 0.020415 0.0183733 0.602153
3 0.65209 0.598828 0.0214674 0.0194694 0.59789
3 0.677907 0.744067 0.0185594 0.0308005 0.594452
3 0.780316 0.714736 0.0190431 0.0269491 0.590352
3 0.307381 0.971273 0.0155004 0.0491147 0.590122
3 0.835123 0.80249 0.0245016 0.0357706 0.587709
3 0.653634 0.777288 0.0185705 0.0389567 0.570115
3 0.622415 0.492525 0.0176109 0.0149499 0.566639
3 0.87424 0.766316 0.0254109 0.022833 0.561892
3 0.344225 0.567191 0.0212758 0.0207423 0.560199
3 0.883674 0.779457 0.0254994 0.0259801 0.560074
3 0.927111 0.897697 0.0285702 0.0436521 0.55026
3 0.837143 0.834417 0.0232303 0.0391282 0.522474
3 0.718322 0.836733 0.0201769 0.0393752 0.516749
3 0.276523 0.632533 0.0119407 0.0270617 0.512823
3 0.66023 0.858343 0.0177576 0.0405273 0.501598
3 0.701266 0.871216 0.0193449 0.0454493 0.497869
3 0.600859 0.494375 0.0178532 0.0179376 0.49557
3 0.661114 0.616458 0.0190029 0.0184301 0.488284
3 0.934207 0.859607 0.0269824 0.0277161 0.486419
3 0.870722 0.759395 0.0256653 0.0299977 0.484947
3 0.805915 0.944822 0.0314995 0.0557806 0.47857
8 0.283905 0.854889 0.0176435 0.0738192 0.477969
3 0.717929 0.759525 0.0178976 0.0358723 0.474063
3 0.301741 0.270915 0.00950836 0.0143097 0.471401
3 0.830721 0.839645 0.0197235 0.0429131 0.470067
4 0.8247 0.936879 0.0273701 0.049014 0.468043
3 0.756804 0.724739 0.0184949 0.0299422 0.461592
3 0.593935 0.876851 0.0168049 0.0384075 0.459525
3 0.681455 0.685737 0.0175835 0.036925 0.44444
8 0.301266 0.319566 0.0100121 0.0291687 0.440598
3 0.647675 0.782745 0.0180243 0.0380002 0.433847
3 0.656758 0.859303 0.0233076 0.0393729 0.426913
3 0.627085 0.648683 0.018018 0.0248216 0.426192
3 0.659246 0.983502 0.0236016 0.032241 0.422152
3 0.794461 0.662548 0.0151463 0.0280425 0.419631
4 0.680454 0.684723 0.01937 0.0377983 0.419554
3 0.710847 0.679038 0.0205007 0.0290587 0.41752
3 0.732095 0.7508 0.0220837 0.0429981 0.402867
3 0.812877 0.820135 0.0193645 0.0309303 0.401931
4 0.731006 0.752208 0.0236577 0.04481 0.399108
3 0.665077 0.624314 0.0208869 0.0231395 0.39625
3 0.627215 0.541296 0.0149763 0.0182486 0.391595
3 0.757434 0.951137 0.0223811 0.0425286 0.390324
3 0.864128 0.755313 0.0215588 0.0248392 0.384973
3 0.794934 0.843937 0.021734 0.0377263 0.381671
3 0.449381 0.893788 0.0306437 0.0415223 0.379541
3 0.648177 0.584977 0.022509 0.0188216 0.371828
5 0.649744 0.454257 0.0233907 0.0267795 0.367833
3 0.427491 0.816655 0.0154106 0.0417158 0.367087
3 0.411224 0.957292 0.0249288 0.0487122 0.366761
3 0.28381 0.279326 0.00729379 0.0187939 0.355759
3 0.841928 0.800241 0.0300644 0.0363363 0.35286
5 0.510466 0.975262 0.0392837 0.0354172 0.35065
4 0.499542 0.938432 0.0379616 0.0384837 0.343991
3 0.586005 0.893403 0.0201566 0.0480055 0.335501
9 0.317948 0.573494 0.0063438 0.0157027 0.333673
3 0.635602 0.558197 0.0196388 0.0180979 0.333029
3 0.349298 0.419483 0.0115463 0.0167124 0.317975
3 0.70535 0.764141 0.0185191 0.0365164 0.315721
3 0.933688 0.895049 0.0311428 0.0472424 0.303657
3 0.358212 0.46164 0.0156842 0.0167564 0.302811
3 0.283924 0.274727 0.00712241 0.0164895 0.300471
4 0.276676 0.632591 0.0111252 0.0273173 0.282923
3 0.416261 0.836172 0.0174602 0.039475 0.28066
4 0.937762 0.8921 0.0340801 0.0469093 0.279836
3 0.379976 0.391986 0.00863216 0.0161099 0.277583
3 0.624714 0.491571 0.0164198 0.0147798 0.270274
3 0.864982 0.979823 0.0283331 0.0382637 0.268087
4 0.283682 0.852122 0.0163316 0.0692888 0.268054
3 0.766812 0.651246 0.0186239 0.0228965 0.265845
3 0.354483 0.446306 0.0159764 0.0130587 0.263298
3 0.663919 0.476686 0.0191677 0.0218316 0.256764
