5 0.278127 0.700454 0.10757 0.185054 0.923972
3 0.20377 0.937524 0.0642578 0.114984 0.877472
3 0.628792 0.260408 0.0284662 0.0436518 0.875963
3 0.568035 0.368682 0.0302783 0.0455196 0.851848
3 0.525395 0.442616 0.0351473 0.0513672 0.846489
3 0.442508 0.471457 0.0395464 0.0545496 0.840356
3 0.402922 0.534337 0.0399891 0.056141 0.825005
3 0.54207 0.227815 0.0286704 0.0369089 0.823187
3 0.48053 0.465144 0.0340816 0.0503185 0.807659
3 0.604945 0.252571 0.0265894 0.0401162 0.802425
3 0.479035 0.406522 0.0355242 0.0496324 0.789497
8 0.556814 0.0246044 0.0586748 0.0492089 0.787112
3 0.576691 0.249486 0.0277527 0.0420806 0.776692
3 0.537157 0.278723 0.0293335 0.0430823 0.768815
8 0.536668 0.335004 0.0762213 0.138384 0.739497
3 0.601795 0.0574007 0.0249481 0.0318481 0.709231
3 0.566986 0.226663 0.0246273 0.0360825 0.634195
3 0.51583 0.0168377 0.0262021 0.0281718 0.588705
3 0.522487 0.0404162 0.0247485 0.0313411 0.575598
3 0.603466 0.308043 0.0297955 0.0432458 0.56686
3 0.582812 0.291344 0.02316 0.0398052 0.473565
4 0.604013 0.307795 0.0301418 0.0433067 0.405252
0 0.843504 0.168138 0.00734671 0.023601 0.371082
0 0.844342 0.166343 0.00760655 0.0239046 0.352252
3 0.737025 0.0532121 0.0159647 0.0320358 0.317952
