3 0.311738 0.895417 0.0602932 0.124861 0.925664
3 0.369475 0.682174 0.0449863 0.0895309 0.891039
3 0.509964 0.75101 0.0371349 0.0945081 0.890143
3 0.341988 0.779145 0.0474238 0.105549 0.888916
3 0.540374 0.492264 0.0285187 0.0607001 0.882458
3 0.520071 0.652672 0.0348637 0.0780916 0.867037
9 0.324233 0.711505 0.027697 0.0219723 0.834555
3 0.550858 0.417873 0.0277217 0.0566156 0.831465
3 0.556994 0.361223 0.0222849 0.0403427 0.780917
9 0.300455 0.78641 0.029047 0.0194949 0.714948
9 0.547678 0.694301 0.0269452 0.0266051 0.703839
3 0.45793 0.316164 0.0271954 0.0499405 0.701102
9 0.31046 0.749549 0.0306676 0.0258108 0.69004
9 0.330278 0.687768 0.0264155 0.0228531 0.677442
9 0.336476 0.656761 0.0258703 0.022228 0.668103
3 0.498303 0.151226 0.0216324 0.0364302 0.606558
9 0.348549 0.616298 0.0280172 0.0262543 0.565706
3 0.479155 0.220691 0.0241961 0.0465481 0.558706
9 0.346526 0.624389 0.026234 0.0244829 0.49493
9 0.288366 0.820589 0.0319722 0.025942 0.486496
9 0.348824 0.62177 0.0275437 0.0283564 0.476341
3 0.447289 0.361705 0.0277019 0.0527266 0.467711
9 0.391572 0.560652 0.021058 0.0369214 0.458847
9 0.338971 0.643958 0.0225435 0.0213643 0.410892
9 0.227398 0.805513 0.0260395 0.0203992 0.401944
3 0.483044 0.193673 0.0266518 0.0361069 0.394413
9 0.65758 0.975719 0.0166763 0.0454434 0.376084
3 0.486518 0.185364 0.0237246 0.0318174 0.369826
3 0.469889 0.264011 0.0244664 0.0470202 0.335032
3 0.515111 0.0843517 0.0205243 0.0360954 0.317846
9 0.270539 0.684135 0.0233466 0.0213206 0.309829
4 0.469828 0.264372 0.0252486 0.0479221 0.295133
4 0.479108 0.220585 0.0247448 0.0442778 0.285469
9 0.682559 0.911022 0.0460915 0.0339022 0.261648
