3 0.615092 0.25502 0.0149845 0.0197129 0.766848
0 0.601066 0.919767 0.0240688 0.0672261 0.761121
0 0.520114 0.422435 0.00968113 0.0313413 0.727675
0 0.40128 0.560069 0.0131727 0.0430074 0.715727
0 0.509189 0.423993 0.00967634 0.0308933 0.715699
0 0.420453 0.569624 0.0133314 0.0482825 0.698808
0 0.0693012 0.342747 0.00972693 0.0255316 0.676247
0 0.382557 0.557344 0.0129884 0.0413813 0.654243
0 0.439754 0.455285 0.00925982 0.03181 0.65388
0 0.0601161 0.343246 0.00976567 0.0245768 0.651923
0 0.430089 0.452269 0.0090969 0.0313513 0.622305
0 0.0764634 0.310412 0.0105259 0.0226604 0.611348
0 0.061814 0.343072 0.0102555 0.0252308 0.604875
0 0.348374 0.553306 0.0122208 0.0364621 0.596035
0 0.628302 0.262632 0.00608647 0.0212378 0.594256
0 0.160073 0.27909 0.00780883 0.0188436 0.570177
0 0.44583 0.268844 0.00627899 0.019201 0.570102
0 0.348284 0.583134 0.0138423 0.0399668 0.539692
0 0.046363 0.312504 0.0100105 0.0218872 0.537143
0 0.114584 0.292175 0.00854042 0.0238046 0.531028
0 0.0486299 0.277971 0.00981515 0.0222263 0.530095
0 0.452745 0.269607 0.00705453 0.0189435 0.522061
0 0.384629 0.56166 0.0120258 0.0411341 0.517794
0 0.0109407 0.275621 0.00964158 0.0205599 0.468171
0 0.162301 0.280728 0.00798354 0.0186152 0.466334
0 0.0711432 0.312704 0.0107261 0.0230888 0.402239
0 0.462214 0.218259 0.00493212 0.0132206 0.392189
0 0.0504628 0.278432 0.0116494 0.020656 0.391634
0 0.0649719 0.313589 0.00982103 0.0229095 0.37862
0 0.183291 0.279736 0.00556862 0.0195244 0.376896
0 0.113815 0.28844 0.00784793 0.0199028 0.364162
0 0.109645 0.286545 0.0068255 0.0151574 0.361331
0 0.0129687 0.275889 0.0117874 0.0199344 0.325858
0 0.452779 0.289972 0.00736925 0.0176637 0.318369
0 0.173012 0.262157 0.00853166 0.0152428 0.314149
0 0.075251 0.307475 0.00961125 0.0201949 0.312001
0 0.114036 0.299146 0.00993467 0.0198172 0.292484
0 0.0822798 0.236735 0.0057822 0.0160979 0.265331
0 0.374301 0.555341 0.0112352 0.0400344 0.263484
0 0.429694 0.230215 0.00464704 0.0149675 0.256137
