8 0.282808 0.527438 0.155761 0.154606 0.91198
5 0.505636 0.263438 0.201213 0.165352 0.906307
3 0.0925783 0.479292 0.0852182 0.0842861 0.887987
3 0.829693 0.358536 0.105119 0.0833639 0.878699
3 0.691405 0.290581 0.0830623 0.0706124 0.859975
4 0.854324 0.305602 0.10049 0.0917619 0.810959
3 0.97711 0.328229 0.0456231 0.0649882 0.685812
3 0.965561 0.382126 0.0688777 0.0719144 0.667533
5 0.0616364 0.151013 0.123273 0.13554 0.57257
0 0.108775 0.729472 0.0229233 0.062864 0.548801
5 0.381967 0.183564 0.199995 0.1463 0.503835
8 0.0611343 0.150991 0.121826 0.1363 0.482262
3 0.961772 0.445445 0.0764565 0.105305 0.462249
8 0.382804 0.19593 0.197613 0.152345 0.428952
0 0.136818 0.691828 0.022275 0.0654036 0.386298
0 0.434456 0.788793 0.0223759 0.069743 0.384256
0 0.300466 0.742596 0.0307136 0.069007 0.362234
