5 0.749693 0.249651 0.0690192 0.148897 0.763325
5 0.535754 0.231188 0.0829002 0.105461 0.727941
3 0.514959 0.0929817 0.0455885 0.0485077 0.688022
5 0.85255 0.584477 0.0611935 0.109382 0.685168
5 0.841597 0.121835 0.0727791 0.0773924 0.683844
5 0.457005 0.07818 0.0686319 0.0613799 0.673488
5 0.913752 0.756177 0.0718842 0.113379 0.654315
3 0.454917 0.153997 0.0292072 0.0390617 0.622067
5 0.685166 0.744575 0.0719237 0.100913 0.585002
5 0.593283 0.51684 0.0795172 0.0707616 0.579706
5 0.785623 0.0331182 0.0846409 0.0662363 0.551855
3 0.418372 0.0605349 0.03757 0.0472185 0.530028
5 0.662057 0.722055 0.0688318 0.0789418 0.528258
5 0.839093 0.926714 0.0779599 0.0612468 0.489058
5 0.783277 0.232768 0.0519359 0.123796 0.461331
5 0.702096 0.843863 0.0708017 0.0704641 0.444214
6 0.703881 0.285791 0.0607362 0.110505 0.435437
5 0.702916 0.286353 0.0590592 0.111097 0.432205
5 0.796876 0.793629 0.0627756 0.0916684 0.419278
5 0.982043 0.315809 0.0359131 0.138506 0.414951
3 0.445192 0.136023 0.0464978 0.0454428 0.413246
4 0.521069 0.135068 0.0449506 0.0667651 0.377613
3 0.410823 0.0243573 0.0325871 0.0280057 0.367143
6 0.434094 0.256645 0.0277681 0.0444491 0.360502
5 0.720812 0.922783 0.108039 0.147184 0.31712
4 0.514527 0.0927531 0.047885 0.0479536 0.307052
5 0.674233 0.73711 0.0868706 0.0970975 0.292923
3 0.416851 0.0515935 0.033975 0.0337081 0.288185
6 0.595982 0.584494 0.0549003 0.0622786 0.286497
3 0.483159 0.165106 0.0416355 0.0413781 0.285431
3 0.456368 0.0316836 0.0337003 0.0263298 0.277514
7 0.433947 0.256504 0.0285957 0.0446445 0.268627
