0 0.414431 0.796389 0.00886039 0.0288693 0.661831
0 0.433887 0.519731 0.0084967 0.0332432 0.64785
7 0.314245 0.227463 0.0348087 0.0347884 0.620515
0 0.40518 0.796571 0.00841025 0.0263784 0.557747
0 0.431914 0.519137 0.0108007 0.0330783 0.438244
0 0.448109 0.533374 0.00874921 0.0269748 0.378965
0 0.378136 0.272648 0.0119446 0.0280287 0.333091
7 0.313712 0.233876 0.0329984 0.02904 0.333007
0 0.373856 0.272204 0.0102182 0.0271689 0.272153
9 0.180825 0.929026 0.0207259 0.028134 0.260581
0 0.424207 0.519503 0.0109146 0.0299433 0.25221
