3 0.340166 0.163119 0.0380052 0.0285533 0.866624
3 0.919291 0.490504 0.0777649 0.052142 0.850554
3 0.671737 0.242661 0.0329746 0.0392424 0.846459
3 0.73082 0.381879 0.0366392 0.0464933 0.841218
3 0.173833 0.773216 0.0653072 0.128402 0.828365
3 0.245125 0.281764 0.0509379 0.0362007 0.825864
3 0.639865 0.146169 0.0209664 0.0271624 0.8258
3 0.671731 0.284283 0.029389 0.0456767 0.803499
3 0.353353 0.0344061 0.0276553 0.0163936 0.686877
3 0.689073 0.154108 0.0374416 0.0252314 0.66005
3 0.551069 0.0325737 0.0143086 0.0192294 0.651461
3 0.355145 0.0257493 0.0280555 0.0152812 0.638837
3 0.412134 0.0518197 0.0159611 0.0241047 0.603333
3 0.447691 0.0307909 0.0150028 0.019604 0.552242
9 0.773512 0.337902 0.0215293 0.0217228 0.522615
3 0.270834 0.585401 0.0404073 0.0634991 0.509543
9 0.989589 0.691001 0.0202133 0.0238791 0.498658
3 0.354732 0.0301214 0.0288022 0.0177873 0.474243
3 0.268443 0.0867108 0.0187592 0.0225588 0.42648
6 0.846431 0.473902 0.0382042 0.0475825 0.421572
3 0.344388 0.144546 0.0364539 0.0227483 0.416076
9 0.992905 0.72265 0.0140028 0.032576 0.388543
3 0.536545 0.0335907 0.0154378 0.0175039 0.370458
3 0.35687 0.022876 0.0269334 0.0135848 0.345235
9 0.974948 0.663128 0.0227921 0.0255282 0.322132
3 0.114749 0.947124 0.0612454 0.10325 0.303889
3 0.37502 0.00820105 0.024212 0.0147268 0.297557
7 0.846551 0.472919 0.0384671 0.0498869 0.290473
3 0.750989 0.30737 0.0533851 0.0348233 0.275091
3 0.678399 0.324418 0.0286366 0.0335632 0.250175
