4 0.313027 0.715594 0.0763777 0.0854445 0.900292
3 0.218044 0.827296 0.0932526 0.0878089 0.889644
3 0.558744 0.589373 0.0452282 0.0487854 0.848372
4 0.473444 0.644321 0.0593122 0.0644948 0.844325
3 0.517116 0.588436 0.0468293 0.0452199 0.83508
3 0.588686 0.545471 0.0354317 0.0371064 0.831466
3 0.429558 0.645533 0.0528143 0.0552168 0.826085
3 0.61476 0.577348 0.0440018 0.043262 0.817348
3 0.474917 0.687697 0.060882 0.0588105 0.802362
5 0.759418 0.464522 0.0388169 0.0574971 0.79666
3 0.884019 0.428782 0.0321975 0.0252167 0.789808
3 0.777777 0.427525 0.0226876 0.0240533 0.757822
3 0.0851083 0.858507 0.100923 0.0796451 0.74853
3 0.077355 0.922538 0.117471 0.105471 0.748027
3 0.635674 0.544804 0.0386852 0.0365074 0.746761
3 0.908308 0.352763 0.017321 0.0198783 0.745082
3 0.923997 0.386182 0.0171886 0.0250988 0.741073
3 0.900846 0.469928 0.0391147 0.0356006 0.729011
3 0.702058 0.47286 0.0254867 0.0296648 0.723482
3 0.777395 0.517274 0.0361389 0.0385033 0.719289
3 0.657387 0.505536 0.0317991 0.0319743 0.712189
3 0.944177 0.421462 0.0425242 0.0313393 0.69551
3 0.868896 0.368552 0.0212837 0.0231326 0.675738
3 0.688914 0.577942 0.0431822 0.0568477 0.667061
3 0.797695 0.445257 0.0214573 0.0296677 0.633107
0 0.869685 0.616145 0.00886039 0.039475 0.632554
0 0.88034 0.617663 0.00885882 0.0343179 0.627814
3 0.741451 0.447536 0.0230549 0.0312044 0.623002
3 0.830869 0.512365 0.0356407 0.0321722 0.616238
4 0.685222 0.524351 0.0389448 0.0484579 0.591035
0 0.928972 0.546113 0.00923122 0.0358881 0.551539
3 0.721234 0.477943 0.0276845 0.0336664 0.537936
3 0.872225 0.35482 0.0193833 0.0217263 0.535112
8 0.831596 0.410374 0.0654568 0.0529268 0.529938
0 0.903423 0.588512 0.00918806 0.0367798 0.528784
0 0.648384 0.965206 0.016996 0.0578212 0.515563
0 0.891385 0.584684 0.00969273 0.0363371 0.496986
0 0.91496 0.561123 0.00843314 0.0332554 0.452867
1 0.744276 0.814681 0.0125722 0.043524 0.448726
0 0.782344 0.756184 0.0114613 0.0464606 0.437594
0 0.631385 0.975807 0.0131815 0.0430818 0.414111
0 0.829888 0.650285 0.00973153 0.0376575 0.40165
4 0.721293 0.478617 0.0282769 0.0351234 0.382909
0 0.893259 0.585782 0.00889474 0.0351387 0.377377
4 0.474192 0.686995 0.0606842 0.0580856 0.350963
4 0.0849541 0.859177 0.0999287 0.0825631 0.340718
0 0.988845 0.452394 0.00985073 0.0249769 0.30263
3 0.86205 0.522938 0.0348088 0.032502 0.292428
0 0.779355 0.71615 0.0115234 0.0381522 0.290324
3 0.68705 0.502403 0.0335665 0.0327795 0.287907
0 0.711013 0.888662 0.0132996 0.0517443 0.283963
9 0.727466 0.500885 0.0119546 0.0235268 0.274352
5 0.834125 0.40953 0.0588191 0.050713 0.270497
