7 0.635212 0.559958 0.0549739 0.0656994 0.846711
0 0.526475 0.419723 0.0123357 0.0242964 0.616221
0 0.516997 0.314724 0.0129425 0.0317488 0.586031
0 0.828507 0.539564 0.0207813 0.0294425 0.480801
0 0.518552 0.396605 0.0180567 0.0377425 0.466246
0 0.197755 0.134551 0.0144396 0.0342636 0.461449
0 0.159471 0.0852348 0.0160891 0.0364448 0.421472
0 0.348264 0.436535 0.0115426 0.0263481 0.415787
0 0.248539 0.130704 0.0112869 0.0350108 0.355235
7 0.571139 0.864374 0.0339717 0.109686 0.348379
4 0.571261 0.86487 0.0337082 0.109258 0.307698
7 0.37435 0.681477 0.0339089 0.0884035 0.291388
9 0.704748 0.596029 0.0272011 0.0339717 0.281813
0 0.126774 0.06925 0.0186118 0.0312967 0.278888
0 0.251237 0.133495 0.0112488 0.0313757 0.252218
