3 0.751166 0.663022 0.0394345 0.0495228 0.840617
3 0.647041 0.666274 0.045832 0.0543325 0.835376
0 0.387517 0.953848 0.0293802 0.0923049 0.804616
3 0.96568 0.628832 0.0485332 0.0332917 0.800473
0 0.430483 0.952043 0.0279774 0.095914 0.793123
3 0.536046 0.728341 0.0643018 0.0786138 0.754951
3 0.84386 0.582525 0.0259048 0.0224252 0.750796
3 0.824084 0.591725 0.0292816 0.0218486 0.712621
1 0.69091 0.661744 0.0135508 0.0324838 0.69681
3 0.4844 0.777892 0.0942378 0.132665 0.694566
3 0.988429 0.589353 0.0231413 0.0229053 0.664792
3 0.809442 0.581372 0.0266865 0.0220218 0.598768
9 0.690938 0.669774 0.0154099 0.03012 0.551052
0 0.630021 0.633936 0.0112916 0.0397626 0.549947
0 0.604168 0.649718 0.0112659 0.0340708 0.532522
4 0.565326 0.6744 0.0489542 0.0686208 0.528798
0 0.666834 0.594561 0.00912859 0.0294156 0.368627
1 0.683612 0.616178 0.00955466 0.029949 0.361777
0 0.614836 0.630772 0.00912301 0.0345014 0.353422
3 0.982276 0.563565 0.0248655 0.0194064 0.349057
3 0.746274 0.523421 0.0152454 0.0116519 0.339768
3 0.729953 0.521365 0.016842 0.0114557 0.286644
3 0.783782 0.521952 0.0109604 0.0116926 0.285136
1 0.703149 0.565549 0.00637033 0.0175947 0.278888
3 0.813146 0.582825 0.0290532 0.0233404 0.261163
1 0.677672 0.591629 0.00791931 0.024504 0.259917
0 0.719481 0.563411 0.00496961 0.0191595 0.251894
