3 0.412193 0.33251 0.0396488 0.0816115 0.897391
3 0.691324 0.422371 0.0453745 0.0890835 0.893114
5 0.561548 0.929886 0.0723404 0.137824 0.891491
4 0.479947 0.61961 0.0371504 0.0708346 0.873714
3 0.458971 0.52991 0.0390077 0.0844711 0.873019
3 0.514917 0.363821 0.0372678 0.0818653 0.866767
4 0.431802 0.419712 0.0403551 0.0871728 0.863853
3 0.306425 0.935149 0.0414056 0.100796 0.863603
3 0.630919 0.163504 0.0373322 0.0856726 0.857449
3 0.547436 0.207543 0.0386513 0.0819561 0.841793
3 0.67105 0.139226 0.0415761 0.0851621 0.834477
3 0.550399 0.481909 0.0314158 0.0952138 0.823189
3 0.773307 0.0874721 0.045278 0.072651 0.821365
4 0.790569 0.279985 0.0713553 0.0451232 0.818454
4 0.740131 0.0931161 0.0398261 0.0788826 0.801366
4 0.732276 0.341732 0.0643212 0.0558062 0.797982
4 0.194333 0.421241 0.035889 0.0774765 0.797747
3 0.589964 0.181395 0.0345642 0.0921145 0.786681
3 0.522681 0.785656 0.0433694 0.096697 0.715523
4 0.362434 0.95573 0.0462904 0.0879585 0.679259
3 0.613556 0.442269 0.0486077 0.0874997 0.658697
9 0.733567 0.503394 0.0184861 0.0392613 0.56837
9 0.282582 0.453538 0.0148872 0.0356865 0.563543
0 0.493659 0.223845 0.00969923 0.0235186 0.560339
9 0.63391 0.829999 0.0301168 0.0201708 0.545656
9 0.265249 0.469538 0.0132402 0.033363 0.52281
3 0.362306 0.956281 0.0467837 0.0866107 0.518772
0 0.668938 0.756191 0.0102397 0.0153124 0.509674
4 0.589825 0.181881 0.0335577 0.0919936 0.480574
0 0.431604 0.675698 0.0114305 0.0125061 0.46618
9 0.302249 0.534626 0.0146793 0.0328302 0.464559
9 0.735246 0.920779 0.024235 0.0168805 0.439683
0 0.506474 0.229678 0.0102683 0.0256804 0.389346
2 0.696191 0.505175 0.0182244 0.0260108 0.382851
9 0.241452 0.773098 0.0262647 0.0238887 0.364054
0 0.368594 0.352704 0.0111816 0.0277611 0.343912
9 0.660828 0.945535 0.0255003 0.0191559 0.343015
0 0.344613 0.728356 0.0133365 0.0302682 0.340796
0 0.463705 0.150474 0.0119472 0.0216021 0.337106
0 0.664892 0.547381 0.0109985 0.0124697 0.328647
9 0.187627 0.520608 0.0232448 0.0177678 0.31915
9 0.630733 0.834506 0.0269907 0.0181361 0.316257
9 0.612755 0.77815 0.0327509 0.0168302 0.287996
6 0.597057 0.724282 0.0303955 0.0558136 0.281407
0 0.842562 0.195378 0.0156204 0.021367 0.271196
