4 0.863682 0.194393 0.0839889 0.0773749 0.877274
3 0.11834 0.199818 0.0831438 0.0670672 0.870111
4 0.138667 0.151857 0.0833584 0.0695944 0.868689
5 0.744289 0.182266 0.12461 0.115671 0.859532
3 0.36164 0.192106 0.072048 0.0625269 0.830294
3 0.615171 0.138513 0.0713279 0.0556853 0.80164
4 0.442523 0.146273 0.0605699 0.0578406 0.774212
3 0.805609 0.130396 0.0671087 0.0544861 0.768721
3 0.336434 0.15042 0.0744424 0.0593716 0.7212
3 0.707335 0.126898 0.0631804 0.0515862 0.660602
4 0.557099 0.199116 0.087725 0.082576 0.659516
3 0.643335 0.168016 0.0679687 0.0609346 0.65801
5 0.898922 0.135952 0.108917 0.10419 0.631823
3 0.526405 0.146774 0.0592047 0.0552217 0.608072
4 0.966421 0.194194 0.0666149 0.0615613 0.603846
3 0.0188617 0.161947 0.0376601 0.0657817 0.505721
3 0.236415 0.155602 0.076855 0.0641906 0.504568
0 0.69561 0.602127 0.025434 0.0709158 0.490416
4 0.236078 0.154947 0.0778343 0.0649978 0.414544
4 0.547057 0.191538 0.0852278 0.0779303 0.392118
4 0.525854 0.14666 0.0567314 0.0548118 0.369737
0 0.165975 0.634058 0.0233345 0.0685867 0.338593
4 0.33666 0.149915 0.0752397 0.0605852 0.318417
