3 0.37485 0.368808 0.0348652 0.0551141 0.881263
3 0.347966 0.137854 0.0421981 0.0278446 0.869781
3 0.387401 0.744993 0.0560533 0.0589939 0.868437
3 0.470868 0.625525 0.025415 0.0742655 0.858364
3 0.391006 0.681416 0.0517685 0.0617424 0.857976
3 0.243984 0.157078 0.0210457 0.046281 0.853357
3 0.414397 0.341674 0.0207309 0.0559077 0.837656
3 0.313248 0.894582 0.0260868 0.0882496 0.834373
4 0.286588 0.382923 0.0238419 0.0485013 0.806891
3 0.184292 0.910013 0.0315487 0.0879294 0.801223
3 0.748022 0.950777 0.0358595 0.0778501 0.792958
3 0.280952 0.885537 0.0284904 0.0968853 0.79179
3 0.350236 0.880222 0.0254265 0.0937422 0.77088
3 0.268328 0.16663 0.0176574 0.0381648 0.701121
3 0.981174 0.91723 0.0368164 0.0931432 0.692855
0 0.429618 0.222129 0.00643311 0.0174263 0.616804
4 0.698623 0.948704 0.0387798 0.0616293 0.560437
3 0.789391 0.953514 0.034079 0.0905794 0.547809
9 0.65016 0.896062 0.0173645 0.0212862 0.439047
5 0.953214 0.782106 0.0924249 0.0511025 0.369099
3 0.991384 0.225902 0.0172312 0.0485352 0.329677
0 0.888295 0.842329 0.0172074 0.0104929 0.276277
9 0.883522 0.843169 0.0210012 0.0107689 0.265643
