3 0.870547 0.948021 0.0430693 0.0718834 0.696055
6 0.523062 0.835655 0.0128867 0.0371079 0.690997
7 0.525118 0.726168 0.012692 0.0365943 0.618995
4 0.440863 0.957795 0.0203397 0.0753224 0.544533
3 0.556984 0.64906 0.0372534 0.035132 0.533912
7 0.478989 0.820498 0.023909 0.0395367 0.510094
7 0.42272 0.672121 0.0293869 0.0292109 0.500416
7 0.476513 0.473474 0.0192819 0.0214158 0.485994
7 0.446603 0.445272 0.0104697 0.0168979 0.450144
7 0.555591 0.719096 0.0358283 0.0460227 0.444876
7 0.458094 0.419308 0.00795231 0.0186874 0.438099
7 0.427744 0.642837 0.0203026 0.026146 0.421094
9 0.457176 0.706201 0.00760385 0.028766 0.405755
7 0.475948 0.875222 0.0232174 0.071063 0.397347
0 0.459987 0.628215 0.00755425 0.0253553 0.394464
7 0.506811 0.595368 0.010529 0.0298047 0.386886
7 0.50623 0.584457 0.00941601 0.025016 0.371648
7 0.413933 0.748221 0.0261639 0.030919 0.348834
7 0.534352 0.686735 0.0121042 0.0361061 0.344506
0 0.504345 0.894666 0.00695313 0.0315112 0.334457
9 0.439975 0.905035 0.0133448 0.0276405 0.317927
7 0.514302 0.726885 0.00891534 0.0305364 0.317389
7 0.500968 0.642914 0.0130661 0.0452746 0.313862
6 0.414454 0.748307 0.0262032 0.0324113 0.303821
3 0.301472 0.281543 0.0160345 0.0153289 0.302482
7 0.446392 0.494485 0.00935564 0.0200439 0.29898
9 0.523713 0.980678 0.010082 0.0336409 0.296377
7 0.441434 0.957218 0.0183237 0.0733437 0.293035
7 0.493233 0.448814 0.00937291 0.0167904 0.283459
6 0.568467 0.670232 0.0210905 0.0275376 0.28013
9 0.451962 0.833023 0.00883541 0.031936 0.27613
7 0.533267 0.556973 0.0195004 0.021716 0.267821
6 0.415372 0.787075 0.0280275 0.0350132 0.264789
7 0.418821 0.682776 0.0309459 0.0382849 0.262953
