0 0.635639 0.418322 0.0128849 0.0334825 0.789268
0 0.269084 0.680859 0.0170232 0.0204593 0.773428
0 0.72342 0.844899 0.0146817 0.0262302 0.767754
0 0.588709 0.0281279 0.0111628 0.0341176 0.761044
0 0.691274 0.0532853 0.013748 0.0327828 0.754535
0 0.468349 0.729197 0.0140666 0.0243172 0.746244
0 0.253245 0.702713 0.0156739 0.0210388 0.740887
0 0.617593 0.797504 0.0122859 0.0220729 0.728393
0 0.197993 0.714701 0.0136932 0.0239553 0.712439
0 0.565823 0.346633 0.00984296 0.0293719 0.71092
0 0.697989 0.0915668 0.0121853 0.0302468 0.705769
0 0.377927 0.686215 0.0124978 0.0238252 0.695134
0 0.653943 0.0482855 0.0115438 0.0394201 0.68499
0 0.230391 0.829457 0.0178307 0.0202978 0.675183
0 0.631009 0.0202288 0.0117485 0.0307499 0.673404
0 0.585299 0.515967 0.0110144 0.0265273 0.668024
0 0.775844 0.868665 0.0149634 0.0206399 0.666856
0 0.568856 0.90485 0.012966 0.0277954 0.647085
0 0.748045 0.523386 0.0142453 0.0225116 0.624008
0 0.249187 0.74077 0.0193342 0.0227296 0.620179
0 0.564652 0.221189 0.00897487 0.0294579 0.617718
0 0.705795 0.0564814 0.0126723 0.0350818 0.613621
0 0.36635 0.730004 0.0143279 0.0185948 0.606147
0 0.589409 0.292128 0.0119032 0.0297827 0.601661
0 0.238793 0.769269 0.0150146 0.0196069 0.601202
0 0.46936 0.817982 0.0124296 0.0225392 0.590444
0 0.5897 0.262771 0.0118147 0.0318163 0.586225
0 0.645601 0.0163421 0.0114716 0.0295373 0.571509
0 0.18002 0.746998 0.0148755 0.021283 0.559431
0 0.473765 0.803847 0.0145081 0.023673 0.550295
0 0.190472 0.895462 0.0158328 0.0207808 0.547443
0 0.702633 0.0124818 0.0124264 0.0249635 0.54612
0 0.219633 0.683676 0.0146225 0.021543 0.519629
0 0.568236 0.26071 0.0102806 0.0232711 0.492903
0 0.722026 0.0402103 0.0103653 0.0371066 0.488572
0 0.229504 0.833174 0.0179663 0.0215599 0.488229
0 0.55182 0.294335 0.00917149 0.0267346 0.485527
0 0.182583 0.902409 0.0166204 0.0223447 0.479445
0 0.252869 0.200121 0.0102437 0.0268286 0.476138
0 0.226107 0.668842 0.0158494 0.0179021 0.448969
0 0.23683 0.773892 0.0154296 0.0204613 0.447386
0 0.223525 0.665861 0.0166875 0.0176417 0.447159
0 0.244668 0.174284 0.011874 0.024989 0.400952
0 0.595893 0.198603 0.00959634 0.026526 0.399423
0 0.737854 0.0646364 0.00966823 0.0324835 0.38596
0 0.227315 0.68142 0.0139367 0.0224203 0.381177
0 0.590414 0.212485 0.010218 0.0288162 0.374152
0 0.473317 0.808995 0.0131933 0.0250092 0.37189
0 0.723116 0.0238046 0.0128116 0.0419459 0.36891
0 0.622551 0.223201 0.0100712 0.0203919 0.353909
0 0.731675 0.0421947 0.00998919 0.0383473 0.334478
0 0.561652 0.25823 0.0109135 0.0188979 0.325854
0 0.563883 0.25964 0.0140152 0.0221391 0.309459
0 0.653457 0.03106 0.0115231 0.0331159 0.308502
0 0.740112 0.0455193 0.0113776 0.0354172 0.289102
0 0.732746 0.0188648 0.0124309 0.0365408 0.286078
0 0.189781 0.900215 0.0163476 0.0264626 0.270748
0 0.60267 0.415751 0.0139921 0.0251341 0.264067
