3 0.385433 0.891926 0.0197048 0.05099 0.872321
3 0.478245 0.907658 0.0363544 0.0268651 0.855832
5 0.455234 0.507471 0.0205096 0.0651588 0.839984
4 0.442854 0.908128 0.0193068 0.0498029 0.839925
3 0.441442 0.593887 0.0125322 0.0248965 0.834361
3 0.431419 0.640251 0.0135744 0.0299922 0.792927
3 0.370653 0.985959 0.0212558 0.0276757 0.791382
3 0.389509 0.643044 0.0279677 0.0180972 0.746607
8 0.43547 0.725677 0.0303667 0.134094 0.7311
3 0.37651 0.654342 0.0275139 0.0182381 0.729872
5 0.408769 0.747813 0.0372085 0.143246 0.720159
3 0.480701 0.470858 0.00892125 0.0151508 0.6673
8 0.469378 0.427755 0.0175506 0.0511311 0.628752
3 0.506463 0.617637 0.0235445 0.016006 0.623819
3 0.510257 0.529367 0.010933 0.0183507 0.573048
8 0.409768 0.751005 0.0381011 0.146498 0.571032
5 0.486659 0.348081 0.0108335 0.0226134 0.551929
5 0.493879 0.304134 0.00699986 0.0164621 0.53931
9 0.415885 0.952172 0.00601951 0.0186821 0.51914
6 0.308078 0.911991 0.026519 0.0226902 0.51504
5 0.469276 0.427621 0.0176777 0.0503675 0.480312
9 0.481203 0.81563 0.0135749 0.0146542 0.457888
5 0.434179 0.72874 0.0263003 0.127568 0.456313
3 0.369297 0.339444 0.0109179 0.00755615 0.45545
6 0.480618 0.847038 0.0264681 0.0191986 0.445931
3 0.51791 0.442283 0.0170991 0.0112361 0.43003
3 0.419163 0.374582 0.0141585 0.0085789 0.422116
3 0.355088 0.339325 0.011154 0.00815435 0.421596
0 0.468783 0.688652 0.00393276 0.0121872 0.421463
9 0.392404 0.576228 0.0143941 0.0104727 0.412775
3 0.440223 0.420066 0.0133375 0.0101149 0.399737
3 0.517164 0.487434 0.0134671 0.0128161 0.389749
3 0.318749 0.890672 0.0369894 0.0249908 0.388141
3 0.433454 0.374843 0.0121661 0.0085038 0.370861
3 0.457658 0.360662 0.0104738 0.00863595 0.367523
3 0.490231 0.738792 0.030748 0.0227811 0.365711
3 0.479978 0.375177 0.00751229 0.011901 0.360987
3 0.50762 0.480511 0.0171074 0.0136968 0.360637
0 0.471693 0.7906 0.00603437 0.0140966 0.347499
3 0.417659 0.397045 0.0172849 0.0108488 0.334119
3 0.52745 0.538503 0.0171764 0.0143182 0.325323
3 0.48845 0.711373 0.0278187 0.0229581 0.315813
9 0.495282 0.871488 0.0126372 0.0134545 0.292111
8 0.219386 0.293421 0.0185647 0.0148898 0.269337
