0 0.48383 0.598587 0.00732282 0.0171985 0.656527
0 0.590389 0.651957 0.00774349 0.02362 0.644517
0 0.579745 0.964051 0.0075701 0.0215446 0.640729
0 0.509811 0.606211 0.00940482 0.0159452 0.592274
0 0.601754 0.220941 0.00909502 0.0224601 0.581805
0 0.47717 0.510829 0.00818617 0.0203005 0.57033
0 0.585159 0.732561 0.00782165 0.0243406 0.544805
0 0.514848 0.294391 0.0078333 0.0208342 0.502777
0 0.568275 0.791542 0.00837285 0.0225935 0.496816
0 0.547589 0.434924 0.00771715 0.0241987 0.437889
0 0.586258 0.200345 0.0100416 0.0259745 0.437587
0 0.590768 0.365189 0.0089699 0.0234411 0.390038
0 0.590089 0.812174 0.00734044 0.0202143 0.375605
0 0.573893 0.134682 0.0102865 0.0332057 0.348146
0 0.547085 0.980573 0.0103507 0.0206526 0.341366
9 0.554392 0.904646 0.0078636 0.0265392 0.335874
0 0.546095 0.398503 0.0110508 0.0197384 0.33122
0 0.54093 0.387276 0.00842516 0.0215982 0.313806
6 0.551377 0.686843 0.0226785 0.061614 0.305667
9 0.532492 0.800734 0.00947375 0.032035 0.259653
0 0.608319 0.0971637 0.00662175 0.0214233 0.25762
0 0.439101 0.926379 0.00944022 0.0218401 0.255875
