3 0.667189 0.380783 0.0826508 0.0670797 0.890966
3 0.585421 0.153158 0.0784588 0.0670193 0.883539
3 0.745261 0.712607 0.0766159 0.0645199 0.882451
3 0.599267 0.21625 0.0743404 0.0687087 0.8759
3 0.605873 0.279434 0.0727684 0.0624687 0.857196
3 0.549087 0.918187 0.0524132 0.0955894 0.853017
3 0.759568 0.792791 0.0768079 0.0506569 0.770465
3 0.706132 0.502307 0.065353 0.0461773 0.760801
3 0.719448 0.590333 0.0770549 0.0485057 0.729368
3 0.77534 0.863284 0.0687002 0.0551399 0.724271
4 0.370781 0.115082 0.0499039 0.101983 0.695076
3 0.692227 0.437572 0.0850941 0.0658511 0.643179
4 0.69194 0.437221 0.0848222 0.0646737 0.588405
3 0.792459 0.925333 0.0780698 0.0672773 0.56297
3 0.79158 0.915671 0.0759354 0.0476438 0.527781
0 0.708729 0.885036 0.00843201 0.0163953 0.474189
3 0.370759 0.114729 0.0494576 0.103882 0.304358
4 0.716722 0.591172 0.0704426 0.0465537 0.263953
3 0.788918 0.909137 0.0711654 0.038542 0.260153
