0 0.318762 0.0191231 0.00839347 0.0355292 0.687967
0 0.394228 0.462275 0.0127798 0.0260376 0.62493
0 0.364052 0.502395 0.0100183 0.02459 0.623904
0 0.333821 0.361304 0.0107784 0.027549 0.590743
0 0.377797 0.405452 0.0101117 0.0299314 0.588814
0 0.335346 0.308692 0.00900478 0.0226176 0.571931
0 0.360912 0.825272 0.0104373 0.0377688 0.569381
0 0.353342 0.330523 0.00780178 0.0267166 0.54062
0 0.368265 0.439577 0.00979686 0.0278991 0.53965
0 0.284734 0.290179 0.0094509 0.027036 0.529885
6 0.486073 0.742901 0.0637806 0.0431941 0.529651
0 0.168988 0.397297 0.0214913 0.0242179 0.524841
0 0.453839 0.584543 0.00899963 0.0251006 0.524592
0 0.339694 0.114418 0.00943087 0.0400474 0.523941
0 0.37858 0.363053 0.00926139 0.0284545 0.516941
0 0.302002 0.322117 0.00970439 0.0246183 0.514455
0 0.390809 0.88163 0.0132117 0.0244147 0.507387
0 0.35959 0.417792 0.00858191 0.0241576 0.501689
0 0.41084 0.627294 0.00953352 0.0238413 0.501456
0 0.31982 0.32173 0.00863996 0.0229788 0.481672
0 0.434236 0.571222 0.0110442 0.0188784 0.477783
0 0.344789 0.337184 0.00954468 0.0269076 0.471773
0 0.303297 0.325986 0.00978775 0.0294482 0.469736
0 0.421471 0.642866 0.00890921 0.0236001 0.446054
0 0.325937 0.0882036 0.0106787 0.0297256 0.444772
0 0.443412 0.454234 0.0111559 0.0253452 0.444198
0 0.407088 0.277178 0.0101412 0.0300216 0.442913
0 0.301455 0.349977 0.011036 0.0303564 0.439959
0 0.311407 0.349485 0.00872249 0.0271348 0.426894
0 0.314714 0.0937037 0.00812779 0.0360139 0.421439
0 0.296854 0.329893 0.00872724 0.0318051 0.417511
0 0.364301 0.119233 0.00903004 0.0266001 0.394951
0 0.338709 0.0964333 0.0102396 0.0314452 0.387163
0 0.386178 0.881156 0.0107064 0.0249045 0.384193
0 0.34282 0.115833 0.00956951 0.039727 0.375049
0 0.441291 0.458878 0.0124374 0.0215208 0.373805
0 0.411305 0.633919 0.0103023 0.0280931 0.372246
7 0.57414 0.769354 0.0489332 0.0405724 0.367169
0 0.452571 0.603325 0.00908395 0.0282878 0.366907
0 0.457386 0.558686 0.00902387 0.019668 0.364532
0 0.422223 0.606444 0.00958221 0.0170826 0.362104
0 0.340858 0.117963 0.00901071 0.0387748 0.36108
0 0.160573 0.398337 0.017686 0.0211636 0.358169
0 0.345482 0.343579 0.0090593 0.0325039 0.351609
0 0.441114 0.592404 0.0110693 0.0206966 0.325823
1 0.389377 0.170207 0.00925467 0.0251071 0.325639
0 0.336972 0.113796 0.0114446 0.0394905 0.324916
0 0.459093 0.64417 0.00806444 0.0231188 0.322773
0 0.175665 0.369003 0.0131391 0.0259708 0.314935
0 0.431516 0.664339 0.00906608 0.020607 0.308632
6 0.599783 0.393632 0.0292776 0.0693569 0.302287
0 0.300048 0.345144 0.0127078 0.0399079 0.302244
0 0.375933 0.595839 0.0114233 0.0352064 0.278344
9 0.599244 0.392701 0.0281347 0.0681528 0.278217
0 0.432793 0.600909 0.0105661 0.0231368 0.277821
0 0.165328 0.397358 0.0230385 0.0252272 0.265911
0 0.423559 0.635484 0.0102064 0.0222305 0.25571
0 0.467577 0.63096 0.00896293 0.0220663 0.254772
6 0.558484 0.88303 0.0328647 0.036683 0.254058
0 0.154464 0.365201 0.0110272 0.0209669 0.250378
