5 0.598824 0.911782 0.0797392 0.079218 0.902335
3 0.716059 0.919546 0.0592681 0.0558375 0.900928
5 0.398367 0.764582 0.0812437 0.226968 0.899985
3 0.485696 0.930375 0.0429212 0.0867558 0.899862
5 0.397652 0.932965 0.0544155 0.111608 0.890305
3 0.353912 0.627333 0.0255854 0.0444316 0.875806
3 0.971209 0.90335 0.0575825 0.0780312 0.869689
3 0.43884 0.55736 0.0396488 0.0314085 0.857887
5 0.251217 0.729096 0.0397416 0.0936227 0.851911
5 0.333564 0.700966 0.0739242 0.209463 0.849564
3 0.500297 0.5066 0.0319542 0.0262282 0.83899
3 0.981663 0.852648 0.0366731 0.0629572 0.838925
3 0.907892 0.959254 0.0674731 0.0791177 0.83759
8 0.277656 0.458571 0.0342048 0.0774256 0.832464
3 0.881708 0.974269 0.0575593 0.0514142 0.822758
3 0.766172 0.423266 0.0300767 0.0205807 0.81892
3 0.932087 0.831686 0.049234 0.0507538 0.817603
3 0.362116 0.570669 0.0408318 0.0293009 0.787162
3 0.485699 0.542252 0.033452 0.028886 0.786432
3 0.284293 0.293928 0.0110676 0.0165506 0.779282
3 0.934593 0.940621 0.0675463 0.0861488 0.769997
3 0.860742 0.393314 0.0310359 0.022371 0.761727
3 0.991112 0.350699 0.0177768 0.0179568 0.72388
3 0.734024 0.434134 0.0333715 0.0202115 0.719444
3 0.853663 0.9841 0.0526596 0.0318006 0.711737
3 0.543453 0.515823 0.0316922 0.026238 0.691655
3 0.477116 0.496998 0.0334366 0.0289255 0.68392
3 0.171186 0.129287 0.00675063 0.0101585 0.680512
8 0.303406 0.44142 0.0430211 0.100866 0.674239
3 0.915154 0.37947 0.0315405 0.0208664 0.66113
5 0.280639 0.36507 0.0358821 0.0768276 0.65569
3 0.953591 0.363704 0.024934 0.0182776 0.632579
5 0.81817 0.910338 0.0605366 0.0575574 0.625973
3 0.221652 0.160536 0.00738501 0.0108383 0.609831
3 0.329566 0.426229 0.0187306 0.0292449 0.595805
5 0.238179 0.297456 0.0268542 0.0621911 0.586543
3 0.273866 0.262104 0.0106534 0.0139845 0.585456
9 0.386364 0.592558 0.0154798 0.0207707 0.542549
3 0.225941 0.175873 0.0106834 0.0111373 0.536605
5 0.302397 0.439002 0.0425513 0.099114 0.529739
3 0.828614 0.987445 0.0668702 0.0243385 0.51736
3 0.257339 0.216319 0.011098 0.0133381 0.510203
5 0.976994 0.688062 0.0458225 0.0354667 0.489471
5 0.255754 0.371733 0.0177029 0.0295366 0.484757
9 0.795772 0.52456 0.0139715 0.0135557 0.47909
3 0.211836 0.185302 0.00982337 0.0113629 0.47486
3 0.244328 0.236462 0.00955601 0.0143448 0.472104
3 0.817049 0.988572 0.0441567 0.022856 0.43621
3 0.210642 0.185158 0.00959015 0.0132192 0.429904
9 0.502782 0.614003 0.0148951 0.0152352 0.421643
6 0.201764 0.731809 0.0262245 0.0381688 0.416008
3 0.25695 0.218383 0.00919094 0.0133226 0.412455
8 0.203411 0.159861 0.0148762 0.037354 0.410782
9 0.274266 0.615107 0.0184564 0.0240848 0.409548
4 0.34168 0.452773 0.0166057 0.0294492 0.399758
9 0.284037 0.53912 0.00982967 0.0166295 0.396243
7 0.426084 0.493484 0.0117436 0.0224616 0.366989
9 0.483189 0.618268 0.0114794 0.0169306 0.354814
5 0.238131 0.219452 0.0186196 0.0356688 0.347939
3 0.275677 0.261161 0.0114908 0.0148822 0.329784
9 0.413853 0.505294 0.00979632 0.0156051 0.320243
9 0.482035 0.621565 0.0125429 0.0177208 0.304049
3 0.223863 0.173654 0.0102353 0.01181 0.288726
7 0.201652 0.731669 0.0265817 0.0381787 0.28767
3 0.210225 0.124669 0.00870884 0.0168963 0.286871
9 0.426019 0.495009 0.00851698 0.0197395 0.280422
9 0.582405 0.511814 0.0111836 0.0162671 0.270731
3 0.213307 0.186682 0.0122976 0.011132 0.262975
3 0.155844 0.129394 0.00712435 0.0128644 0.259272
1 0.284137 0.533808 0.00746214 0.0176379 0.257462
3 0.220414 0.139665 0.00815927 0.0106582 0.25446
