3 0.579138 0.667029 0.0799455 0.120816 0.92034
0 0.241072 0.683758 0.0129048 0.0358406 0.783057
0 0.723872 0.647716 0.0118603 0.0335882 0.778182
0 0.780989 0.915036 0.0149044 0.0330235 0.765893
0 0.579753 0.398957 0.00936013 0.0358598 0.765754
0 0.251493 0.617543 0.0119473 0.0378389 0.749384
0 0.769878 0.70072 0.0127911 0.040221 0.720678
0 0.506751 0.245968 0.00806274 0.0366419 0.714534
0 0.608849 0.366355 0.00846309 0.0354544 0.709388
0 0.31799 0.34444 0.00895166 0.037127 0.703791
0 0.595291 0.386618 0.00865518 0.0363624 0.702569
0 0.719249 0.794375 0.0119961 0.0385403 0.693331
0 0.256389 0.752937 0.0108653 0.034365 0.690182
0 0.264871 0.782181 0.0110092 0.0387988 0.674583
0 0.5328 0.373934 0.0100589 0.033275 0.671751
0 0.778142 0.84479 0.0146532 0.0322362 0.669717
0 0.594229 0.0707952 0.00882656 0.0305509 0.658715
0 0.661612 0.659329 0.0121065 0.034329 0.658564
0 0.58785 0.258253 0.00778599 0.0350215 0.657828
0 0.696583 0.75111 0.0128719 0.0407293 0.655359
0 0.3529 0.294931 0.00747351 0.0353241 0.651242
0 0.354593 0.247448 0.0092412 0.0316396 0.645941
0 0.67228 0.406301 0.0099489 0.0351424 0.641214
0 0.494285 0.373093 0.00853263 0.0329542 0.635098
0 0.26281 0.505946 0.010469 0.0364335 0.632814
0 0.233957 0.751926 0.0141632 0.0367561 0.632687
0 0.394368 0.237964 0.00865322 0.0325131 0.613058
0 0.732097 0.729309 0.0109546 0.0312753 0.611826
0 0.686756 0.632581 0.0125819 0.0410179 0.60991
0 0.690789 0.919163 0.0159024 0.0293659 0.608118
0 0.755725 0.837738 0.0146778 0.0446077 0.606853
0 0.743735 0.729003 0.0106639 0.0360184 0.595091
0 0.258193 0.568876 0.0110632 0.0344692 0.594383
0 0.271013 0.570237 0.0101838 0.0321677 0.5834
0 0.452667 0.286569 0.00793727 0.0341049 0.574581
0 0.588516 0.256982 0.0105063 0.0354282 0.573814
0 0.567807 0.481899 0.00885686 0.0279545 0.573068
0 0.465068 0.287119 0.00751761 0.0326771 0.570791
0 0.502826 0.31983 0.0074602 0.0356516 0.568572
0 0.289217 0.57598 0.00968085 0.0350172 0.563991
0 0.605325 0.0977109 0.00850237 0.0329615 0.559674
0 0.619537 0.559915 0.00863704 0.0332936 0.543391
0 0.49341 0.264604 0.00823107 0.033138 0.539846
0 0.318462 0.125586 0.00779201 0.0345086 0.535394
0 0.677849 0.751617 0.0127476 0.0344232 0.526694
0 0.369553 0.303018 0.00862292 0.037265 0.515936
0 0.326733 0.133406 0.00906477 0.0259673 0.507658
0 0.633177 0.560884 0.0102012 0.0331033 0.506108
0 0.442863 0.295238 0.00804177 0.0325615 0.498053
0 0.323356 0.50807 0.0132959 0.0350494 0.488923
0 0.719547 0.902086 0.0126102 0.0365787 0.486118
0 0.474044 0.280201 0.00874176 0.0339022 0.478937
0 0.493265 0.310243 0.00739633 0.0287685 0.476042
0 0.48394 0.328577 0.00700065 0.0309148 0.463167
0 0.28338 0.575085 0.00884563 0.0358945 0.445742
0 0.483529 0.281243 0.00839464 0.0347441 0.442383
0 0.626739 0.579517 0.00954058 0.0316639 0.433392
0 0.493247 0.290905 0.00790383 0.033141 0.432198
0 0.734374 0.900772 0.011134 0.0309297 0.426415
0 0.472465 0.280999 0.0081478 0.0320045 0.421854
0 0.363008 0.29423 0.00739873 0.0344461 0.415413
0 0.575479 0.469552 0.0115598 0.0315619 0.402788
0 0.490502 0.265657 0.00888079 0.0324862 0.397759
0 0.364843 0.297349 0.00946372 0.0365758 0.384713
0 0.4851 0.276705 0.00807534 0.0327068 0.383772
0 0.571746 0.507796 0.0109395 0.0245852 0.379922
0 0.382787 0.230696 0.00842481 0.0281798 0.368115
0 0.534672 0.377517 0.0103867 0.0284354 0.360767
0 0.667123 0.722809 0.00978568 0.0346016 0.348889
0 0.272337 0.56871 0.0093573 0.0318864 0.347943
0 0.484008 0.319597 0.00756871 0.0357385 0.347193
0 0.316878 0.12375 0.00891824 0.0330906 0.346464
0 0.62206 0.573721 0.0120258 0.0306012 0.346373
0 0.478207 0.234071 0.0102647 0.0253793 0.331235
0 0.588369 0.0381649 0.00761069 0.0304614 0.322918
0 0.707606 0.247394 0.00776441 0.0345742 0.318258
0 0.570796 0.474418 0.0101207 0.0302241 0.317814
0 0.444667 0.298547 0.00985748 0.034573 0.312522
0 0.589696 0.0134714 0.0084103 0.0269429 0.305126
0 0.756925 0.899303 0.0162636 0.0300751 0.302505
0 0.744713 0.904599 0.0106753 0.0342599 0.292267
0 0.391074 0.234846 0.00718039 0.0333166 0.282643
0 0.4911 0.326543 0.00911857 0.0288857 0.282029
0 0.452469 0.280473 0.0079936 0.0320935 0.280156
0 0.733587 0.731566 0.0132817 0.0306405 0.278473
0 0.281485 0.566512 0.00828916 0.0253257 0.275679
0 0.592594 0.0704694 0.0102271 0.0305897 0.268619
0 0.448158 0.240835 0.00883026 0.0330081 0.257313
0 0.357394 0.250984 0.0102887 0.0361686 0.255639
