4 0.436285 0.779645 0.0506538 0.0400192 0.871759
3 0.511344 0.888572 0.0208176 0.0724393 0.861534
3 0.530568 0.439645 0.0134392 0.0302672 0.849656
3 0.445813 0.442504 0.0289532 0.0207713 0.817597
3 0.436984 0.610568 0.020085 0.043998 0.813469
3 0.418098 0.75319 0.0391296 0.0263503 0.805885
5 0.52909 0.32935 0.0199735 0.0754149 0.805186
3 0.330174 0.523554 0.0187251 0.0405408 0.786706
4 0.350351 0.521519 0.0185546 0.0366015 0.774077
3 0.46519 0.255469 0.0226096 0.015481 0.728439
3 0.37346 0.520447 0.0188324 0.0344181 0.696774
3 0.468755 0.0691584 0.0141346 0.0116994 0.647679
5 0.51803 0.126894 0.0141371 0.0490352 0.633804
3 0.467377 0.228936 0.0177568 0.0152067 0.624417
5 0.522237 0.239691 0.0151344 0.0615144 0.586557
3 0.53395 0.0965517 0.0138234 0.0101993 0.553327
7 0.404131 0.588472 0.0333999 0.0223155 0.55065
3 0.567854 0.250896 0.0193266 0.0137013 0.536679
3 0.551222 0.127026 0.0148727 0.0101878 0.530729
9 0.398034 0.891487 0.0185329 0.0141525 0.523712
3 0.443708 0.354576 0.0204542 0.017489 0.515999
3 0.566969 0.224739 0.0195128 0.0122946 0.509085
3 0.46394 0.179833 0.0133336 0.0117351 0.507584
9 0.491485 0.702389 0.00596104 0.021754 0.502982
3 0.813778 0.727213 0.0287195 0.0520057 0.500901
5 0.501981 0.135663 0.0107957 0.0241859 0.495123
4 0.487449 0.253448 0.0115302 0.027092 0.480717
5 0.515487 0.0733314 0.0130375 0.0249683 0.476751
3 0.406037 0.518483 0.017658 0.0357864 0.475545
3 0.55015 0.178564 0.0202757 0.0137589 0.472865
5 0.519843 0.177773 0.00964124 0.0202475 0.471909
4 0.529463 0.401335 0.0135898 0.0301524 0.468806
3 0.472689 0.0885435 0.0129771 0.0111578 0.458813
3 0.502757 0.0980055 0.00751801 0.0127526 0.451245
9 0.465728 0.292206 0.0119182 0.0111329 0.446793
3 0.508382 0.021628 0.00644719 0.0110909 0.443948
3 0.587284 0.386644 0.0296984 0.0185048 0.42876
3 0.459978 0.123644 0.0165394 0.0126779 0.42331
9 0.388389 0.979957 0.0186015 0.0142669 0.421221
5 0.529642 0.401848 0.0129196 0.0297924 0.41547
9 0.490902 0.375615 0.00570927 0.0136223 0.4111
3 0.474117 0.112603 0.0149938 0.0110746 0.408346
5 0.50116 0.0390464 0.0102543 0.0165006 0.400794
3 0.726058 0.826003 0.0537848 0.0403631 0.384717
3 0.441391 0.425661 0.0262115 0.017944 0.356974
6 0.414636 0.932018 0.023924 0.0251631 0.347721
9 0.389178 0.911063 0.0219551 0.0206983 0.329569
4 0.464973 0.154571 0.020106 0.0148299 0.328316
3 0.445044 0.338643 0.0200769 0.0142835 0.325322
3 0.476995 0.0548743 0.0116796 0.0111282 0.32392
1 0.502549 0.434588 0.00747406 0.0192046 0.323587
9 0.502738 0.438665 0.00711901 0.017306 0.315712
3 0.467017 0.276021 0.0190691 0.015388 0.311303
9 0.571207 0.342145 0.0118791 0.0128569 0.310203
3 0.464391 0.153348 0.0201128 0.0118157 0.303268
3 0.465156 0.025703 0.0109413 0.00938267 0.284622
3 0.5032 0.10041 0.00722273 0.0158487 0.281776
3 0.462198 0.125729 0.0135038 0.0108351 0.278464
3 0.548668 0.10925 0.0160401 0.0111105 0.263552
3 0.583664 0.398044 0.0247289 0.0163385 0.262948
3 0.385505 0.570753 0.0251323 0.0194265 0.261615
9 0.577316 0.321023 0.0106236 0.0140062 0.261184
9 0.489839 0.37558 0.00490914 0.0158478 0.259997
3 0.555196 0.195122 0.0194391 0.0120273 0.259062
8 0.0125235 0.468875 0.0249207 0.0597731 0.251007
