3 0.596389 0.940013 0.0335543 0.0764857 0.889294
5 0.531993 0.787585 0.057351 0.210714 0.886988
3 0.550876 0.951368 0.0277975 0.074412 0.884008
3 0.593325 0.726123 0.0248921 0.0499637 0.882139
3 0.519357 0.651349 0.0176844 0.0414378 0.878806
3 0.655909 0.968715 0.0360918 0.0623179 0.869361
5 0.492779 0.83153 0.0409301 0.145667 0.848931
5 0.52684 0.567684 0.0409791 0.115762 0.84472
3 0.577046 0.660075 0.0233326 0.0422886 0.844215
5 0.555789 0.707473 0.0461565 0.137374 0.836911
5 0.485201 0.389972 0.0277811 0.0647927 0.825596
8 0.426185 0.220561 0.0299656 0.0297708 0.81007
5 0.464514 0.339005 0.0172731 0.0529058 0.805996
5 0.459499 0.379546 0.0280536 0.0812609 0.791073
5 0.468408 0.233594 0.0422094 0.0299276 0.78523
3 0.551119 0.557367 0.0167642 0.0335886 0.7793
5 0.487084 0.48839 0.0328968 0.115909 0.767033
5 0.454746 0.539979 0.0263891 0.0745523 0.758281
5 0.502283 0.456711 0.0323701 0.0849684 0.743616
5 0.433314 0.288219 0.0232186 0.0615214 0.714421
3 0.333666 0.277116 0.014843 0.0147539 0.688341
9 0.490151 0.569797 0.00977744 0.0234034 0.66911
5 0.431686 0.350375 0.0217459 0.0654824 0.660905
5 0.439561 0.312253 0.0230631 0.0489991 0.65253
8 0.38554 0.216793 0.0159582 0.0383571 0.639687
3 0.242275 0.237933 0.0169499 0.0118407 0.636478
3 0.401759 0.211759 0.0111581 0.0127469 0.580766
5 0.446293 0.271419 0.0202508 0.0352432 0.569045
5 0.465762 0.290453 0.0145291 0.0331214 0.554765
3 0.549508 0.246322 0.0172614 0.0140035 0.528838
3 0.243918 0.204239 0.0153093 0.0100233 0.526597
3 0.375937 0.18868 0.0107044 0.0115056 0.485651
3 0.519397 0.240311 0.0235825 0.011937 0.4748
9 0.659879 0.857501 0.0229431 0.017437 0.466125
9 0.618312 0.837231 0.00785427 0.0223488 0.450178
5 0.492325 0.224066 0.0274408 0.0234161 0.449473
5 0.435288 0.295259 0.0256102 0.0746648 0.442518
3 0.39036 0.197245 0.00914948 0.0146997 0.438939
3 0.366179 0.0957263 0.00520974 0.00816112 0.409694
5 0.474509 0.434873 0.0216392 0.0473932 0.385594
3 0.388412 0.588257 0.0310001 0.0250641 0.38043
3 0.278668 0.354539 0.019752 0.0167808 0.346482
5 0.378268 0.163582 0.0128314 0.0254261 0.345412
8 0.533911 0.208742 0.0406574 0.0220069 0.342534
3 0.421041 0.173861 0.0107977 0.00912361 0.317369
3 0.443437 0.205977 0.0164904 0.0140581 0.299779
5 0.764309 0.146319 0.0224317 0.0199799 0.291731
5 0.297554 0.338876 0.0287753 0.0199088 0.25558
3 0.393097 0.202303 0.0112061 0.0138101 0.250583
8 0.539037 0.229217 0.0228718 0.0198067 0.250273
