3 0.277121 0.384395 0.0588857 0.113716 0.906868
3 0.705165 0.377244 0.0713375 0.107829 0.89408
3 0.221351 0.385666 0.054948 0.111146 0.891686
3 0.484852 0.396217 0.0526101 0.115588 0.888336
3 0.530228 0.381672 0.0555644 0.103981 0.885041
4 0.943726 0.662007 0.0659615 0.132763 0.884707
3 0.569263 0.357352 0.0673884 0.100452 0.876736
3 0.627881 0.356326 0.0709123 0.0991564 0.875314
3 0.1154 0.741425 0.0425128 0.121586 0.867325
3 0.818941 0.629892 0.0475879 0.118599 0.864883
3 0.872858 0.631779 0.0530868 0.122372 0.864023
3 0.57186 0.644898 0.0417534 0.122171 0.86269
3 0.824187 0.35287 0.0654075 0.104071 0.841879
3 0.163827 0.740373 0.0443311 0.125229 0.82909
3 0.159527 0.385176 0.0422624 0.0849296 0.826073
4 0.416337 0.656916 0.0367018 0.119594 0.821361
3 0.548243 0.183497 0.0390008 0.112507 0.821075
3 0.171202 0.60507 0.0423894 0.113903 0.81176
3 0.762724 0.36727 0.0671826 0.0917554 0.809789
3 0.598956 0.182642 0.041294 0.116587 0.806435
3 0.0723266 0.242854 0.0426631 0.0993528 0.796372
3 0.120031 0.399865 0.0501472 0.100328 0.786675
3 0.432701 0.384863 0.0573383 0.11491 0.768985
3 0.773043 0.635797 0.0434633 0.117741 0.741265
3 0.315651 0.666214 0.0369247 0.126897 0.656767
3 0.623722 0.62935 0.0509619 0.137425 0.65132
3 0.515468 0.645714 0.0403445 0.137223 0.641773
4 0.36496 0.654386 0.0415712 0.140596 0.615774
3 0.213893 0.705365 0.0390108 0.0926615 0.591195
0 0.108641 0.928063 0.0181306 0.015359 0.57856
4 0.068578 0.37105 0.0480298 0.0969852 0.552875
4 0.0871703 0.10919 0.0318146 0.080704 0.457938
4 0.774217 0.636538 0.0431946 0.119468 0.451547
3 0.980775 0.662621 0.0384501 0.121535 0.449655
3 0.0689388 0.370566 0.0486175 0.0973174 0.42573
4 0.979719 0.662931 0.0389263 0.121769 0.42258
0 0.13586 0.826308 0.0179619 0.0187186 0.410738
3 0.0191229 0.590544 0.0380125 0.0982145 0.404814
0 0.156552 0.824888 0.0168587 0.0205213 0.384672
0 0.110702 0.84319 0.015989 0.0184413 0.374865
0 0.110959 0.870872 0.017223 0.0153773 0.363493
0 0.967591 0.404248 0.0251011 0.0240159 0.35057
3 0.364526 0.653605 0.0407098 0.138903 0.350037
0 0.950867 0.430171 0.0210936 0.0252226 0.31409
0 0.11179 0.868342 0.0178837 0.0144367 0.309039
5 0.363338 0.372935 0.0662253 0.12841 0.300457
0 0.107393 0.959417 0.017561 0.0162783 0.270328
9 0.646993 0.580759 0.0197363 0.0435199 0.262357
