3 0.153569 0.799422 0.143496 0.127054 0.910823
3 0.444957 0.682519 0.0975155 0.0868912 0.898409
4 0.729037 0.552771 0.0771522 0.0854512 0.887927
3 0.295041 0.736152 0.11398 0.108212 0.887654
4 0.539521 0.569398 0.0856398 0.0919618 0.872277
3 0.641871 0.597121 0.083823 0.0734188 0.85832
3 0.544721 0.471755 0.0559753 0.0507514 0.836704
3 0.818466 0.440163 0.0507462 0.0461062 0.833668
3 0.538291 0.639048 0.0940402 0.0876591 0.816159
3 0.70308 0.475747 0.0695367 0.0621701 0.815973
3 0.76918 0.454978 0.0524088 0.0539517 0.803669
4 0.903589 0.378248 0.0479797 0.0587436 0.796737
2 0.147199 0.940757 0.0499188 0.063277 0.791509
3 0.865612 0.354374 0.0345284 0.0382029 0.776017
0 0.311209 0.849958 0.0164028 0.0779917 0.694832
0 0.204061 0.824839 0.0176661 0.0628941 0.68812
3 0.608304 0.474426 0.0624755 0.0558745 0.681287
0 0.284945 0.812818 0.0157631 0.0685234 0.675285
4 0.0110896 0.845521 0.0221793 0.134778 0.654194
3 0.992981 0.436122 0.01386 0.049626 0.628746
3 0.865216 0.421465 0.0543926 0.0519259 0.584597
1 0.146427 0.918156 0.0263517 0.0722028 0.572888
5 0.981421 0.388899 0.0371581 0.0811032 0.572133
3 0.383719 0.595723 0.0887313 0.076638 0.564094
4 0.512727 0.414202 0.0368098 0.0433758 0.530196
4 0.471368 0.389707 0.0454245 0.0483749 0.483818
3 0.541018 0.440262 0.0480507 0.0413347 0.480892
4 0.383891 0.59645 0.0880781 0.0751178 0.47733
4 0.500534 0.436529 0.0494093 0.0526346 0.44614
0 0.646083 0.459402 0.0104715 0.0420723 0.431654
3 0.499882 0.436998 0.0487688 0.0525822 0.332338
0 0.538007 0.392785 0.00659027 0.0359492 0.331618
4 0.477642 0.395341 0.0383194 0.0530397 0.31015
2 0.485509 0.544387 0.0196316 0.0314357 0.275722
4 0.866065 0.420923 0.0553793 0.0525393 0.270505
