3 0.754834 0.647138 0.0684366 0.107744 0.707915
5 0.952875 0.440991 0.0850315 0.186639 0.7
7 0.374776 0.495263 0.0548533 0.0586465 0.545691
0 0.684544 0.592916 0.0116361 0.0244645 0.524757
5 0.929534 0.863921 0.0581816 0.166052 0.509722
0 0.443176 0.474203 0.0116535 0.0302717 0.476147
5 0.940022 0.283768 0.0546377 0.111118 0.462026
0 0.445863 0.477709 0.0126829 0.033645 0.449621
5 0.711905 0.725677 0.0883493 0.176102 0.356295
4 0.711324 0.918815 0.0731968 0.0659418 0.354694
0 0.254305 0.277023 0.0143797 0.0379945 0.339312
0 0.247381 0.291165 0.0141118 0.0392085 0.288152
0 0.431401 0.589372 0.0186453 0.0365196 0.271732
4 0.740206 0.70759 0.0543194 0.134395 0.26279
