3 0.341225 0.964145 0.0686676 0.0704096 0.906382
3 0.500641 0.915726 0.0737441 0.0701006 0.901276
3 0.022159 0.948138 0.0443073 0.0994076 0.893058
3 0.32418 0.871626 0.0578513 0.0503858 0.887393
3 0.813873 0.82645 0.0701548 0.0482091 0.879552
3 0.111082 0.744131 0.0287741 0.0288014 0.873034
3 0.170016 0.716018 0.0246714 0.022487 0.860356
3 0.697664 0.749976 0.0313367 0.027631 0.850639
3 0.255638 0.804296 0.0390576 0.0393348 0.849672
3 0.595035 0.837259 0.0314644 0.0561929 0.836643
3 0.629495 0.784306 0.0426042 0.0355609 0.829048
3 0.567856 0.761328 0.0401861 0.0291642 0.829001
3 0.97757 0.975156 0.044823 0.0492021 0.824795
3 0.470354 0.661946 0.0253485 0.0170922 0.806851
3 0.131804 0.669497 0.0177094 0.0165929 0.790243
3 0.590826 0.713851 0.0326862 0.0214269 0.788526
3 0.5085 0.689941 0.0279882 0.0183253 0.772502
3 0.668987 0.739381 0.0291077 0.0259875 0.769042
3 0.449242 0.78343 0.0496067 0.0394359 0.766296
3 0.60204 0.752125 0.0390271 0.0287438 0.765741
3 0.521649 0.738086 0.0401671 0.0261003 0.764032
3 0.56702 0.709372 0.0296742 0.0209361 0.752667
3 0.539935 0.750386 0.0396723 0.0259576 0.740978
0 0.409924 0.909204 0.0122685 0.0439041 0.734952
3 0.546535 0.701819 0.0282855 0.0198193 0.723062
3 0.478652 0.722703 0.0332846 0.0242969 0.713578
3 0.640211 0.729027 0.0342777 0.028067 0.703749
3 0.426298 0.764164 0.0453543 0.0329575 0.694404
3 0.613058 0.72265 0.0292843 0.0244028 0.674765
3 0.43007 0.665532 0.0289122 0.0180055 0.642193
3 0.462712 0.712421 0.0369324 0.0215529 0.628897
3 0.402975 0.754933 0.0406159 0.0304593 0.59732
3 0.356407 0.730672 0.0332632 0.0225103 0.590299
3 0.523003 0.664836 0.0259345 0.0180129 0.552165
0 0.364975 0.825826 0.0107155 0.0340563 0.548074
3 0.379346 0.745917 0.0414448 0.0255858 0.534324
0 0.72839 0.758694 0.0069199 0.0271207 0.509023
0 0.72019 0.7599 0.00792276 0.0268179 0.501476
0 0.532134 0.860384 0.0113341 0.0348437 0.497856
3 0.412692 0.689249 0.0366097 0.0173918 0.494236
3 0.164658 0.660455 0.034944 0.0151065 0.486202
3 0.212593 0.668968 0.0296491 0.0141493 0.469801
3 0.394263 0.752114 0.0426826 0.0291188 0.455525
0 0.587069 0.783618 0.00795881 0.0297859 0.448188
3 0.170412 0.644759 0.0245278 0.0142127 0.43967
3 0.0516824 0.590446 0.010994 0.00928519 0.431398
3 0.440682 0.70356 0.0378511 0.0240858 0.431146
3 0.471388 0.72134 0.0385692 0.0221835 0.425944
3 0.444085 0.706381 0.036825 0.0238914 0.416281
3 0.407203 0.696406 0.0314422 0.0177057 0.410322
3 0.362311 0.736168 0.0365546 0.0225759 0.401771
3 0.492563 0.678869 0.0167284 0.0186409 0.399805
3 0.407817 0.701859 0.0328314 0.0171448 0.386405
3 0.201158 0.684845 0.0246119 0.0190849 0.385679
3 0.384489 0.74975 0.0354809 0.0269414 0.364879
3 0.136978 0.647252 0.0210909 0.0138224 0.358626
3 0.402572 0.697337 0.0315077 0.0163356 0.358353
3 0.390856 0.697142 0.0358153 0.0177526 0.353
3 0.668285 0.647772 0.0134586 0.0140663 0.351196
3 0.227681 0.758397 0.0336338 0.0337232 0.343233
3 0.0348405 0.571268 0.00785656 0.00805129 0.342527
3 0.289671 0.659796 0.0202497 0.0193637 0.341828
3 0.427814 0.695584 0.0295677 0.0179057 0.341388
7 0.758989 0.764367 0.0240407 0.0372088 0.330109
2 0.523724 0.827742 0.0290485 0.0279007 0.329213
3 0.18982 0.675591 0.032555 0.0166947 0.321956
3 0.410692 0.706436 0.0306661 0.0209015 0.314955
0 0.725191 0.758435 0.0076988 0.0256737 0.314272
3 0.243831 0.664349 0.0282453 0.0155625 0.31174
3 0.0060572 0.554519 0.0103818 0.00872018 0.285758
6 0.227577 0.758105 0.0336535 0.0359757 0.265146
3 0.0483416 0.588816 0.00934374 0.00924072 0.256841
0 0.588127 0.784784 0.0114662 0.0300371 0.254664
7 0.942255 0.828188 0.0269543 0.0435837 0.253431
3 0.491739 0.68134 0.0145256 0.0181017 0.252752
3 0.40971 0.710725 0.0340037 0.0217107 0.252482
