0 0.521064 0.907466 0.0077686 0.0241909 0.509389
0 0.465699 0.106577 0.00641157 0.0272471 0.499883
0 0.524814 0.45884 0.0060716 0.0179328 0.481968
0 0.533553 0.801699 0.00873326 0.0217724 0.368252
0 0.523311 0.457842 0.00912476 0.0183145 0.363986
0 0.489674 0.515554 0.00684357 0.0153558 0.352861
0 0.535122 0.658381 0.00774767 0.01601 0.344695
0 0.466557 0.348491 0.00541321 0.0149243 0.327091
0 0.539681 0.802937 0.00834141 0.0209665 0.324915
0 0.506871 0.661349 0.00643751 0.0163726 0.319255
0 0.815133 0.206532 0.00768738 0.0154581 0.301826
0 0.489262 0.358362 0.00899296 0.0175165 0.298285
0 0.477013 0.374911 0.00857343 0.0149616 0.292769
0 0.496208 0.664206 0.00742837 0.0179513 0.284776
0 0.476195 0.374138 0.00550384 0.0162403 0.282979
0 0.482011 0.103678 0.00679186 0.0259065 0.28185
0 0.820706 0.0108089 0.0162295 0.0209906 0.273186
0 0.471963 0.0500467 0.00733359 0.0225674 0.267158
0 0.671325 0.0423105 0.0102787 0.0227745 0.262622
0 0.464014 0.344628 0.00641863 0.0200633 0.256854
0 0.476705 0.617365 0.00910706 0.0168821 0.253594
0 0.473404 0.619094 0.0093096 0.0158074 0.252254
