3 0.563169 0.722214 0.0542862 0.129936 0.905167
3 0.54872 0.576731 0.0359385 0.0796858 0.873716
3 0.541494 0.485701 0.0302665 0.0590106 0.822929
3 0.604121 0.254849 0.0134056 0.0144415 0.759281
3 0.564298 0.264355 0.0151209 0.0177704 0.669421
9 0.2326 0.68824 0.0426598 0.0345912 0.666051
9 0.38895 0.844161 0.0260125 0.0759379 0.545878
3 0.592688 0.230822 0.0156684 0.0158238 0.403803
3 0.57012 0.329913 0.015596 0.0234673 0.356062
0 0.237386 0.637383 0.0151574 0.0408478 0.286308
1 0.390016 0.823267 0.0199112 0.0373516 0.262769
