0 0.0335745 0.691412 0.0265969 0.0575299 0.811602
0 0.0082241 0.701561 0.0164482 0.0568556 0.688008
0 0.995321 0.446343 0.00933951 0.0285594 0.671411
0 0.345145 0.424912 0.00985541 0.0272546 0.611954
0 0.528847 0.391674 0.00739546 0.0205191 0.561389
0 0.804404 0.398312 0.00949419 0.0266843 0.550608
0 0.67267 0.496524 0.0114805 0.0295686 0.476606
0 0.405451 0.375463 0.0076559 0.0242325 0.380389
0 0.673508 0.481423 0.0103198 0.0321191 0.349942
3 0.876379 0.337619 0.0330955 0.0203177 0.33851
0 0.0346521 0.461596 0.0143562 0.0275449 0.311882
0 0.993725 0.446876 0.0125507 0.0301278 0.295841
