3 0.668964 0.339405 0.0356639 0.0215786 0.795159
0 0.126278 0.475595 0.0110961 0.0251503 0.735415
3 0.760218 0.324568 0.0305843 0.0192778 0.690202
0 0.506208 0.37663 0.00731907 0.0228341 0.677688
0 0.651255 0.431538 0.0107268 0.0325555 0.6444
0 0.620327 0.375169 0.00730543 0.0235476 0.638972
0 0.213345 0.459422 0.0097062 0.0319484 0.617407
0 0.0198012 0.345297 0.00760434 0.0217445 0.589011
3 0.610466 0.305493 0.0225691 0.0147167 0.551873
0 0.602686 0.346483 0.00743827 0.0218489 0.535032
0 0.0603518 0.335988 0.00841091 0.018163 0.531052
3 0.579094 0.297548 0.0176895 0.0133738 0.52236
0 0.364556 0.364287 0.00845147 0.0175699 0.52145
3 0.664264 0.31119 0.01717 0.0166582 0.516669
0 0.309133 0.41086 0.00837483 0.0271627 0.51617
3 0.557731 0.293966 0.0195499 0.0135819 0.516067
0 0.306983 0.408345 0.00711907 0.0281791 0.492778
3 0.68606 0.312851 0.0225807 0.0151802 0.488428
0 0.589178 0.340526 0.00915118 0.0198409 0.433498
0 0.587989 0.340994 0.00549395 0.0189934 0.405382
0 0.329645 0.35758 0.00659561 0.0205724 0.372775
0 0.134008 0.328235 0.00578261 0.0170839 0.359934
3 0.0957533 0.297393 0.0196932 0.0137482 0.348473
0 0.90836 0.510062 0.0217548 0.0427016 0.343745
0 0.211637 0.458392 0.0108054 0.0300809 0.314255
0 0.62184 0.374711 0.0082053 0.0239694 0.310282
3 0.614409 0.304825 0.0291913 0.0156008 0.305276
0 0.507306 0.377605 0.0104218 0.02224 0.300758
0 0.60284 0.349949 0.00744149 0.0213697 0.299674
3 0.558201 0.291341 0.0184717 0.0161839 0.277516
0 0.451794 0.374352 0.00894623 0.0223719 0.270557
0 0.617537 0.375864 0.0101343 0.0219669 0.25739
