7 0.687555 0.953158 0.0478721 0.0924634 0.945208
3 0.567128 0.834717 0.0407693 0.140239 0.902988
7 0.539006 0.715376 0.0191833 0.0800487 0.893135
3 0.483253 0.626436 0.0309321 0.0996788 0.883921
3 0.529672 0.548346 0.0589041 0.0747395 0.868989
3 0.542202 0.630842 0.030514 0.0939897 0.86886
3 0.529333 0.425529 0.0508953 0.0542973 0.862761
3 0.533645 0.484015 0.0283379 0.0757293 0.840261
9 0.677395 0.875182 0.0241939 0.0526203 0.811586
7 0.393593 0.802724 0.0543832 0.0738682 0.797085
3 0.496961 0.269235 0.0190334 0.0473665 0.795582
3 0.533401 0.219997 0.018462 0.0368634 0.79121
3 0.515227 0.864199 0.0384464 0.158134 0.763047
3 0.517334 0.0907092 0.0147398 0.028249 0.751385
3 0.515376 0.126153 0.0149943 0.0347247 0.737493
1 0.57931 0.383546 0.00787532 0.0263378 0.73643
3 0.519416 0.161605 0.0130127 0.0325194 0.725808
7 0.52706 0.374282 0.0159761 0.0463663 0.720324
0 0.454868 0.698982 0.0111354 0.0434967 0.704127
4 0.515407 0.862981 0.0383321 0.159453 0.68336
3 0.516187 0.0501486 0.0115789 0.0212022 0.651772
0 0.445529 0.700613 0.0101294 0.0463162 0.617405
9 0.382218 0.917378 0.0280688 0.0415903 0.599405
3 0.509865 0.00780431 0.0119089 0.0156086 0.578791
3 0.513308 0.0305051 0.0128843 0.0189442 0.531879
9 0.578994 0.392798 0.00871962 0.0264964 0.501345
9 0.418024 0.335893 0.0152661 0.0216618 0.501064
9 0.590806 0.160857 0.01239 0.016881 0.49888
9 0.512497 0.349066 0.0160204 0.0232086 0.479911
3 0.513345 0.198244 0.0163356 0.0360882 0.462206
3 0.574663 0.974791 0.0437315 0.0464319 0.453073
9 0.512151 0.344859 0.0152249 0.0282598 0.444921
0 0.623769 0.518093 0.0100487 0.0381422 0.432629
9 0.441072 0.915062 0.0223649 0.0703915 0.43073
9 0.433982 0.216036 0.0146007 0.0213132 0.417791
1 0.511111 0.340545 0.0105591 0.0265936 0.402565
9 0.683855 0.804622 0.0182678 0.0311804 0.391018
9 0.679235 0.557488 0.0205007 0.0265309 0.38846
9 0.436179 0.162189 0.0152699 0.0173255 0.38829
3 0.511126 0.0311507 0.0116681 0.0184178 0.382633
7 0.513592 0.242114 0.013262 0.039577 0.369324
9 0.412969 0.378249 0.0166096 0.0276252 0.339678
9 0.60636 0.214324 0.0135112 0.017861 0.334822
9 0.414193 0.400722 0.0125692 0.0265855 0.33288
9 0.52947 0.316906 0.014987 0.0268753 0.330685
2 0.69323 0.709963 0.0194281 0.0384948 0.322697
3 0.5128 0.0341503 0.0123905 0.0231454 0.311263
9 0.597996 0.184905 0.0113018 0.0222842 0.296126
9 0.43382 0.191796 0.0154601 0.0188054 0.274037
1 0.579348 0.378105 0.00885946 0.0240852 0.26529
9 0.64253 0.353775 0.00914865 0.0309172 0.258233
9 0.42911 0.188438 0.0155616 0.0220082 0.255823
9 0.712471 0.615097 0.0234509 0.0322608 0.253744
9 0.446444 0.108075 0.0100651 0.0152229 0.25278
2 0.690861 0.697718 0.0206045 0.0314441 0.252173
7 0.551881 0.0600121 0.0114743 0.0222988 0.250921
9 0.528988 0.320413 0.0179622 0.0260859 0.250039
