3 0.102611 0.927087 0.176288 0.144255 0.911496
3 0.405333 0.610529 0.0492395 0.0829793 0.895446
3 0.926958 0.557518 0.0932922 0.0887909 0.8921
3 0.869135 0.561294 0.0759712 0.0918003 0.891501
3 0.689509 0.751968 0.130214 0.0988899 0.882755
3 0.274959 0.58838 0.057756 0.0903488 0.87005
3 0.525704 0.780281 0.132458 0.104871 0.866243
3 0.525759 0.70656 0.116704 0.0716413 0.865382
3 0.467162 0.608549 0.0430337 0.0862145 0.832448
3 0.652592 0.568674 0.0536062 0.0827495 0.790623
0 0.359581 0.695127 0.0158317 0.0558665 0.770975
0 0.371573 0.669814 0.014186 0.054201 0.737229
0 0.733426 0.885958 0.0215814 0.0670128 0.721095
0 0.627822 0.654061 0.0216844 0.0515149 0.700996
4 0.205156 0.59173 0.0687689 0.0783715 0.574107
9 0.700945 0.553408 0.0174725 0.045403 0.56277
0 0.628314 0.634221 0.0153454 0.0475073 0.539067
0 0.729142 0.881691 0.0222277 0.0760829 0.536306
3 0.0106851 0.831195 0.021198 0.114949 0.438729
0 0.627838 0.646079 0.0185191 0.0631737 0.403131
9 0.682123 0.565095 0.0183425 0.0423756 0.368276
0 0.374749 0.669768 0.0202001 0.0573771 0.332944
2 0.368636 0.784588 0.0585185 0.0410698 0.321244
9 0.3251 0.564543 0.014592 0.0405368 0.302069
2 0.465581 0.552341 0.0196705 0.0339157 0.293619
1 0.0769027 0.604462 0.0187733 0.0367673 0.281005
9 0.553786 0.533023 0.0212332 0.0313282 0.271436
0 0.377671 0.522358 0.00999407 0.0361986 0.261724
