0 0.615758 0.877219 0.0457928 0.0955625 0.879389
0 0.794122 0.679491 0.0413282 0.0918676 0.847081
0 0.62339 0.491122 0.0243149 0.0677362 0.806347
3 0.457853 0.113169 0.0641963 0.0371651 0.800559
0 0.450862 0.710488 0.0225452 0.0843241 0.800231
0 0.483855 0.863577 0.0307982 0.0884759 0.796085
0 0.648366 0.336904 0.0176079 0.0573424 0.793665
3 0.265107 0.127825 0.0582565 0.0368512 0.790249
0 0.709038 0.483547 0.029499 0.0816414 0.786986
3 0.360024 0.0820268 0.0469391 0.0281061 0.785612
3 0.534732 0.112983 0.059943 0.0285831 0.783566
0 0.252003 0.915177 0.0610777 0.123303 0.781521
0 0.62147 0.277882 0.0155106 0.0504594 0.781351
0 0.542739 0.496039 0.0177782 0.0693303 0.776813
0 0.306394 0.716951 0.0283045 0.0855078 0.772917
0 0.347815 0.417689 0.0241469 0.0689968 0.772874
0 0.567373 0.24837 0.0143661 0.0506788 0.770233
3 0.330229 0.127609 0.0514908 0.0309327 0.769378
0 0.525761 0.43321 0.0225571 0.071942 0.769039
0 0.580362 0.699252 0.0348919 0.087926 0.767414
0 0.451608 0.508092 0.0226907 0.0697573 0.763525
0 0.533089 0.280443 0.0147171 0.0564819 0.763269
0 0.67383 0.402126 0.0177294 0.0693131 0.750192
4 0.385864 0.119707 0.0525526 0.0339731 0.747066
0 0.585573 0.345467 0.0153128 0.0517238 0.744993
0 0.703505 0.685681 0.0282511 0.0869685 0.741618
0 0.443477 0.235139 0.0130265 0.0463989 0.734661
0 0.760561 0.867096 0.0375582 0.0749659 0.730456
0 0.527611 0.350916 0.0148087 0.0573362 0.680857
3 0.487872 0.0722812 0.031272 0.0283654 0.676987
0 0.375302 0.312982 0.0175478 0.0565719 0.676533
0 0.437476 0.355894 0.014854 0.058699 0.664168
0 0.517356 0.254368 0.0126942 0.0464803 0.659016
3 0.600398 0.106581 0.0458683 0.0270519 0.655573
0 0.450409 0.421141 0.0217122 0.0670579 0.614673
0 0.452541 0.259048 0.0134751 0.0470985 0.612071
0 0.329143 0.514351 0.0253604 0.0735456 0.524867
3 0.46164 0.0774504 0.0320011 0.0268222 0.524534
3 0.517702 0.0672705 0.031929 0.0334119 0.506092
0 0.512707 0.229543 0.0108732 0.0450659 0.50161
0 0.758577 0.82789 0.0483888 0.0496562 0.444609
0 0.363557 0.359064 0.0201772 0.0618235 0.400416
0 0.764038 0.857545 0.0426482 0.0926463 0.394858
0 0.252646 0.285272 0.0200941 0.0440177 0.370272
0 0.577077 0.138698 0.0104387 0.0319524 0.256972
