9 0.769404 0.611965 0.0181892 0.0199205 0.535208
9 0.646887 0.712095 0.021821 0.0210548 0.531409
5 0.946148 0.864375 0.0709635 0.097758 0.48419
5 0.970768 0.957175 0.0584638 0.0834316 0.467862
9 0.67093 0.594577 0.0103872 0.0424079 0.414085
0 0.855101 0.628208 0.0187912 0.0154619 0.401879
0 0.283106 0.199593 0.00988549 0.0216333 0.397011
9 0.729265 0.538282 0.0181037 0.0326751 0.392283
9 0.635888 0.832243 0.01049 0.0378962 0.389623
4 0.566552 0.6482 0.0345711 0.0546708 0.359537
9 0.609696 0.839963 0.0122028 0.0397629 0.34964
0 0.865978 0.967999 0.0187709 0.0284717 0.348935
5 0.787533 0.930468 0.0396594 0.0959152 0.318618
7 0.683099 0.784637 0.0352492 0.0473107 0.300793
0 0.321249 0.990907 0.0107726 0.0174597 0.297455
9 0.880635 0.548379 0.0208637 0.0177225 0.296311
9 0.605761 0.840024 0.0118243 0.0372332 0.284392
5 0.98869 0.570957 0.0226193 0.0544766 0.283974
9 0.764928 0.566365 0.012307 0.0235983 0.274833
9 0.909099 0.642633 0.0170147 0.0163937 0.273971
9 0.659366 0.835788 0.0103811 0.0427392 0.266364
9 0.713967 0.575237 0.0187603 0.0429595 0.263094
9 0.45805 0.542025 0.010069 0.0248353 0.262878
9 0.401197 0.927163 0.0277584 0.0221149 0.261581
9 0.765378 0.562954 0.0144253 0.0282284 0.260751
0 0.951535 0.491951 0.0224171 0.0200875 0.259299
0 0.423387 0.475047 0.0093791 0.0175029 0.257908
9 0.666334 0.593655 0.0189186 0.0445216 0.252926
9 0.645859 0.832352 0.00902235 0.040974 0.250749
