3 0.469195 0.399398 0.0322437 0.0299547 0.681707
3 0.683066 0.39032 0.02922 0.0227642 0.666734
3 0.607682 0.394174 0.025641 0.0281745 0.662631
3 0.730053 0.400582 0.0567184 0.0253825 0.588469
3 0.503028 0.367274 0.0195877 0.0187077 0.534384
3 0.609224 0.340478 0.014098 0.0131172 0.495246
3 0.762405 0.386638 0.0416834 0.0245356 0.493248
0 0.47097 0.426457 0.00823495 0.029297 0.470922
0 0.457252 0.423779 0.00937923 0.0276235 0.431325
3 0.531787 0.343444 0.0168086 0.0159549 0.380543
8 0.097582 0.576799 0.189562 0.231085 0.283395
0 0.472387 0.427592 0.00837115 0.0269681 0.264173
3 0.542762 0.316527 0.0105391 0.0131158 0.25795
