0 0.438622 0.519471 0.011939 0.0380996 0.66472
0 0.470598 0.219013 0.0118447 0.0463272 0.613192
9 0.74833 0.305469 0.0254173 0.0304507 0.561673
0 0.406998 0.176761 0.00965232 0.0400653 0.560693
9 0.413328 0.642538 0.0146548 0.0516512 0.550391
9 0.640857 0.250643 0.0324549 0.0371075 0.517757
0 0.668974 0.325902 0.0111363 0.0376463 0.509336
1 0.530612 0.192546 0.0105045 0.0399302 0.488629
9 0.54542 0.107474 0.0129361 0.0443289 0.488304
9 0.79599 0.272849 0.0267385 0.0359171 0.485826
9 0.488033 0.295861 0.0228926 0.035512 0.47831
9 0.826029 0.462906 0.0332722 0.0297797 0.466809
0 0.434285 0.316881 0.0123255 0.036765 0.438788
0 0.626215 0.46946 0.0136483 0.0308892 0.432815
0 0.348628 0.24699 0.0105098 0.0333823 0.422912
7 0.815299 0.36811 0.0409649 0.084272 0.408327
1 0.530643 0.199396 0.0118042 0.0439487 0.405859
0 0.423683 0.55442 0.012362 0.029814 0.393518
9 0.466217 0.812076 0.0121509 0.0547323 0.385117
9 0.498297 0.157255 0.0108932 0.0412569 0.383878
9 0.850682 0.773834 0.039389 0.0282505 0.374212
9 0.773501 0.822738 0.0290746 0.0266198 0.364601
9 0.789696 0.494246 0.0246036 0.0261448 0.34147
9 0.818553 0.459532 0.0413891 0.0332367 0.329893
9 0.511482 0.0770338 0.0240955 0.0329683 0.323233
9 0.752805 0.307058 0.0346204 0.0319943 0.32295
9 0.600436 0.44585 0.0174628 0.0566754 0.322534
9 0.447339 0.210767 0.0137935 0.045124 0.316379
6 0.639469 0.0801539 0.0287548 0.0410571 0.311081
1 0.775724 0.68721 0.012883 0.0274291 0.310291
9 0.696429 0.051517 0.0258445 0.032866 0.296848
0 0.531103 0.0214757 0.0139356 0.0398915 0.296498
0 0.445183 0.204439 0.0112017 0.0415835 0.293761
0 0.495764 0.0509185 0.0127371 0.0428284 0.293015
1 0.770286 0.409049 0.0129387 0.0316745 0.291524
9 0.466109 0.693421 0.0144896 0.0571189 0.287497
6 0.851989 0.774271 0.0398056 0.0312469 0.282092
0 0.434174 0.324375 0.0122009 0.0503598 0.280592
9 0.629343 0.180656 0.0200841 0.031703 0.276912
7 0.507931 0.679544 0.026305 0.0861703 0.273391
9 0.780386 0.730555 0.0242821 0.0271593 0.267107
0 0.851368 0.42551 0.0195774 0.0288428 0.263568
0 0.661312 0.33013 0.015481 0.0365623 0.262589
9 0.48625 0.0220974 0.0106334 0.0413866 0.259671
1 0.600464 0.527714 0.0165567 0.037553 0.256628
1 0.851826 0.407949 0.0182344 0.0262734 0.255545
9 0.483393 0.695695 0.0109723 0.050983 0.25513
9 0.827183 0.439429 0.0271425 0.025182 0.250609
