0 0.42579 0.291625 0.0114441 0.024594 0.68641
0 0.445958 0.373896 0.00872066 0.015752 0.648811
0 0.467447 0.34094 0.0085944 0.0176917 0.630212
0 0.490591 0.419139 0.00822392 0.017173 0.588381
0 0.452923 0.980551 0.011641 0.0168747 0.570969
0 0.477972 0.363946 0.00763624 0.0177024 0.567538
0 0.410981 0.537703 0.00954245 0.0175095 0.567184
0 0.41829 0.500671 0.0090332 0.0234097 0.563975
0 0.424037 0.2926 0.0107883 0.0229087 0.562758
0 0.386521 0.704721 0.00794944 0.0201463 0.545347
0 0.398398 0.415286 0.0113869 0.0165941 0.540622
0 0.621283 0.961445 0.01107 0.0199475 0.531677
0 0.488105 0.519643 0.00788783 0.0132318 0.531447
0 0.400699 0.486873 0.011309 0.0170687 0.512197
0 0.373656 0.427509 0.00982457 0.017699 0.49955
0 0.494495 0.386986 0.00835074 0.0189413 0.494654
0 0.244937 0.638647 0.0177055 0.0171659 0.480313
0 0.404498 0.740587 0.0102094 0.0232427 0.438644
0 0.46066 0.71378 0.0099285 0.0177924 0.434156
0 0.438693 0.413219 0.0102066 0.0175414 0.424367
0 0.37762 0.364457 0.00809078 0.0183065 0.411126
0 0.415108 0.938694 0.00754015 0.0160602 0.410456
0 0.473699 0.412574 0.00991808 0.018969 0.403451
0 0.240769 0.680299 0.0123691 0.0212718 0.395712
0 0.497456 0.453811 0.00773717 0.0193142 0.38465
0 0.4005 0.413611 0.012427 0.0170448 0.378206
0 0.40666 0.618648 0.00732309 0.0161078 0.372229
0 0.485009 0.453554 0.00859405 0.0187967 0.349975
0 0.918548 0.812225 0.0109129 0.019545 0.322461
0 0.484667 0.456943 0.00776807 0.0189414 0.32233
0 0.476003 0.413723 0.0105224 0.0176105 0.280194
0 0.494507 0.390155 0.00870418 0.0192993 0.279796
0 0.92844 0.870448 0.0235535 0.0242854 0.268003
1 0.3444 0.947011 0.0160203 0.0206705 0.259736
