3 0.226327 0.734548 0.0685477 0.06283 0.768259
5 0.261982 0.134712 0.138938 0.112649 0.718977
3 0.243329 0.68584 0.0765818 0.0624314 0.63988
5 0.33174 0.697991 0.0844967 0.0633055 0.636018
3 0.314675 0.829578 0.0802907 0.0585811 0.569248
0 0.505318 0.944731 0.01224 0.0279113 0.495034
5 0.266313 0.237665 0.1333 0.0975875 0.491077
3 0.349634 0.948143 0.0933078 0.0802754 0.474373
9 0.571762 0.700908 0.0110665 0.0457152 0.459276
3 0.250306 0.633906 0.0645032 0.0493736 0.440852
0 0.494027 0.944392 0.0102748 0.0296306 0.438701
5 0.309938 0.392009 0.0930352 0.0573193 0.401671
3 0.319759 0.499365 0.0767903 0.0606971 0.391062
3 0.23323 0.801973 0.0674672 0.0888831 0.381503
0 0.511273 0.547217 0.0107373 0.0298275 0.361096
5 0.375151 0.0232069 0.0731685 0.0448993 0.327923
0 0.0409059 0.877319 0.00890021 0.0122417 0.303038
3 0.312978 0.758006 0.0769024 0.059627 0.292897
5 0.21127 0.791383 0.111741 0.110403 0.290228
9 0.597253 0.0588485 0.0153282 0.0607161 0.290003
0 0.370001 0.792278 0.0121934 0.018609 0.272574
