3 0.549559 0.628036 0.0252453 0.0599267 0.858338
3 0.567243 0.477193 0.0186836 0.03798 0.836548
3 0.650071 0.49919 0.0217594 0.0369175 0.794093
3 0.670661 0.390323 0.0330189 0.027056 0.758819
9 0.408902 0.871901 0.0150498 0.0454444 0.709172
7 0.606276 0.701685 0.0167048 0.062746 0.685464
9 0.734229 0.621057 0.0214248 0.0250206 0.584899
9 0.745852 0.807101 0.0197188 0.0325116 0.559691
9 0.426396 0.840509 0.0248806 0.0320952 0.557158
3 0.583595 0.401357 0.0165629 0.0313368 0.553945
7 0.677137 0.965244 0.0458502 0.0657071 0.486297
9 0.718008 0.610278 0.0141883 0.0274078 0.484809
3 0.61109 0.229964 0.021721 0.0172499 0.410417
6 0.677455 0.965105 0.0465787 0.0657196 0.406077
7 0.617462 0.249286 0.0101588 0.0175161 0.404678
9 0.482668 0.50775 0.0126619 0.0272427 0.398501
6 0.687249 0.771219 0.02055 0.0598413 0.388293
6 0.6469 0.417966 0.0157398 0.0230186 0.365633
9 0.488455 0.470512 0.0131354 0.0187971 0.354043
3 0.615831 0.203953 0.0133312 0.0136351 0.341799
3 0.616746 0.337878 0.0131445 0.0259274 0.339796
6 0.646267 0.447501 0.015155 0.0235159 0.330162
4 0.616516 0.337767 0.0142992 0.0285229 0.323375
9 0.580917 0.434203 0.00720884 0.0237887 0.320355
3 0.679451 0.226514 0.0129639 0.0137486 0.309026
7 0.546948 0.425369 0.0123237 0.0291811 0.275017
6 0.689584 0.777328 0.0243043 0.071237 0.273572
3 0.591794 0.250378 0.0186229 0.0171871 0.272314
9 0.463518 0.532203 0.0120106 0.0263036 0.269236
5 0.0505967 0.454054 0.0462585 0.0550274 0.267094
3 0.578649 0.324398 0.0145548 0.0222194 0.264713
9 0.509756 0.482072 0.0113566 0.0189408 0.260749
5 0.0174836 0.434285 0.0346106 0.0371542 0.250435
