0 0.620658 0.570157 0.010337 0.0345531 0.605822
0 0.946365 0.598658 0.0147782 0.0371926 0.604932
0 0.469885 0.581127 0.00739785 0.0238147 0.527316
0 0.315132 0.57815 0.00978812 0.0358825 0.446325
0 0.203102 0.475784 0.00701041 0.0273898 0.412707
0 0.904914 0.59431 0.0112125 0.037027 0.410302
0 0.841783 0.49548 0.00830514 0.0292639 0.378648
0 0.16931 0.58281 0.00864746 0.0269399 0.357985
0 0.029018 0.555036 0.0103368 0.0353485 0.328334
0 0.670481 0.641896 0.00754229 0.0238111 0.318267
0 0.831706 0.456219 0.00754238 0.0255872 0.252143
