6 0.710513 0.86011 0.0720442 0.133175 0.787303
6 0.585734 0.510213 0.0248661 0.0833163 0.786307
0 0.542128 0.703094 0.0203512 0.0769648 0.782185
0 0.542543 0.422732 0.0126624 0.0559132 0.737101
0 0.556157 0.378055 0.0113769 0.0540771 0.73328
6 0.581898 0.786808 0.0377704 0.137374 0.728221
6 0.895886 0.475676 0.0558697 0.115493 0.724251
0 0.610532 0.605443 0.0180118 0.0669616 0.713886
0 0.521059 0.560219 0.0154414 0.0671219 0.657821
0 0.617897 0.863902 0.0215246 0.0782496 0.647034
9 0.889491 0.80178 0.0361904 0.0693004 0.595729
6 0.127941 0.306255 0.0643565 0.0545462 0.591858
0 0.541653 0.591762 0.0154762 0.0634308 0.591007
0 0.656889 0.711323 0.0173786 0.0583869 0.58565
0 0.911664 0.809108 0.0319859 0.0639392 0.585438
0 0.720185 0.179282 0.012319 0.0432769 0.560941
0 0.602096 0.549068 0.0132276 0.052755 0.537977
0 0.531499 0.61952 0.0136783 0.06449 0.535685
6 0.689189 0.664211 0.0375468 0.101268 0.521661
9 0.183562 0.222284 0.0310018 0.0364249 0.506579
0 0.936179 0.817879 0.037799 0.0702843 0.462684
6 0.559779 0.462778 0.0290934 0.0795353 0.434836
7 0.179556 0.151539 0.0401466 0.0630796 0.430047
0 0.514493 0.543888 0.0103827 0.051866 0.422608
9 0.69419 0.152237 0.0203318 0.0284137 0.41618
9 0.10698 0.144939 0.0237088 0.034825 0.411479
5 0.573489 0.61602 0.0398738 0.112571 0.406489
0 0.529635 0.612208 0.0145639 0.0556803 0.395858
0 0.80089 0.3572 0.0182498 0.0611821 0.385728
9 0.534642 0.488483 0.0185997 0.0604612 0.382214
0 0.608873 0.339123 0.012129 0.0484951 0.381528
7 0.513435 0.0886758 0.018619 0.0488088 0.378366
9 0.0964204 0.167151 0.0171816 0.0363076 0.371957
0 0.578149 0.390756 0.014416 0.0515487 0.371685
6 0.7015 0.754572 0.0560606 0.0612586 0.36662
0 0.607388 0.310407 0.0128063 0.0401692 0.362368
0 0.599798 0.549961 0.0122112 0.0497069 0.360848
1 0.152238 0.275517 0.0132326 0.0419861 0.355593
0 0.619016 0.42993 0.0117394 0.0416728 0.355336
0 0.566331 0.33343 0.013957 0.0513714 0.354131
6 0.373767 0.199057 0.0526678 0.0482003 0.352253
0 0.906448 0.870203 0.0399761 0.0564289 0.346378
0 0.35058 0.273358 0.011383 0.0428051 0.341792
9 0.534978 0.359748 0.0155735 0.0522836 0.340724
0 0.411345 0.304767 0.0105289 0.0432024 0.339944
6 0.972087 0.631046 0.0555683 0.0649557 0.33686
0 0.479232 0.531194 0.0168873 0.0513965 0.326524
5 0.644648 0.178656 0.0709711 0.0561704 0.325279
6 0.131565 0.0592734 0.030698 0.0528982 0.325139
9 0.246457 0.182814 0.0163903 0.032966 0.321687
0 0.41587 0.304381 0.0107088 0.046247 0.317697
9 0.114814 0.133595 0.0211152 0.0272851 0.317016
0 0.584257 0.322857 0.0112669 0.0423837 0.314683
1 0.580304 0.735651 0.0259266 0.0387741 0.294842
0 0.610905 0.338167 0.0131296 0.0460575 0.293322
0 0.797057 0.362424 0.0199009 0.0533492 0.285719
0 0.125312 0.4973 0.0225425 0.0529101 0.284376
9 0.707872 0.413756 0.0145956 0.037961 0.282762
9 0.59843 0.404109 0.0130607 0.0453186 0.27839
1 0.488505 0.718191 0.0181389 0.0558261 0.272602
9 0.209635 0.182829 0.0268592 0.0295793 0.270041
9 0.560026 0.280522 0.0228926 0.0336015 0.265551
0 0.770135 0.342018 0.012912 0.0492739 0.264608
9 0.00733827 0.136547 0.0146765 0.0344311 0.264478
6 0.514803 0.0346681 0.0183502 0.0196604 0.262066
6 0.465727 0.68153 0.0531248 0.0573942 0.261424
5 0.10143 0.590487 0.0834125 0.113941 0.259562
0 0.843046 0.362618 0.0168267 0.0459629 0.259038
0 0.612382 0.59906 0.0161146 0.0748401 0.258291
0 0.919747 0.813152 0.0318249 0.0680139 0.256638
7 0.162674 0.134181 0.0454119 0.0508502 0.256498
9 0.158758 0.139947 0.0369379 0.0406191 0.253793
9 0.713583 0.33529 0.0118273 0.0440317 0.2534
9 0.629429 0.544121 0.0164343 0.0553274 0.251318
