0 0.86578 0.19856 0.0201107 0.0650914 0.796307
0 0.479886 0.360813 0.0257961 0.106881 0.784684
0 0.835093 0.10948 0.0139515 0.0533475 0.781677
0 0.427094 0.253221 0.0182713 0.0759992 0.77856
0 0.782309 0.203622 0.0238043 0.062898 0.777032
0 0.658826 0.164089 0.0152239 0.0622652 0.775037
0 0.676465 0.129272 0.0166427 0.063015 0.774091
0 0.554737 0.254983 0.0221861 0.0857819 0.760304
0 0.270157 0.155381 0.013297 0.0624989 0.703635
0 0.820226 0.210456 0.026943 0.0730834 0.693181
0 0.464679 0.640439 0.0346931 0.145321 0.6807
0 0.310408 0.12799 0.0110238 0.0565713 0.677073
0 0.384666 0.089445 0.00957816 0.0520873 0.664026
0 0.696019 0.443324 0.0265386 0.0803343 0.606132
0 0.406417 0.0647049 0.00973985 0.0392728 0.602756
0 0.338578 0.0374681 0.00954388 0.0377645 0.572616
0 0.562876 0.603957 0.0326796 0.149626 0.530815
0 0.320722 0.0495644 0.0109552 0.0497012 0.452992
0 0.559204 0.0159216 0.0103729 0.0312863 0.407591
0 0.316243 0.0375314 0.0110849 0.0391369 0.276877
0 0.301872 0.0354811 0.00910523 0.0336872 0.275743
