3 0.389065 0.827746 0.0987368 0.150187 0.932258
3 0.316233 0.560881 0.0977277 0.0979392 0.918397
3 0.373146 0.509464 0.10041 0.0907091 0.918074
3 0.579579 0.713932 0.11107 0.145445 0.908544
4 0.621283 0.652158 0.119201 0.147884 0.878516
3 0.477441 0.952146 0.120582 0.0957074 0.878347
3 0.586639 0.313595 0.0828608 0.0661578 0.873662
3 0.773422 0.461848 0.100867 0.104849 0.871395
3 0.0771782 0.581665 0.0720308 0.115637 0.870808
3 0.70396 0.205763 0.082519 0.060005 0.862695
3 0.212607 0.6773 0.0911659 0.100323 0.861643
3 0.248523 0.622434 0.0775889 0.0954239 0.85957
3 0.560859 0.355119 0.0911837 0.0866329 0.846202
3 0.382152 0.030906 0.0559957 0.061812 0.84406
4 0.671537 0.601497 0.107594 0.118644 0.83091
3 0.602542 0.275041 0.0822502 0.0568719 0.827588
3 0.936702 0.252778 0.0889523 0.0840174 0.826767
3 0.72882 0.501172 0.104466 0.112429 0.826536
3 0.246545 0.912569 0.0984143 0.173428 0.825116
3 0.502693 0.179582 0.0669861 0.0668931 0.8251
3 0.514501 0.895775 0.115841 0.159608 0.808087
3 0.337679 0.040115 0.0571928 0.0601046 0.804753
3 0.524896 0.383752 0.0729766 0.0747137 0.794425
3 0.804505 0.418478 0.0981121 0.0921467 0.794397
4 0.642773 0.236632 0.0809979 0.0606465 0.791055
3 0.537441 0.154884 0.0714485 0.0726539 0.760611
3 0.969177 0.22677 0.0614437 0.0822398 0.755345
3 0.913284 0.283517 0.0855213 0.0815882 0.747797
3 0.306905 0.0623196 0.0514166 0.0636588 0.72756
3 0.732022 0.176364 0.076279 0.0619465 0.719986
3 0.175923 0.937494 0.0936491 0.124728 0.669246
3 0.679749 0.523618 0.0832106 0.0968318 0.629922
3 0.976244 0.219128 0.0475118 0.0862109 0.627949
3 0.983626 0.214717 0.0327476 0.0817163 0.601073
3 0.824433 0.37461 0.100894 0.0996154 0.592973
3 0.753184 0.144492 0.0865061 0.0699619 0.582075
3 0.407985 0.983922 0.0869771 0.031619 0.581147
3 0.482865 0.447086 0.047333 0.0651772 0.570084
3 0.139799 0.700955 0.0809058 0.128125 0.486534
3 0.829551 0.261253 0.0777928 0.0692609 0.441747
3 0.445976 0.418064 0.0756239 0.123659 0.395604
3 0.887922 0.321208 0.0854732 0.104722 0.318775
4 0.88867 0.309017 0.0843628 0.0991236 0.315677
3 0.0363359 0.453049 0.0686016 0.0940957 0.304569
