6 0.583251 0.365238 0.0271232 0.0885738 0.836032
6 0.658455 0.778204 0.0438463 0.110516 0.79241
6 0.535181 0.407183 0.0442144 0.0670927 0.766606
6 0.709223 0.598386 0.0595143 0.0953238 0.765312
6 0.659165 0.252453 0.0503288 0.0604235 0.755709
6 0.531827 0.254896 0.0166962 0.0609279 0.746385
1 0.592476 0.943293 0.0213208 0.0450372 0.727178
9 0.592767 0.958716 0.0267147 0.0774315 0.694637
1 0.577872 0.680277 0.0186182 0.0519732 0.620444
6 0.583395 0.213602 0.0261071 0.0475964 0.559009
6 0.608034 0.185855 0.0471084 0.0431635 0.529554
6 0.710016 0.766753 0.0750439 0.0774292 0.524406
0 0.481526 0.173061 0.00980806 0.0410903 0.485655
9 0.577967 0.699992 0.0196632 0.0797365 0.480093
6 0.535652 0.0854143 0.0261318 0.0433359 0.461307
9 0.503266 0.101286 0.0277342 0.0307236 0.444684
1 0.558865 0.077211 0.00962049 0.0366825 0.406555
4 0.484597 0.384643 0.0384877 0.0964483 0.401054
6 0.465143 0.68838 0.0357962 0.109482 0.395118
9 0.501937 0.323496 0.0218567 0.0545582 0.378937
0 0.565602 0.164061 0.0109757 0.0423149 0.37888
0 0.525832 0.199703 0.0112148 0.0446034 0.374877
9 0.488789 0.301849 0.0307208 0.0438069 0.360077
9 0.559316 0.0816373 0.0110994 0.0381315 0.344289
1 0.605198 0.257462 0.0131343 0.036669 0.34091
9 0.759016 0.353686 0.0266924 0.0347477 0.331929
1 0.565627 0.162925 0.0106691 0.0412825 0.324818
1 0.60599 0.269938 0.0149045 0.0371871 0.312926
9 0.606733 0.282937 0.0226005 0.0407286 0.296387
7 0.71134 0.949175 0.0710359 0.101593 0.272008
7 0.464953 0.686357 0.0365322 0.114855 0.26853
6 0.513356 0.0259599 0.0232879 0.0376961 0.267855
6 0.588844 0.0687175 0.0247778 0.0397606 0.257906
