3 0.672933 0.451964 0.118033 0.122514 0.918952
3 0.830261 0.930828 0.176306 0.12958 0.909285
3 0.0777936 0.230157 0.122836 0.0981635 0.900079
3 0.194196 0.215124 0.107857 0.096158 0.890711
3 0.958376 0.934995 0.0832478 0.124266 0.876241
3 0.541577 0.162502 0.0447979 0.116684 0.856684
0 0.866385 0.385551 0.0225716 0.0529455 0.756495
3 0.154213 0.0725709 0.111175 0.07279 0.738309
8 0.226532 0.732704 0.242047 0.256339 0.625033
5 0.225701 0.734219 0.251397 0.261161 0.586285
5 0.535231 0.0335419 0.0470606 0.0647877 0.379914
3 0.473218 0.0159317 0.0344158 0.0318635 0.254949
