3 0.609558 0.964746 0.0509321 0.0650135 0.874659
3 0.266474 0.971595 0.0470074 0.0568091 0.859288
3 0.269282 0.903046 0.0421777 0.0559924 0.853685
3 0.577958 0.849291 0.0225304 0.0423096 0.838377
3 0.692438 0.79588 0.0291621 0.0331576 0.832099
3 0.354903 0.770218 0.025712 0.031102 0.823161
3 0.214908 0.978881 0.0517094 0.0418381 0.807292
3 0.65435 0.783847 0.0242159 0.028742 0.750697
3 0.335311 0.851195 0.029804 0.0468918 0.728911
3 0.611951 0.643842 0.0139343 0.0154333 0.691268
3 0.546295 0.628895 0.0111998 0.0122948 0.664011
3 0.592349 0.637608 0.0107244 0.0130262 0.629943
3 0.936974 0.674406 0.0351302 0.0221334 0.612018
3 0.52632 0.58841 0.0100231 0.0100109 0.585278
3 0.536719 0.60629 0.0109989 0.0124672 0.547201
3 0.883989 0.648034 0.0296223 0.0171076 0.469794
3 0.537994 0.607206 0.0115483 0.011931 0.45304
3 0.854141 0.618794 0.0223551 0.0150675 0.422105
3 0.554343 0.552277 0.00810547 0.0121325 0.377375
3 0.514013 0.568541 0.0095105 0.0129261 0.313829
3 0.500932 0.591254 0.0106733 0.0104201 0.310761
3 0.457879 0.594012 0.0100143 0.0132747 0.302538
3 0.527254 0.570502 0.00811419 0.0107682 0.282844
0 0.248438 0.817223 0.00951281 0.023763 0.272253
3 0.577186 0.60181 0.00992985 0.0137611 0.267058
