0 0.357908 0.746313 0.0336205 0.176691 0.798916
9 0.756825 0.495121 0.0757723 0.0855306 0.793734
4 0.390121 0.311031 0.0704417 0.100061 0.783439
0 0.398784 0.627174 0.0347542 0.145907 0.781335
0 0.680885 0.749699 0.0358188 0.153943 0.763211
0 0.427152 0.591996 0.0287546 0.12903 0.760523
0 0.464018 0.563066 0.030343 0.139149 0.725046
9 0.566933 0.469474 0.0625758 0.0754126 0.711644
1 0.565179 0.452392 0.0334457 0.0957837 0.687401
3 0.0904571 0.364654 0.0818901 0.0845561 0.679499
9 0.328609 0.365822 0.0455439 0.0601999 0.630705
1 0.327797 0.354211 0.0243449 0.0725863 0.599443
1 0.756429 0.470238 0.0302262 0.0989532 0.590239
4 0.443897 0.280581 0.0824818 0.0956361 0.590234
2 0.518429 0.642253 0.0700827 0.118635 0.56357
0 0.533703 0.288343 0.0154747 0.0678456 0.559169
2 0.520118 0.657937 0.0715799 0.0853152 0.541339
1 0.310319 0.360731 0.0145082 0.0536661 0.521626
0 0.572114 0.277945 0.0147764 0.0634139 0.49789
0 0.500386 0.593928 0.0300986 0.12997 0.488237
0 0.520609 0.582716 0.036256 0.158469 0.36507
0 0.533255 0.274375 0.0145231 0.0821264 0.355411
0 0.529731 0.627663 0.0398972 0.146754 0.335084
1 0.521171 0.575014 0.0335497 0.141047 0.324962
9 0.783111 0.283066 0.0135847 0.0499665 0.323862
0 0.538822 0.284389 0.0202246 0.0718986 0.318172
9 0.830294 0.287378 0.0266428 0.0354996 0.303475
