0 0.599704 0.932188 0.0259556 0.0747827 0.783506
0 0.564278 0.936453 0.0304298 0.0719124 0.758958
0 0.64414 0.566266 0.0124821 0.0378942 0.639975
0 0.662003 0.973429 0.028465 0.0531421 0.589193
0 0.807916 0.493545 0.0114685 0.0306316 0.57742
2 0.598784 0.570333 0.015248 0.0271205 0.521977
0 0.259705 0.584062 0.0124768 0.0441223 0.423631
0 0.641908 0.567194 0.0123982 0.036224 0.408675
8 0.843011 0.37692 0.086752 0.0430574 0.32902
2 0.592181 0.532096 0.0136711 0.0225957 0.307171
0 0.632649 0.542268 0.0103482 0.0339849 0.306861
0 0.635855 0.565591 0.0109114 0.0385735 0.278504
