3 0.691509 0.737696 0.0322605 0.0424616 0.787563
3 0.675925 0.716371 0.0344591 0.0440594 0.746113
3 0.473692 0.613725 0.0271809 0.033599 0.725314
3 0.523883 0.884504 0.0343464 0.0471791 0.689215
3 0.432301 0.699441 0.0346558 0.0391326 0.683538
3 0.541844 0.911565 0.0375718 0.050439 0.665281
3 0.620429 0.642974 0.0311384 0.0389503 0.663452
3 0.450233 0.741552 0.0356917 0.0398653 0.647277
3 0.530486 0.521554 0.0252434 0.0309451 0.614461
3 0.551702 0.552199 0.0258629 0.0300071 0.577736
3 0.474215 0.783731 0.0359463 0.0434735 0.561419
3 0.472411 0.540356 0.0235318 0.0261311 0.549875
3 0.565774 0.689598 0.0271011 0.031581 0.548867
3 0.461493 0.760734 0.0293013 0.0378574 0.544873
5 0.707964 0.765289 0.0381977 0.0507515 0.52867
3 0.596112 0.608408 0.0279157 0.0355565 0.524141
3 0.467775 0.595835 0.024317 0.0296573 0.499865
3 0.500171 0.585069 0.0282353 0.0271858 0.480473
3 0.403244 0.642782 0.0324139 0.0318321 0.480217
3 0.608321 0.623436 0.0306511 0.0407048 0.43561
3 0.46474 0.769772 0.0299777 0.040502 0.309335
3 0.495718 0.563957 0.022233 0.0243758 0.287166
