3 0.388535 0.415529 0.0318247 0.0454454 0.817564
0 0.293957 0.403361 0.00838322 0.0305412 0.669908
0 0.373073 0.36953 0.00873614 0.024967 0.594959
0 0.213859 0.507913 0.0172642 0.0481081 0.560186
8 0.519191 0.293476 0.0600257 0.0305074 0.555732
0 0.788828 0.433277 0.0104566 0.0325113 0.531762
0 0.259236 0.444565 0.0103837 0.0348953 0.521973
0 0.306727 0.390989 0.0081958 0.0249494 0.519541
0 0.353822 0.386022 0.00780962 0.0230308 0.516465
0 0.262198 0.428709 0.00892698 0.0315508 0.48465
0 0.272493 0.44549 0.0100425 0.0355274 0.480752
0 0.267367 0.430014 0.0107384 0.0306311 0.422157
4 0.402457 0.387701 0.0272745 0.0399249 0.417468
3 0.401817 0.388273 0.0262599 0.0393169 0.412735
0 0.355957 0.363608 0.00724564 0.0240763 0.412386
0 0.249272 0.44593 0.0110544 0.0350508 0.40046
0 0.261552 0.43513 0.0106363 0.0359193 0.379459
0 0.273395 0.438928 0.0101294 0.0355349 0.377423
0 0.337732 0.385678 0.00828792 0.0253879 0.376651
0 0.396024 0.321623 0.00599077 0.0186337 0.36113
0 0.37558 0.369752 0.0113436 0.0250207 0.353404
0 0.411474 0.313161 0.00640185 0.0201355 0.347963
0 0.944784 0.509906 0.0166157 0.0395733 0.344184
0 0.208142 0.508311 0.0135341 0.0457436 0.34238
0 0.763206 0.418082 0.0105865 0.0254476 0.340425
0 0.40473 0.317473 0.00497759 0.0208429 0.332831
0 0.403767 0.314178 0.00550123 0.0202627 0.326912
0 0.644082 0.334808 0.00753937 0.0182152 0.31916
0 0.36594 0.362483 0.00593024 0.0240327 0.315958
0 0.613224 0.314506 0.0053581 0.0159816 0.313495
0 0.642069 0.331868 0.00642604 0.0193414 0.311467
0 0.290781 0.403641 0.010543 0.0310487 0.309813
0 0.340116 0.387032 0.00941391 0.0248814 0.289495
0 0.363476 0.357817 0.00675258 0.0227034 0.282137
0 0.41392 0.38243 0.00977461 0.0290431 0.272553
0 0.308127 0.390288 0.00902376 0.0252687 0.265845
0 0.602774 0.304321 0.00704899 0.0158428 0.26386
0 0.665114 0.427593 0.00982601 0.0352659 0.258866
0 0.286909 0.403337 0.0113418 0.0307734 0.256533
