3 0.345688 0.840406 0.0289426 0.0963988 0.892768
3 0.392741 0.528411 0.0286048 0.0920965 0.882755
3 0.358137 0.406612 0.0232053 0.0991497 0.867189
3 0.362185 0.73216 0.0301304 0.0950805 0.861764
3 0.24667 0.135625 0.0541472 0.0774938 0.81354
3 0.326754 0.966866 0.0294096 0.0629513 0.789856
8 0.353825 0.0908294 0.0725676 0.115143 0.711336
3 0.365788 0.927376 0.0296165 0.0991036 0.673917
0 0.405399 0.839832 0.0108632 0.0198875 0.546138
0 0.410685 0.0619116 0.00893402 0.0222212 0.47826
4 0.312254 0.505584 0.0271496 0.116212 0.46616
3 0.31194 0.50601 0.0261871 0.115471 0.286545
