0 0.165497 0.683645 0.0194334 0.0251528 0.576036
0 0.150243 0.673038 0.0237072 0.0273322 0.564917
0 0.347252 0.49207 0.0120758 0.0223249 0.540351
0 0.448941 0.975743 0.0114205 0.0202508 0.438122
0 0.246727 0.661938 0.0183152 0.0263088 0.422125
0 0.146511 0.67891 0.0207291 0.0198253 0.406337
0 0.219534 0.660249 0.019473 0.0227967 0.405324
1 0.457621 0.670881 0.0203432 0.0259477 0.394045
0 0.239347 0.634158 0.0177399 0.0220658 0.387503
0 0.498078 0.421325 0.0190499 0.0426841 0.383141
0 0.386362 0.382852 0.0120075 0.0215119 0.379877
0 0.528966 0.407623 0.00957511 0.0165997 0.35578
0 0.258948 0.655576 0.0166639 0.0308537 0.335189
0 0.469986 0.416966 0.0149287 0.0392724 0.332409
0 0.263349 0.665619 0.0190198 0.0256512 0.332045
0 0.2635 0.656186 0.0213227 0.0337193 0.322733
0 0.193634 0.657863 0.0248677 0.0307437 0.284559
0 0.171064 0.659419 0.0184067 0.0239473 0.273926
0 0.369072 0.663639 0.0118482 0.0166525 0.259006
