0 0.704768 0.804921 0.0115274 0.0240829 0.645774
0 0.474016 0.840984 0.0114244 0.0240153 0.629164
0 0.458281 0.881499 0.00958836 0.0203338 0.60702
0 0.497966 0.791052 0.0108698 0.0206121 0.549875
0 0.53037 0.316405 0.00563878 0.0188745 0.52952
0 0.467108 0.791106 0.00897042 0.0177873 0.522897
0 0.630509 0.79687 0.0130554 0.0282566 0.500224
0 0.640241 0.837636 0.0120486 0.0208008 0.49502
0 0.496246 0.878408 0.0107326 0.0207169 0.448714
0 0.507501 0.336557 0.0073618 0.0196936 0.445708
0 0.40238 0.808636 0.0117515 0.0254297 0.436222
0 0.760764 0.748654 0.011195 0.0184596 0.386606
0 0.424001 0.96986 0.0105318 0.0226204 0.36191
0 0.428778 0.992396 0.0078867 0.0152079 0.354938
0 0.246988 0.662531 0.00966758 0.0174368 0.339768
0 0.454441 0.553553 0.0124826 0.0237938 0.329664
0 0.439616 0.557604 0.00839137 0.0192368 0.320664
0 0.781294 0.740805 0.0134153 0.0175365 0.315245
0 0.308797 0.175964 0.00847506 0.0186104 0.305893
0 0.544504 0.591746 0.0106972 0.0197718 0.302217
0 0.429428 0.553662 0.00846872 0.0190404 0.300545
0 0.228425 0.644496 0.0122317 0.0296126 0.285399
0 0.435307 0.596388 0.00900705 0.0272272 0.272168
0 0.438277 0.556592 0.00789594 0.0203248 0.261504
0 0.487895 0.302222 0.00602696 0.0161525 0.252759
