3 0.522264 0.511269 0.0173744 0.0303011 0.857427
3 0.547346 0.661528 0.0240931 0.0509563 0.851063
3 0.482777 0.359442 0.0107949 0.0183496 0.79047
3 0.566729 0.93851 0.0325689 0.0965516 0.760821
3 0.485819 0.314958 0.00923444 0.0154325 0.689834
3 0.478804 0.283082 0.00801448 0.0160616 0.689174
3 0.513846 0.656802 0.0243565 0.0604684 0.664079
3 0.474591 0.416292 0.0136564 0.0260332 0.66233
3 0.508602 0.407133 0.0125521 0.0285234 0.647352
3 0.444294 0.492104 0.0144775 0.028365 0.646209
4 0.530499 0.423046 0.0141156 0.0300597 0.638073
3 0.525938 0.358905 0.01117 0.021988 0.631524
3 0.523226 0.335069 0.00904846 0.0157938 0.557166
3 0.468849 0.342657 0.0113002 0.0198448 0.530782
