5 0.639745 0.658422 0.0306077 0.0541794 0.804402
5 0.539994 0.880288 0.0154751 0.061103 0.687032
3 0.694799 0.751243 0.0172816 0.0300211 0.679058
8 0.50059 0.585888 0.0268413 0.0438341 0.667298
5 0.695957 0.508501 0.0282219 0.0368068 0.643628
5 0.74424 0.530868 0.0372623 0.0361473 0.628013
5 0.721641 0.518328 0.0261263 0.0374676 0.608767
5 0.705915 0.512504 0.02491 0.0389449 0.603747
3 0.463673 0.544976 0.0123268 0.0207964 0.599349
5 0.669343 0.492254 0.0278152 0.028753 0.582339
5 0.503476 0.32767 0.0198985 0.0261637 0.552704
3 0.510006 0.630929 0.0158462 0.0251655 0.551421
5 0.715106 0.515853 0.0274057 0.039497 0.54845
5 0.726494 0.628872 0.0334718 0.0429339 0.525597
3 0.484409 0.848639 0.0105 0.0324626 0.521038
4 0.463773 0.387893 0.0153114 0.0256371 0.513982
3 0.816901 0.491366 0.0103705 0.0205252 0.510588
3 0.484535 0.348491 0.0128442 0.0170119 0.504944
5 0.640632 0.46055 0.0247894 0.0276093 0.498995
3 0.802177 0.447296 0.00831185 0.0157483 0.494915
3 0.289538 0.335171 0.00947752 0.0152594 0.474186
3 0.627202 0.380936 0.00868931 0.0165257 0.466222
5 0.674039 0.495663 0.0212479 0.0304549 0.454984
5 0.530344 0.354417 0.0203265 0.0232556 0.448031
5 0.709411 0.514974 0.0233401 0.039609 0.444613
3 0.807046 0.394297 0.00861895 0.0157657 0.435384
3 0.821844 0.464407 0.00772548 0.0196 0.432449
5 0.683281 0.506491 0.0216497 0.032394 0.428112
3 0.485763 0.349945 0.0115507 0.015896 0.42743
3 0.542332 0.457108 0.0117744 0.0190828 0.411182
5 0.716699 0.647884 0.0321724 0.0410421 0.408003
3 0.468884 0.310811 0.0100727 0.0154197 0.405325
3 0.246684 0.248559 0.00977443 0.0126119 0.402922
5 0.517166 0.342115 0.0197801 0.0229567 0.398239
3 0.191488 0.213471 0.0111443 0.0149391 0.396678
5 0.636258 0.46153 0.02147 0.0263287 0.394049
3 0.758949 0.839114 0.0197655 0.0334196 0.381173
3 0.229968 0.251416 0.0137257 0.0163281 0.379804
3 0.581591 0.576042 0.0132221 0.0179886 0.376538
3 0.552516 0.418761 0.01505 0.0200105 0.370159
3 0.264096 0.297188 0.00866337 0.0114372 0.359202
3 0.615971 0.490884 0.0184602 0.0204427 0.355167
3 0.478615 0.332639 0.00980451 0.0156703 0.354579
8 0.28848 0.254138 0.0190587 0.0254878 0.35419
3 0.585221 0.456849 0.0143478 0.0194715 0.346964
3 0.337667 0.490132 0.0132859 0.0157125 0.345577
4 0.188009 0.177196 0.011643 0.0163935 0.34047
3 0.978418 0.728357 0.013493 0.0260447 0.336388
5 0.524124 0.345384 0.0215289 0.0254758 0.333002
3 0.827445 0.424398 0.00828692 0.0127472 0.331731
3 0.815728 0.450135 0.00846654 0.0155368 0.3294
5 0.661966 0.488228 0.0187241 0.025077 0.32747
3 0.56728 0.393787 0.0143576 0.0186576 0.322032
5 0.545851 0.369097 0.0194967 0.0269859 0.3216
5 0.721597 0.637064 0.0333735 0.041729 0.3167
3 0.498083 0.368359 0.0137279 0.0186451 0.311402
3 0.530439 0.397836 0.013491 0.0153757 0.310586
3 0.635952 0.360364 0.0100148 0.0159291 0.307406
3 0.170799 0.192718 0.00783882 0.0143497 0.30588
3 0.988595 0.699244 0.012158 0.0280885 0.305101
3 0.793507 0.485367 0.00966152 0.0233218 0.301433
3 0.710897 0.564042 0.0147959 0.0178364 0.299504
8 0.938683 0.11702 0.0163166 0.0181016 0.297834
3 0.599167 0.46941 0.0152134 0.0165871 0.289483
3 0.5031 0.369706 0.0122366 0.0159042 0.286969
3 0.479541 0.293402 0.0120501 0.0163586 0.284362
3 0.81706 0.346429 0.00778146 0.0179433 0.2795
5 0.702577 0.600399 0.0256937 0.0342739 0.277608
3 0.744534 0.457758 0.0114242 0.018896 0.277139
3 0.807468 0.417398 0.00832581 0.0170868 0.274433
3 0.828999 0.387288 0.00672791 0.0195031 0.260441
3 0.214268 0.228464 0.0099411 0.0128508 0.258365
3 0.977509 0.836695 0.0194415 0.024854 0.258045
