9 0.10028 0.696413 0.0231326 0.019937 0.489071
9 0.0594833 0.684718 0.0232352 0.0175038 0.366599
9 0.0557945 0.657496 0.0260035 0.0174647 0.364655
0 0.502947 0.145775 0.00729065 0.0211549 0.346397
0 0.493649 0.152567 0.00736389 0.0192075 0.334306
0 0.457722 0.524442 0.00795802 0.017867 0.333706
0 0.510457 0.114616 0.00848371 0.0238846 0.304075
0 0.737483 0.605241 0.0090114 0.0133738 0.279533
0 0.0309326 0.721829 0.0164202 0.0146224 0.274749
9 0.462861 0.256992 0.00769867 0.03588 0.274687
4 0.41692 0.702048 0.0118305 0.044241 0.272702
3 0.680404 0.674093 0.0326559 0.0321373 0.259765
0 0.0308496 0.706334 0.0131985 0.0131336 0.253173
9 0.46432 0.250923 0.00886688 0.027606 0.252286
