3 0.743119 0.793766 0.143412 0.117139 0.903683
3 0.825859 0.723455 0.143236 0.0797188 0.901441
3 0.166805 0.663195 0.0929958 0.0745702 0.899941
3 0.727327 0.675219 0.125368 0.0614557 0.829915
3 0.650444 0.632299 0.0921072 0.0436812 0.828946
3 0.872909 0.947053 0.254182 0.10542 0.827936
3 0.339612 0.566439 0.0258872 0.0270859 0.824974
3 0.432777 0.553666 0.0174845 0.0191091 0.803299
3 0.595183 0.598221 0.074844 0.034688 0.802358
3 0.638086 0.696291 0.0779485 0.0677264 0.780961
3 0.358021 0.529997 0.0114902 0.0129097 0.773062
3 0.507395 0.594887 0.0407915 0.0294553 0.767397
3 0.150532 0.59008 0.0300787 0.0316951 0.680199
3 0.575682 0.637836 0.0525835 0.0546148 0.64799
5 0.0301138 0.640879 0.0602276 0.080246 0.619237
3 0.468026 0.544828 0.0144766 0.0169177 0.618817
3 0.333085 0.526795 0.0119358 0.015051 0.585011
3 0.475414 0.553122 0.0142508 0.0174277 0.573031
3 0.40532 0.526414 0.0104895 0.0108789 0.547792
1 0.417668 0.565986 0.0064849 0.0155105 0.543387
3 0.432755 0.521004 0.0104596 0.00908436 0.533096
3 0.319732 0.528932 0.0132516 0.0119354 0.521413
3 0.493409 0.547014 0.017684 0.0179446 0.518696
3 0.506534 0.576549 0.0291819 0.0269194 0.514716
3 0.50252 0.572151 0.0246963 0.0256273 0.480598
3 0.277451 0.544016 0.0237489 0.0226338 0.464805
3 0.378359 0.508591 0.0117486 0.00948289 0.45919
3 0.376933 0.601073 0.0320956 0.0421949 0.455423
5 0.277855 0.544368 0.0245629 0.0233773 0.439682
3 0.457769 0.53514 0.0119305 0.0132927 0.438933
3 0.48781 0.537736 0.0179583 0.0134097 0.426813
5 0.295687 0.53346 0.0244204 0.0320944 0.423243
3 0.344718 0.513497 0.0125965 0.0115655 0.409334
3 0.453156 0.532313 0.0135461 0.0146908 0.396784
3 0.444941 0.524965 0.00924203 0.00982143 0.362203
3 0.46502 0.528222 0.0106161 0.0120542 0.354085
3 0.186251 0.544845 0.0241126 0.0206172 0.338519
5 0.377194 0.600882 0.0323295 0.0427977 0.310729
3 0.332488 0.52334 0.0105406 0.0144076 0.287116
3 0.528259 0.548888 0.0285513 0.0179604 0.277079
3 0.542839 0.558421 0.034247 0.0208489 0.257795
8 0.296107 0.529474 0.0234657 0.0250922 0.255868
