0 0.719715 0.215788 0.00979287 0.0241911 0.600244
0 0.403788 0.381007 0.00748644 0.0179272 0.595313
0 0.634338 0.777098 0.0112633 0.0140041 0.589555
0 0.605657 0.785451 0.008992 0.0163897 0.50636
0 0.819028 0.194544 0.00899161 0.021953 0.400402
0 0.60705 0.786955 0.0110139 0.0142711 0.381379
0 0.410949 0.382506 0.0074711 0.0200119 0.379657
0 0.717406 0.216022 0.00998021 0.0229596 0.329966
0 0.592522 0.658231 0.00901145 0.0168954 0.301956
0 0.247558 0.416191 0.0082324 0.0157381 0.301437
0 0.820842 0.193593 0.00899772 0.0236076 0.271089
