0 0.503217 0.274366 0.0079487 0.0378746 0.71975
0 0.492509 0.175967 0.00724047 0.033361 0.681232
0 0.50063 0.635497 0.0115182 0.0490949 0.668715
0 0.574412 0.766876 0.0126668 0.0636851 0.633929
0 0.528661 0.387776 0.00738429 0.0420429 0.633481
0 0.561329 0.588793 0.0105217 0.0471199 0.614312
0 0.473271 0.151101 0.0090451 0.0292391 0.596089
0 0.48701 0.680243 0.00974723 0.0488617 0.531994
0 0.452272 0.0931783 0.00798096 0.0256476 0.484009
0 0.46826 0.11841 0.00654942 0.0252109 0.467379
0 0.456173 0.197317 0.0066537 0.0319935 0.418495
0 0.504206 0.216613 0.00622785 0.0338905 0.411167
0 0.660268 0.125311 0.00804387 0.0229932 0.309939
0 0.433297 0.0847338 0.00730778 0.0292245 0.289499
0 0.481122 0.11762 0.00607221 0.0294493 0.283249
