3 0.528719 0.541052 0.0519341 0.0363832 0.881112
3 0.700502 0.428626 0.038427 0.0597515 0.877733
4 0.606759 0.482674 0.0440571 0.0679105 0.876771
3 0.742093 0.39758 0.0420763 0.0591677 0.876369
3 0.861529 0.285203 0.0490917 0.0279386 0.8743
3 0.164096 0.499736 0.0584506 0.035189 0.872483
3 0.221887 0.487357 0.0492585 0.0316758 0.871503
3 0.676539 0.448405 0.0384807 0.0638672 0.871494
3 0.161302 0.429016 0.0528064 0.0310911 0.871254
3 0.333223 0.413968 0.0497601 0.0319112 0.870962
3 0.408364 0.473904 0.0493378 0.0344147 0.868813
3 0.20439 0.556345 0.0552376 0.0316904 0.867061
3 0.408142 0.537669 0.0528876 0.0334629 0.865897
3 0.400072 0.577457 0.0536904 0.0320925 0.861448
3 0.776413 0.359329 0.0468271 0.0298922 0.859191
3 0.721903 0.412539 0.0410436 0.0635434 0.85808
3 0.0336956 0.545714 0.0611464 0.0315516 0.85768
3 0.408594 0.0221383 0.0261404 0.0379964 0.854112
3 0.508501 0.401526 0.0494368 0.0319345 0.839147
3 0.0846051 0.374693 0.0577511 0.0297611 0.834437
3 0.0267796 0.602797 0.0529 0.035053 0.825692
3 0.115602 0.186163 0.044571 0.0408681 0.810044
7 0.956493 0.262585 0.0149952 0.028557 0.459244
6 0.956641 0.262669 0.0148261 0.0285529 0.368697
