5 0.614665 0.818038 0.0419462 0.100769 0.650622
9 0.814117 0.555338 0.0270052 0.0318387 0.643387
9 0.865044 0.361012 0.0242718 0.0531113 0.600294
0 0.972549 0.575058 0.0251892 0.0181878 0.596099
9 0.851507 0.513892 0.0261611 0.0239211 0.593603
9 0.833728 0.331612 0.0164153 0.0491585 0.582541
0 0.356353 0.0451533 0.0123475 0.0396454 0.58132
0 0.854715 0.54046 0.0162582 0.0203603 0.57607
5 0.703682 0.523285 0.0579853 0.0770135 0.57154
0 0.401301 0.312196 0.0104445 0.0348645 0.562257
9 0.905718 0.395856 0.020837 0.0463935 0.551076
2 0.582757 0.194073 0.0206551 0.0436241 0.519996
9 0.616092 0.193511 0.0193949 0.0456798 0.50072
0 0.98818 0.54666 0.0214767 0.0231749 0.479299
9 0.58273 0.193354 0.0204567 0.0447222 0.476226
0 0.398987 0.475427 0.0119124 0.0212793 0.471232
9 0.817221 0.318591 0.0175685 0.0480246 0.452383
9 0.84659 0.34236 0.0210252 0.0442693 0.425835
0 0.963104 0.636072 0.0190685 0.0235339 0.425098
9 0.844458 0.336973 0.0180977 0.0518779 0.419088
0 0.691701 0.458363 0.0123509 0.0183101 0.416718
0 0.669318 0.39303 0.0132439 0.0184773 0.410158
0 0.702313 0.35611 0.0163531 0.0206552 0.407914
0 0.38453 0.447796 0.0114751 0.0230069 0.405382
0 0.071605 0.478876 0.0110432 0.0283255 0.401765
9 0.286265 0.0365153 0.0170911 0.0357439 0.370321
9 0.815637 0.320959 0.012476 0.0433653 0.368547
0 0.81916 0.441257 0.0170702 0.0180456 0.36571
9 0.99485 0.481534 0.0103009 0.0416031 0.36538
9 0.838662 0.332696 0.0214569 0.0562278 0.36318
5 0.622309 0.68386 0.039382 0.0869362 0.333732
0 0.00622826 0.414683 0.0122179 0.0278005 0.328986
0 0.38555 0.480754 0.0107739 0.022884 0.325415
9 0.882244 0.376456 0.0164597 0.0512604 0.31717
9 0.509069 0.119255 0.0201876 0.0385143 0.316396
0 0.812197 0.614638 0.0165046 0.0161647 0.313445
0 0.688012 0.369946 0.0115069 0.0199982 0.3058
0 0.691819 0.454582 0.0124743 0.0210761 0.303247
0 0.813263 0.617125 0.0185115 0.0203935 0.302767
7 0.703763 0.523024 0.0581438 0.0763623 0.296288
6 0.552976 0.489286 0.0372249 0.098668 0.293205
4 0.575594 0.752273 0.0453985 0.100494 0.290131
9 0.732188 0.283265 0.0140164 0.0488212 0.290054
0 0.746298 0.581709 0.0117685 0.0193703 0.28985
0 0.693327 0.327474 0.013393 0.019608 0.289378
0 0.817041 0.634981 0.016079 0.0228299 0.280938
9 0.425904 0.0143311 0.0227409 0.0286621 0.276903
0 0.813684 0.623186 0.01865 0.0310767 0.276364
6 0.535034 0.121391 0.0339041 0.0940493 0.275736
9 0.607231 0.137314 0.0166252 0.0428347 0.274608
0 0.685816 0.37286 0.0123485 0.0220356 0.273852
0 0.756508 0.661867 0.0121923 0.0264113 0.270976
9 0.756371 0.274283 0.0158596 0.0594355 0.267467
9 0.297018 0.148152 0.0262486 0.0344821 0.265759
9 0.273708 0.107768 0.026924 0.0355011 0.263329
9 0.753444 0.275543 0.0202611 0.061946 0.261218
7 0.354214 0.182925 0.0295586 0.0712826 0.259204
9 0.311694 0.17889 0.0294361 0.0425929 0.257873
9 0.857183 0.359899 0.0191944 0.0525176 0.257265
9 0.88045 0.36718 0.0182996 0.059692 0.255614
0 0.825644 0.422456 0.0116669 0.0204767 0.255209
9 0.730465 0.276366 0.018356 0.0575729 0.255192
