3 0.36204 0.73707 0.0810514 0.148589 0.920761
3 0.583403 0.706823 0.110204 0.0746409 0.894925
3 0.629881 0.427228 0.0733799 0.0474031 0.857292
4 0.544914 0.923809 0.107142 0.0944384 0.83996
4 0.611673 0.473812 0.0897858 0.068515 0.828567
3 0.594277 0.634678 0.108177 0.0671051 0.817783
3 0.434756 0.408998 0.0754813 0.051411 0.817418
3 0.637845 0.318867 0.0586488 0.0390342 0.811985
3 0.523125 0.503823 0.0461468 0.0921141 0.811087
9 0.380431 0.611415 0.0374372 0.0368812 0.666504
3 0.405077 0.350296 0.0566348 0.038851 0.515719
9 0.402835 0.453484 0.0292289 0.0248039 0.484559
0 0.822792 0.988911 0.0287384 0.0221772 0.36891
9 0.32653 0.574546 0.0337434 0.0269505 0.356362
9 0.399865 0.476952 0.0216954 0.0190278 0.309439
9 0.543731 0.255219 0.0210522 0.0223669 0.276245
0 0.720914 0.412023 0.0112207 0.0373619 0.269331
0 0.308626 0.911129 0.0178617 0.0384544 0.262689
0 0.319983 0.951554 0.0224127 0.0598595 0.261208
