3 0.792467 0.29575 0.0545216 0.0328929 0.852023
3 0.687477 0.311664 0.0290163 0.0405366 0.840411
3 0.259659 0.416846 0.0398146 0.0628484 0.834893
3 0.655051 0.210978 0.0264503 0.0323358 0.817938
3 0.684762 0.188182 0.0422849 0.0234509 0.79973
3 0.288589 0.168136 0.0412437 0.0286708 0.799241
3 0.619078 0.158889 0.0176836 0.0276161 0.793008
3 0.361674 0.0915064 0.0309614 0.0236967 0.781371
4 0.636538 0.145906 0.0174887 0.0291353 0.641002
3 0.42305 0.0118296 0.0146717 0.0218002 0.637459
3 0.65212 0.0882863 0.0285177 0.0186077 0.631924
9 0.818308 0.854282 0.0257313 0.051965 0.494327
9 0.804009 0.378157 0.0120851 0.0242566 0.417748
0 0.97499 0.912653 0.0252848 0.0343753 0.391781
9 0.697946 0.207611 0.0147997 0.0154821 0.378227
3 0.233816 0.472762 0.0318796 0.056608 0.339462
6 0.741208 0.289506 0.0214237 0.0233964 0.317671
2 0.889518 0.591562 0.0270553 0.0208692 0.313964
3 0.54071 0.00422338 0.0199179 0.00844676 0.301027
9 0.769852 0.328997 0.0282959 0.0212358 0.277329
9 0.819874 0.419345 0.0163436 0.0228817 0.26154
0 0.596414 0.00497234 0.00585288 0.00938619 0.257867
