0 0.383275 0.794645 0.0178067 0.0577462 0.83888
0 0.416409 0.793924 0.0240036 0.0633214 0.794527
0 0.428572 0.33729 0.00958557 0.0329188 0.782457
0 0.463591 0.328659 0.00926256 0.0353674 0.774553
0 0.491204 0.338373 0.0098904 0.0332316 0.737517
0 0.485039 0.370806 0.0105595 0.038953 0.734662
0 0.467133 0.391523 0.012899 0.0390876 0.716564
0 0.41414 0.357346 0.0107804 0.0354412 0.702955
0 0.581067 0.294935 0.00863059 0.0299006 0.691416
0 0.72726 0.263624 0.00949132 0.0302184 0.689315
3 0.754374 0.19764 0.0325436 0.0251889 0.681283
0 0.509597 0.355926 0.00947715 0.0369914 0.67854
3 0.732071 0.217795 0.031621 0.0299636 0.642953
3 0.769047 0.143995 0.026684 0.017807 0.636238
3 0.728435 0.178415 0.0250918 0.0246775 0.628731
0 0.42392 0.382974 0.0106905 0.0390837 0.616354
3 0.877613 0.193131 0.0311388 0.0242765 0.580709
3 0.741478 0.130908 0.0244445 0.0168129 0.566156
0 0.447998 0.219898 0.00857858 0.0235328 0.564499
3 0.968391 0.313455 0.0493536 0.0396467 0.515387
0 0.868063 0.517598 0.0181599 0.0430586 0.510964
3 0.947175 0.226253 0.0411734 0.0273156 0.482256
0 0.491751 0.172356 0.00656071 0.0192538 0.451035
3 0.913101 0.211007 0.037154 0.0252275 0.432315
3 0.793085 0.152737 0.031848 0.0215962 0.417409
3 0.926546 0.231783 0.0409122 0.0259251 0.378878
0 0.359512 0.367536 0.0123207 0.0302914 0.369324
0 0.639391 0.290215 0.0100351 0.0295887 0.36233
0 0.601248 0.283266 0.010415 0.027793 0.345551
0 0.59881 0.281822 0.0101729 0.0264074 0.324161
3 0.940771 0.228077 0.0348173 0.0280699 0.288104
3 0.615294 0.0857442 0.0150077 0.0146642 0.252362
