3 0.499778 0.843446 0.0605477 0.161486 0.92206
3 0.245892 0.449766 0.0592467 0.0623926 0.892892
3 0.662535 0.679165 0.0500714 0.123987 0.880087
3 0.616723 0.473598 0.0784883 0.0446418 0.871621
3 0.554734 0.428455 0.0271734 0.0513971 0.842394
3 0.669103 0.562759 0.0384012 0.0854924 0.837645
3 0.671196 0.425786 0.0529984 0.0390151 0.821574
3 0.369887 0.305469 0.0331957 0.0362752 0.808643
9 0.83656 0.845243 0.0502449 0.0644211 0.798867
3 0.456416 0.221991 0.0212224 0.0254774 0.782448
2 0.156868 0.492279 0.0324689 0.0244237 0.761312
3 0.644479 0.353826 0.0249475 0.0361624 0.711947
9 0.784839 0.832094 0.0193602 0.0617358 0.683553
3 0.675627 0.400925 0.0638392 0.0334309 0.681501
0 0.340423 0.353169 0.00996848 0.0271474 0.667694
9 0.762743 0.668906 0.027466 0.0406108 0.629848
3 0.671573 0.287732 0.0434733 0.02428 0.595515
3 0.678348 0.271857 0.0345223 0.0209557 0.570662
9 0.618473 0.602656 0.0142198 0.0422452 0.563339
4 0.636765 0.3208 0.0214039 0.0372481 0.534136
9 0.119125 0.535785 0.0340623 0.0344407 0.529381
0 0.454626 0.603002 0.01282 0.0405528 0.483857
3 0.671178 0.257872 0.0345176 0.0229401 0.451522
3 0.474931 0.1747 0.015873 0.0146678 0.445749
9 0.309143 0.344795 0.0138131 0.021211 0.439667
9 0.765895 0.493432 0.0278663 0.0270822 0.438735
0 0.326619 0.354066 0.00976554 0.0246278 0.429709
3 0.637173 0.321079 0.0209215 0.0357311 0.429028
9 0.207354 0.428114 0.0257128 0.025886 0.417453
9 0.207493 0.423791 0.0242588 0.0254986 0.414501
9 0.752732 0.58614 0.0278536 0.0464522 0.394521
9 0.719238 0.845985 0.0654061 0.0618121 0.388451
2 0.11884 0.536277 0.0342658 0.0328942 0.370135
2 0.765768 0.493323 0.0270163 0.0247637 0.35083
9 0.726794 0.391567 0.0205743 0.0224402 0.335387
3 0.555115 0.0908392 0.00906699 0.0102551 0.330296
0 0.710603 0.418695 0.0111628 0.0290073 0.31113
0 0.710858 0.81581 0.0181257 0.0436566 0.277604
3 0.59068 0.298421 0.0197856 0.0272889 0.266141
3 0.553631 0.079016 0.00800533 0.00923602 0.255869
