0 0.395324 0.729596 0.00923741 0.0350697 0.708601
0 0.457576 0.422205 0.00906725 0.0255577 0.667638
0 0.445232 0.431128 0.00798575 0.0276696 0.654035
0 0.656476 0.466749 0.00781839 0.0302907 0.563379
0 0.843753 0.482175 0.00997428 0.0260517 0.563351
0 0.740597 0.351203 0.00704276 0.0262659 0.550711
0 0.811716 0.42524 0.0077179 0.027394 0.524677
0 0.72776 0.368885 0.00704764 0.0269801 0.523984
0 0.75455 0.380125 0.00701146 0.0283593 0.521775
0 0.801017 0.426459 0.010528 0.0271012 0.517379
0 0.70424 0.339678 0.00646179 0.0256799 0.512178
0 0.640499 0.443984 0.0071232 0.0267894 0.511087
0 0.689402 0.369419 0.00870819 0.0271499 0.499682
0 0.602848 0.510931 0.0089655 0.0339303 0.492761
0 0.459833 0.422122 0.00648612 0.0257035 0.491639
0 0.498006 0.337492 0.0085686 0.0289558 0.489981
0 0.746846 0.382425 0.00728856 0.0288024 0.487977
0 0.602863 0.421995 0.00799395 0.0257861 0.48423
0 0.690668 0.702039 0.00845145 0.0266673 0.469558
0 0.720777 0.333851 0.00707951 0.029723 0.467691
0 0.821059 0.425933 0.00757141 0.0251138 0.452988
0 0.667533 0.193723 0.00769283 0.0255351 0.450549
0 0.893329 0.50349 0.00797668 0.0257494 0.449455
0 0.831966 0.44766 0.00983276 0.0291803 0.435118
0 0.705094 0.235761 0.00707999 0.0268955 0.421916
0 0.647727 0.425295 0.00799334 0.0316924 0.421286
0 0.983178 0.957176 0.0161512 0.0257581 0.413147
3 0.0480021 0.945301 0.0616812 0.0872302 0.407165
0 0.680457 0.373122 0.0066551 0.0313489 0.395717
0 0.799136 0.426517 0.0108888 0.0267874 0.388337
0 0.827465 0.426311 0.00897086 0.027309 0.387682
0 0.919215 0.524006 0.00990452 0.0289616 0.3819
0 0.694336 0.328496 0.00730931 0.0271337 0.373955
0 0.922008 0.520547 0.0108726 0.0341099 0.371518
0 0.489102 0.358108 0.0093522 0.0285529 0.366019
0 0.711608 0.30462 0.00707454 0.0248089 0.356384
5 0.0807796 0.85213 0.0627316 0.110585 0.355367
0 0.572189 0.491314 0.00733246 0.0292691 0.355198
0 0.678588 0.36355 0.00732823 0.0285126 0.353823
0 0.885733 0.496254 0.00911482 0.0303139 0.348166
0 0.473205 0.431937 0.00891497 0.0330942 0.337928
0 0.710563 0.338617 0.00584887 0.0288374 0.330049
0 0.486201 0.359426 0.00990409 0.0253282 0.325878
0 0.987338 0.608997 0.0126087 0.0321163 0.316023
0 0.652925 0.419571 0.0070428 0.0330742 0.315063
0 0.703738 0.309545 0.00627385 0.0290218 0.31367
0 0.660086 0.40128 0.00780736 0.0298227 0.304392
0 0.695078 0.249198 0.00640808 0.0232207 0.291795
0 0.846323 0.426833 0.00795689 0.024959 0.29164
5 0.136844 0.728718 0.0936985 0.0692347 0.284563
0 0.735759 0.315901 0.00903569 0.025807 0.280263
0 0.657873 0.466439 0.00948229 0.0287917 0.277605
0 0.672804 0.386607 0.0081665 0.0282309 0.263656
0 0.500482 0.337682 0.0115399 0.0282813 0.261102
0 0.488787 0.352636 0.00703382 0.0264243 0.257413
0 0.878437 0.453909 0.00889605 0.0291734 0.2555
