3 0.639978 0.932299 0.0902021 0.0636876 0.876263
3 0.473409 0.370791 0.0146072 0.0269405 0.862017
5 0.521529 0.572135 0.0308003 0.0809133 0.832769
3 0.608268 0.510634 0.0270054 0.0433062 0.831255
3 0.126223 0.472785 0.0385855 0.0379744 0.825123
3 0.136186 0.502693 0.039444 0.0454489 0.772055
3 0.187404 0.412513 0.0272381 0.0339728 0.766687
5 0.268016 0.320775 0.0406947 0.0495223 0.609698
9 0.829033 0.923117 0.0202786 0.0370979 0.519278
3 0.238986 0.343137 0.0205113 0.025609 0.508231
3 0.689171 0.820087 0.0389744 0.0842639 0.494449
3 0.362305 0.183615 0.0135423 0.010647 0.479859
9 0.632222 0.607468 0.0205361 0.0286181 0.460229
4 0.54729 0.214707 0.0216747 0.0190563 0.408191
3 0.224373 0.345406 0.0299442 0.027897 0.394631
3 0.37302 0.163357 0.0165365 0.0159466 0.37384
3 0.238808 0.325739 0.0216906 0.0188487 0.361223
3 0.240657 0.322672 0.0248289 0.0197451 0.307565
9 0.172707 0.376006 0.012631 0.0127343 0.30204
3 0.32442 0.220046 0.0151885 0.0169028 0.301071
3 0.234417 0.344052 0.0283181 0.0268545 0.299976
0 0.461328 0.592914 0.00976981 0.0269066 0.299228
3 0.374649 0.162945 0.0183563 0.0130484 0.296094
3 0.170347 0.447341 0.0343513 0.0382292 0.294503
9 0.504045 0.293926 0.00521371 0.0150757 0.25447
