3 0.477571 0.692147 0.042757 0.0557233 0.861362
3 0.318491 0.487166 0.025342 0.0307914 0.845951
5 0.159113 0.483399 0.0518173 0.107254 0.807787
3 0.0997147 0.680358 0.0487262 0.0548889 0.806558
3 0.0205089 0.903922 0.0405951 0.0660198 0.795967
6 0.696756 0.773929 0.029322 0.046837 0.791583
5 0.167613 0.752693 0.0881573 0.0939853 0.765711
3 0.936112 0.415963 0.0193155 0.0262086 0.757109
4 0.150366 0.707906 0.0536889 0.0548226 0.752921
5 0.172189 0.294934 0.0248512 0.0445719 0.749488
7 0.014781 0.766391 0.0295325 0.0490333 0.748443
6 0.965868 0.8847 0.055331 0.075826 0.686704
5 0.105216 0.363885 0.0218555 0.0430096 0.68278
0 0.78985 0.853682 0.0113385 0.0347985 0.676026
4 0.131567 0.600563 0.0520986 0.0483756 0.666927
3 0.0951632 0.534154 0.0390825 0.0333987 0.663806
7 0.0165449 0.950051 0.0329347 0.0714905 0.656167
3 0.113963 0.56484 0.0469734 0.0366651 0.655464
3 0.0817799 0.429005 0.03461 0.0268491 0.652662
7 0.0159689 0.842524 0.0314265 0.0736111 0.652187
7 0.0119884 0.611404 0.0239769 0.0449602 0.639648
6 0.680019 0.762641 0.0293669 0.0439514 0.639329
0 0.033773 0.741909 0.00951817 0.0356987 0.61532
7 0.125186 0.637391 0.0287277 0.0447235 0.611536
5 0.222192 0.354183 0.0329762 0.0548745 0.609711
4 0.544654 0.622973 0.0453343 0.0571907 0.601538
6 0.66506 0.748969 0.0282036 0.0401324 0.599455
3 0.0617141 0.373578 0.0318775 0.0227002 0.585713
4 0.393814 0.577445 0.0301971 0.0453074 0.577968
6 0.683487 0.76639 0.0282516 0.0437763 0.56567
0 0.0434406 0.724523 0.0113007 0.0377211 0.556969
6 0.11095 0.709746 0.0381506 0.0478032 0.546697
3 0.412793 0.436415 0.0209798 0.0260295 0.540912
3 0.00399299 0.338099 0.00798598 0.0229525 0.539257
3 0.0227994 0.305492 0.0138531 0.0165971 0.538309
3 0.0237126 0.414971 0.017714 0.0356793 0.531084
3 0.0574529 0.351256 0.028774 0.0222131 0.529585
3 0.0166437 0.949633 0.0332874 0.0722167 0.527487
3 0.93512 0.388473 0.0158085 0.0234068 0.510523
0 0.053113 0.708479 0.00967169 0.0327525 0.505518
3 0.0787845 0.422415 0.0347411 0.0307128 0.503713
7 0.19119 0.817864 0.0587168 0.0691354 0.497229
4 0.292661 0.448108 0.0249719 0.0366535 0.472116
3 0.470988 0.55194 0.0357534 0.0478385 0.464303
3 0.954127 0.355172 0.0214621 0.0203705 0.460351
7 0.638996 0.713094 0.03343 0.0573147 0.451405
1 0.927173 0.781926 0.0147522 0.0325459 0.449107
0 0.0319946 0.742907 0.00995246 0.0362482 0.44335
7 0.0211106 0.64164 0.0209959 0.0350871 0.441733
7 0.0910791 0.629215 0.0324049 0.0427662 0.432227
3 0.0533745 0.335765 0.0296379 0.0231188 0.426759
4 0.125266 0.637476 0.0294186 0.0440396 0.4256
3 0.0994397 0.508678 0.0369932 0.0310469 0.419047
7 0.00989798 0.585832 0.019796 0.0368864 0.417091
7 0.103356 0.959445 0.0552866 0.073168 0.413288
6 0.727045 0.682364 0.0328719 0.0481475 0.405695
3 0.0204406 0.373913 0.0165807 0.0269536 0.404773
4 0.0933903 0.483073 0.0423913 0.0361831 0.39471
6 0.652699 0.729588 0.0305227 0.0532193 0.392844
6 0.803606 0.714525 0.0320861 0.0388117 0.389689
9 0.00815139 0.691438 0.0162726 0.028842 0.381211
4 0.124977 0.416766 0.018713 0.0346164 0.380532
9 0.0156686 0.68279 0.0266911 0.0287632 0.37976
3 0.102552 0.538275 0.0432381 0.032104 0.379707
3 0.0952371 0.483369 0.0444234 0.0362885 0.374405
3 0.118362 0.590039 0.0496197 0.0418978 0.370809
4 0.470961 0.552354 0.0356455 0.0476557 0.368458
3 0.112755 0.557779 0.045444 0.0391999 0.352424
3 0.0158505 0.841721 0.0317009 0.0728404 0.350444
3 0.0757162 0.229334 0.0111191 0.0147681 0.348596
6 0.091259 0.628841 0.0330273 0.0425093 0.346876
6 0.993348 0.424476 0.0120129 0.0277914 0.346776
7 0.149253 0.709205 0.0515933 0.054537 0.343794
4 0.111778 0.542466 0.0447424 0.0391179 0.343435
6 0.611315 0.69597 0.032478 0.0434203 0.336118
3 0.168993 0.347339 0.0154503 0.021388 0.330364
7 0.899543 0.481461 0.0151283 0.0315501 0.327326
7 0.425753 0.426605 0.0203849 0.0250493 0.315021
3 0.0661998 0.211385 0.00799674 0.00989048 0.313567
6 0.905735 0.346962 0.0121742 0.0171306 0.301793
7 0.72713 0.681539 0.0328756 0.0495218 0.298963
9 0.488333 0.531939 0.0154402 0.0209894 0.277613
6 0.928066 0.375332 0.00656147 0.0167113 0.276799
7 0.88937 0.392149 0.023629 0.0280422 0.270827
9 0.277899 0.66968 0.0101331 0.030134 0.258282
6 0.0210835 0.641939 0.0199147 0.0345172 0.255862
3 0.103791 0.516805 0.0459532 0.0267863 0.254765
3 0.986521 0.23044 0.0133528 0.0167226 0.254581
