0 0.161473 0.399203 0.0208518 0.0287183 0.74705
0 0.414566 0.574459 0.0139546 0.0292845 0.72602
0 0.246456 0.645133 0.0139341 0.0224351 0.710532
0 0.137025 0.336847 0.0252742 0.0422595 0.673615
0 0.170501 0.107433 0.0196407 0.033616 0.671508
0 0.197274 0.625082 0.0183855 0.026234 0.592323
0 0.284647 0.832034 0.0173017 0.0225426 0.537611
0 0.882126 0.058636 0.016816 0.0259975 0.526435
0 0.0470757 0.456937 0.0243346 0.0220653 0.461988
0 0.33787 0.833375 0.0115361 0.0239376 0.459459
0 0.926467 0.125665 0.0227421 0.0242969 0.422427
0 0.18732 0.188204 0.0245363 0.0401327 0.414285
0 0.545885 0.368025 0.0133331 0.0338405 0.315676
0 0.536318 0.357853 0.0126595 0.0275072 0.300411
