0 0.483006 0.235613 0.00807417 0.0249156 0.640185
0 0.496046 0.398753 0.00948927 0.0195886 0.637929
0 0.609851 0.441222 0.00954132 0.0239442 0.631827
0 0.358294 0.26718 0.0082489 0.0186576 0.630009
0 0.342178 0.269612 0.00770353 0.0186198 0.620786
0 0.23259 0.671099 0.0109949 0.0166044 0.606638
0 0.728848 0.447833 0.0126852 0.0244611 0.605803
0 0.490941 0.850469 0.00927734 0.0229184 0.600455
0 0.48429 0.510985 0.00892657 0.0205336 0.594995
0 0.328125 0.288029 0.00683657 0.0223156 0.587326
0 0.341417 0.414483 0.0100906 0.0214341 0.569756
0 0.254315 0.778264 0.00767068 0.0194409 0.565139
0 0.283675 0.642986 0.0108189 0.0181416 0.555964
0 0.651419 0.413996 0.00971793 0.0242946 0.539984
0 0.595026 0.312905 0.00853167 0.0203601 0.528961
0 0.560193 0.702421 0.00778695 0.026374 0.524
0 0.566654 0.312653 0.00943525 0.0206753 0.514046
0 0.380071 0.453061 0.00824781 0.0181186 0.509741
0 0.153365 0.283241 0.0100085 0.0208337 0.507671
0 0.474307 0.36328 0.0120336 0.01976 0.494695
0 0.608216 0.317323 0.00917777 0.0247694 0.489488
0 0.307549 0.34145 0.00798222 0.0207364 0.478631
0 0.552386 0.745242 0.010306 0.0271466 0.469287
0 0.3486 0.301383 0.00974723 0.0196239 0.450639
0 0.297427 0.704194 0.00841546 0.0222901 0.444305
0 0.71833 0.41407 0.0105668 0.0172537 0.441826
0 0.501871 0.367677 0.0125689 0.0215158 0.433319
0 0.493533 0.137755 0.00811279 0.0175968 0.427264
0 0.623999 0.448731 0.0106199 0.0179242 0.420786
0 0.548517 0.699462 0.00958134 0.0245083 0.415616
0 0.676 0.34825 0.0105406 0.0212843 0.400329
0 0.486774 0.353574 0.00997838 0.0208392 0.398375
0 0.561535 0.34597 0.010572 0.0209331 0.384351
0 0.243056 0.779323 0.0074236 0.0194338 0.369772
0 0.380776 0.456051 0.00805485 0.0207432 0.359963
0 0.507462 0.396693 0.00762242 0.0172271 0.356598
0 0.477771 0.339193 0.007948 0.0245661 0.3521
0 0.561169 0.92936 0.00664507 0.0213577 0.319482
0 0.350787 0.301967 0.011474 0.0202339 0.291774
0 0.674067 0.349048 0.0106395 0.0214592 0.281565
0 0.363781 0.341887 0.00892142 0.0208909 0.281174
0 0.253434 0.348247 0.0109886 0.0280126 0.27432
0 0.210773 0.761975 0.0111481 0.0205788 0.272891
0 0.476245 0.354815 0.0104954 0.0252494 0.269503
0 0.485823 0.554318 0.0104647 0.017554 0.252508
0 0.625707 0.449463 0.0110987 0.0164973 0.252205
