0 0.634469 0.286993 0.00892373 0.0296435 0.774601
0 0.371891 0.133752 0.00844408 0.0298272 0.73921
0 0.677938 0.171887 0.010612 0.0365354 0.717701
0 0.542333 0.323134 0.0088664 0.0270832 0.717124
0 0.489068 0.0768124 0.00841234 0.0286954 0.695073
0 0.639482 0.256861 0.00891227 0.0262889 0.647988
0 0.662408 0.510229 0.00951852 0.026445 0.646342
0 0.858814 0.753725 0.0128162 0.0219899 0.645173
0 0.427047 0.0352065 0.00879996 0.0272681 0.613713
0 0.945428 0.661301 0.0184259 0.0280386 0.6001
0 0.569584 0.334375 0.00731698 0.023373 0.578217
0 0.881751 0.8011 0.021554 0.0272332 0.56417
0 0.863687 0.63469 0.0137543 0.0201615 0.553062
0 0.852461 0.741407 0.0139027 0.0218274 0.434271
0 0.769397 0.0415745 0.0096882 0.0318056 0.396078
0 0.903513 0.649649 0.0230118 0.0217978 0.390351
0 0.59352 0.635027 0.0114554 0.0189723 0.380582
0 0.879597 0.80436 0.0187679 0.0261106 0.368577
0 0.970263 0.656607 0.0200407 0.0265946 0.36538
0 0.982265 0.722736 0.0156387 0.0204954 0.303582
0 0.421858 0.74891 0.0080818 0.02104 0.301068
0 0.872444 0.599231 0.012117 0.0224684 0.288918
0 0.980651 0.714084 0.01882 0.0197025 0.282789
0 0.975188 0.712389 0.0129375 0.0187008 0.277749
0 0.84734 0.30319 0.0171363 0.0226773 0.275484
0 0.378127 0.457346 0.00989293 0.0227713 0.270469
0 0.377797 0.5606 0.00890464 0.0232583 0.268874
0 0.473062 0.0751308 0.00868129 0.0289169 0.268545
0 0.847992 0.804866 0.00914961 0.0170529 0.267361
0 0.985897 0.453451 0.0153658 0.03727 0.257719
