0 0.396769 0.731635 0.00914259 0.0380807 0.688477
0 0.389078 0.68948 0.00994777 0.0407434 0.681055
0 0.383909 0.395262 0.00810987 0.0302455 0.670401
0 0.241912 0.467182 0.0096613 0.0375775 0.660715
0 0.292803 0.24506 0.00814438 0.0290628 0.619386
0 0.428978 0.594312 0.0097723 0.0361521 0.607436
0 0.293223 0.353321 0.00976373 0.0314644 0.604852
0 0.387797 0.69189 0.010048 0.0420242 0.602988
0 0.376859 0.68867 0.010035 0.0391946 0.570487
0 0.393585 0.406775 0.00880288 0.0332034 0.546787
0 0.289359 0.35259 0.00974136 0.0310839 0.532333
0 0.230888 0.463242 0.0102615 0.0324305 0.523854
0 0.492187 0.400396 0.0086836 0.0271984 0.508124
0 0.387486 0.730429 0.00913744 0.0435295 0.490578
0 0.276193 0.330076 0.0101471 0.0284587 0.433208
0 0.139258 0.309193 0.00914569 0.0274261 0.416398
1 0.51546 0.951473 0.0127323 0.0375275 0.392852
0 0.373436 0.241204 0.00953234 0.028554 0.381992
0 0.437864 0.59149 0.0118006 0.0356934 0.380019
0 0.432173 0.593556 0.0112649 0.0369645 0.360884
0 0.435809 0.593582 0.0100983 0.0369862 0.358276
0 0.128853 0.308324 0.00816409 0.0253162 0.343958
0 0.27403 0.32958 0.0105623 0.02873 0.337402
0 0.51781 0.444085 0.00853786 0.0366583 0.264279
9 0.440902 0.367805 0.0108424 0.0277681 0.255826
