8 0.396271 0.514449 0.024564 0.0501442 0.879886
3 0.342734 0.962988 0.0243825 0.0668124 0.840751
3 0.373787 0.699569 0.0175305 0.033136 0.839367
3 0.396093 0.705056 0.0169313 0.0358612 0.835985
8 0.37608 0.566335 0.0284644 0.0556691 0.816019
3 0.555124 0.549865 0.00948735 0.021069 0.80158
3 0.14582 0.666641 0.0317302 0.0198793 0.798701
3 0.207458 0.535992 0.0149175 0.0183879 0.776956
3 0.136339 0.897104 0.0458203 0.0289904 0.775371
3 0.113784 0.81398 0.0239006 0.0414946 0.754334
3 0.55822 0.503479 0.00840149 0.0174012 0.744225
5 0.048273 0.663725 0.0649306 0.0358201 0.720483
3 0.545804 0.505197 0.00950069 0.0186432 0.714847
3 0.524215 0.581526 0.0109411 0.0228943 0.713505
3 0.566807 0.550973 0.00913047 0.021175 0.688939
3 0.642814 0.512462 0.0217919 0.0127268 0.682277
3 0.817092 0.471569 0.0244785 0.01195 0.680473
5 0.135989 0.632618 0.0674007 0.0345897 0.674242
4 0.247672 0.531114 0.0196952 0.0290512 0.650905
3 0.600908 0.458443 0.0175552 0.0118074 0.650512
5 0.0387997 0.708538 0.0774938 0.0424245 0.644112
3 0.6379 0.486213 0.0212162 0.0125232 0.620232
3 0.539974 0.429815 0.00770137 0.0135858 0.617239
3 0.580048 0.505186 0.00833025 0.0179561 0.611947
3 0.547059 0.387007 0.00682286 0.0112106 0.605448
3 0.600733 0.545013 0.0198918 0.0153193 0.604266
3 0.599523 0.475754 0.0182129 0.0132997 0.599791
3 0.578558 0.551528 0.00882377 0.0226832 0.592806
3 0.600546 0.542408 0.0199406 0.0146518 0.586194
3 0.194701 0.535825 0.0122691 0.0191155 0.586064
8 0.523202 0.49628 0.019368 0.0489515 0.585901
3 0.599123 0.495263 0.019846 0.0160796 0.570944
3 0.599482 0.473464 0.0182841 0.0124253 0.561905
3 0.64226 0.520638 0.0229441 0.0136555 0.555392
4 0.139029 0.807721 0.0317013 0.0590004 0.543353
3 0.599854 0.564337 0.0239645 0.0145391 0.541209
5 0.523273 0.496585 0.0192074 0.0497235 0.529146
5 0.508275 0.673349 0.0161457 0.0450174 0.525693
3 0.223906 0.536106 0.01394 0.0179456 0.525332
3 0.928087 0.554351 0.0311716 0.0164741 0.524498
3 0.558238 0.326222 0.00534097 0.00839922 0.523176
4 0.121176 0.525397 0.0198248 0.0262449 0.519545
3 0.822536 0.484757 0.0204769 0.0140217 0.514003
3 0.173218 0.525794 0.0166856 0.021689 0.513856
3 0.542726 0.609091 0.0104705 0.0252505 0.499016
3 0.570161 0.397846 0.00858403 0.0132741 0.498548
3 0.354675 0.451526 0.0175238 0.0138828 0.495803
3 0.391692 0.434391 0.0196341 0.01457 0.495041
3 0.867473 0.525901 0.024683 0.0133001 0.489694
3 0.929679 0.557677 0.0310097 0.0138089 0.489689
3 0.604122 0.330056 0.00794355 0.0103679 0.482512
3 0.84099 0.478873 0.0212007 0.0115995 0.482037
3 0.600119 0.559027 0.0242767 0.0137527 0.468506
3 0.639412 0.492508 0.0226824 0.0129454 0.464973
3 0.838401 0.51494 0.0263767 0.0131644 0.459206
3 0.642445 0.517875 0.0225558 0.0144149 0.45186
3 0.569881 0.504742 0.00800733 0.017336 0.451704
3 0.86473 0.522824 0.0228989 0.0122214 0.449693
3 0.828883 0.496917 0.0229298 0.0132687 0.436875
3 0.835152 0.511285 0.0262616 0.0133597 0.434637
5 0.0554942 0.631243 0.0712067 0.0369859 0.431267
5 0.133751 0.607439 0.0717411 0.0299588 0.420364
5 0.136062 0.624484 0.0723046 0.0464653 0.411366
3 0.583987 0.273421 0.00579088 0.00938256 0.397966
5 0.0509948 0.638106 0.0688735 0.033818 0.397517
5 0.0596854 0.608349 0.0666105 0.0360606 0.396579
3 0.366873 0.431907 0.0171978 0.013896 0.395417
4 0.103006 0.525528 0.0213101 0.0289789 0.394768
3 0.636143 0.482035 0.016295 0.0140869 0.391453
3 0.820219 0.483226 0.0203968 0.0123946 0.390967
9 0.197532 0.896195 0.0125068 0.0166444 0.386695
3 0.60017 0.567928 0.0246477 0.0145647 0.385326
3 0.451484 0.358657 0.00967446 0.0100018 0.384591
3 0.31391 0.444354 0.0151471 0.0147811 0.375507
5 0.292096 0.557995 0.033772 0.0359173 0.369362
3 0.871893 0.535593 0.0261523 0.0143949 0.369206
3 0.163497 0.799021 0.0177286 0.0409288 0.36375
3 0.839301 0.51198 0.0281552 0.0127483 0.35543
3 0.847618 0.49643 0.0214443 0.0142572 0.350839
3 0.466577 0.381865 0.00868025 0.0150794 0.346855
3 0.850292 0.498682 0.0215485 0.0142021 0.342521
9 0.530909 0.715244 0.00434226 0.0138303 0.342418
4 0.323898 0.460703 0.0139296 0.0186643 0.340618
3 0.566811 0.415643 0.00892277 0.0125528 0.335235
8 0.563516 0.29809 0.0109211 0.027416 0.329695
3 0.597794 0.50055 0.0192457 0.0163828 0.327918
3 0.774356 0.532585 0.0225875 0.0154919 0.326553
4 0.333505 0.501285 0.0252415 0.0147204 0.322243
4 0.163216 0.800068 0.0164906 0.0409327 0.320998
3 0.862746 0.521199 0.024114 0.0128226 0.319927
3 0.77585 0.53491 0.0209362 0.014722 0.31715
3 0.931096 0.566591 0.0300637 0.0164207 0.314405
3 0.190372 0.526763 0.014048 0.0220844 0.311786
3 0.614547 0.346581 0.00916369 0.0103458 0.311393
3 0.332537 0.501328 0.0256783 0.0144888 0.306322
5 0.058223 0.622735 0.0687275 0.0275663 0.306115
5 0.128674 0.596155 0.0699724 0.0336169 0.302795
3 0.366467 0.434228 0.0174495 0.014908 0.295374
9 0.530836 0.71758 0.00451691 0.014887 0.290725
3 0.93644 0.574256 0.0321867 0.0179711 0.283066
3 0.926468 0.549513 0.0284535 0.0167 0.28292
3 0.838695 0.517033 0.0238167 0.0160635 0.281821
3 0.861962 0.513551 0.0250944 0.0135498 0.27959
3 0.448942 0.357487 0.0142948 0.0108808 0.276261
3 0.855424 0.50736 0.0221821 0.0116656 0.27475
3 0.842423 0.517999 0.0243461 0.0142757 0.273043
3 0.187535 0.525311 0.0124748 0.0198351 0.271163
3 0.580714 0.386604 0.00702188 0.0113208 0.268794
5 0.132092 0.580509 0.0708784 0.0305969 0.262583
3 0.831857 0.500523 0.0239075 0.0144175 0.262466
5 0.576942 0.254755 0.00863007 0.0151455 0.25986
5 0.56346 0.297726 0.0109434 0.0265889 0.258817
3 0.871381 0.531915 0.0242142 0.0141632 0.25152
3 0.624789 0.36458 0.0118423 0.00970738 0.250025
