3 0.893939 0.102322 0.0346872 0.0379687 0.870097
3 0.484046 0.319449 0.0213709 0.0595555 0.868154
3 0.960446 0.0272099 0.0375143 0.0440046 0.867661
3 0.406491 0.328739 0.019811 0.0554171 0.867462
3 0.877114 0.0849667 0.0314777 0.0360621 0.856241
3 0.371095 0.33661 0.0214984 0.0554806 0.854994
3 0.931561 0.121073 0.0388799 0.0426993 0.854543
3 0.451924 0.513645 0.049658 0.0312059 0.842904
3 0.449902 0.477998 0.046267 0.0319877 0.835641
3 0.985197 0.165558 0.0296064 0.0394 0.835274
3 0.310935 0.466587 0.0240881 0.0657582 0.833986
3 0.23149 0.129411 0.0212343 0.0480833 0.833183
3 0.294476 0.32365 0.0217097 0.0518375 0.832655
3 0.846078 0.0546098 0.0374187 0.0434043 0.831319
3 0.823969 0.036762 0.0337719 0.036602 0.827125
3 0.790127 0.016156 0.0355244 0.0323121 0.79956
3 0.990431 0.0578817 0.0190682 0.0408086 0.778127
3 0.453335 0.551697 0.0489113 0.033229 0.76202
3 0.282527 0.464918 0.0218297 0.0476664 0.699891
9 0.353027 0.596162 0.00924883 0.0231895 0.534682
3 0.92968 0.258634 0.0377344 0.0303883 0.468874
3 0.448957 0.589854 0.0385905 0.0252155 0.445371
4 0.448672 0.589759 0.0379119 0.0244466 0.367543
0 0.298383 0.38632 0.00952892 0.0125522 0.341933
0 0.623075 0.870927 0.0101028 0.0132088 0.276768
3 0.978773 0.2532 0.0358219 0.032635 0.272954
4 0.930716 0.258511 0.0367173 0.0307416 0.265666
3 0.453113 0.00820887 0.0352424 0.0162527 0.252416
