3 0.910883 0.264626 0.0744061 0.137577 0.93216
3 0.276833 0.524029 0.0859647 0.103735 0.929023
3 0.887292 0.0763493 0.0696599 0.12866 0.927373
8 0.736314 0.386134 0.103288 0.203775 0.916961
3 0.560949 0.778697 0.0844822 0.163958 0.913189
0 0.842729 0.603961 0.0192566 0.0275914 0.794465
0 0.647158 0.163982 0.0130398 0.0433295 0.761883
0 0.0910424 0.868375 0.0277682 0.0238875 0.758571
0 0.474125 0.407006 0.0130287 0.0354055 0.755792
0 0.64411 0.834047 0.0135452 0.0295395 0.746221
0 0.721257 0.957164 0.0180259 0.0244809 0.745365
0 0.111844 0.780607 0.0225152 0.0288595 0.736296
4 0.964762 0.131505 0.0704483 0.142995 0.734383
0 0.0568135 0.828378 0.0225735 0.0227107 0.715449
0 0.15835 0.817986 0.0236666 0.0243067 0.70593
4 0.0255753 0.234174 0.0511506 0.108583 0.701829
0 0.0813845 0.710872 0.0271897 0.0242392 0.700368
0 0.960326 0.292231 0.022831 0.0337417 0.700012
4 0.820792 0.375804 0.0738004 0.131001 0.690934
0 0.0134372 0.614007 0.0268065 0.0298835 0.684127
0 0.0732065 0.0158343 0.0204599 0.0316687 0.680363
0 0.0861762 0.817052 0.0227249 0.0277039 0.676228
0 0.422793 0.491772 0.0119045 0.0246405 0.658502
0 0.27278 0.929864 0.0144741 0.0275815 0.65809
0 0.39031 0.77467 0.0131792 0.0249913 0.639899
0 0.386568 0.506024 0.0120852 0.0275801 0.629095
0 0.0531031 0.0382452 0.017518 0.0389574 0.616826
0 0.390752 0.958601 0.0122182 0.0227967 0.608137
0 0.935061 0.438359 0.0234739 0.0289695 0.580199
0 0.322107 0.962112 0.0128815 0.0252797 0.576997
0 0.545699 0.390389 0.0139859 0.0301475 0.549567
0 0.420228 0.865943 0.0136793 0.0226534 0.546343
0 0.0429607 0.538289 0.0230086 0.0326552 0.543636
0 0.0277821 0.804896 0.0240494 0.0243769 0.522521
0 0.398505 0.481387 0.0106134 0.0293516 0.513001
0 0.407528 0.48017 0.0152388 0.0315085 0.511143
0 0.294912 0.827016 0.018227 0.0277777 0.499838
0 0.416805 0.827601 0.0136952 0.0196639 0.494837
9 0.993339 0.695 0.013322 0.0580317 0.491574
0 0.167518 0.883085 0.015075 0.0296461 0.488931
0 0.110823 0.0338363 0.0187425 0.0360349 0.488722
0 0.993244 0.747274 0.0135113 0.0230779 0.471891
0 0.195254 0.981408 0.0192888 0.0282894 0.457839
0 0.376618 0.850488 0.0153949 0.0253243 0.451963
3 0.990275 0.0357006 0.0194491 0.068491 0.448499
0 0.446284 0.446802 0.0107874 0.0262629 0.443893
0 0.275804 0.824905 0.0118272 0.0241413 0.438891
0 0.409895 0.478538 0.0106193 0.0337334 0.436653
3 0.965306 0.126683 0.0693876 0.152304 0.426268
0 0.55411 0.432144 0.0139202 0.0297137 0.416883
2 0.870807 0.769445 0.0274136 0.0318889 0.394313
9 0.906808 0.673021 0.0334696 0.0460034 0.387415
2 0.72119 0.779036 0.0242463 0.0353481 0.375174
0 0.172161 0.865453 0.0185803 0.0338818 0.37401
0 0.290659 0.955555 0.0140193 0.0224577 0.373087
9 0.988297 0.890211 0.0217192 0.0245663 0.369738
9 0.936034 0.886112 0.0266441 0.0230651 0.369684
9 0.735107 0.640594 0.0352554 0.0521583 0.368289
0 0.423231 0.448736 0.0122464 0.0317829 0.368028
0 0.432954 0.448957 0.0140009 0.0308525 0.364314
0 0.284627 0.723639 0.0142911 0.0297126 0.362049
9 0.860175 0.529966 0.0207226 0.0345566 0.351643
0 0.130661 0.967144 0.0180876 0.02369 0.350927
0 0.59859 0.934723 0.0169838 0.0284686 0.35029
2 0.866836 0.718884 0.0368352 0.032598 0.33164
0 0.218446 0.838187 0.0132195 0.0194216 0.328639
2 0.970585 0.565933 0.0258057 0.0396904 0.320617
9 0.806099 0.920619 0.0322416 0.0380894 0.320587
9 0.931522 0.622373 0.0342182 0.0404866 0.319021
0 0.324863 0.960268 0.0171178 0.0221634 0.309893
9 0.883568 0.679378 0.0356383 0.0420734 0.305058
2 0.870887 0.759457 0.026544 0.0287246 0.300871
9 0.799527 0.947138 0.030304 0.0400113 0.298421
2 0.779948 0.531086 0.0309996 0.0407928 0.289952
0 0.995516 0.264314 0.00896833 0.0381579 0.288702
0 0.642248 0.988935 0.0248179 0.0221297 0.273579
0 0.589974 0.954697 0.0144527 0.019853 0.272334
2 0.883178 0.67928 0.0339592 0.0414195 0.267478
2 0.861738 0.717269 0.0347073 0.029371 0.261616
0 0.358901 0.458874 0.0131685 0.0268622 0.257609
