0 0.444818 0.139997 0.00668374 0.0311443 0.743987
0 0.308708 0.700543 0.0123505 0.0259987 0.718901
0 0.489629 0.292177 0.00651999 0.0240774 0.541057
0 0.380972 0.146528 0.00711801 0.0335414 0.536347
0 0.357242 0.778508 0.0111891 0.0212281 0.524098
0 0.420267 0.410292 0.00769562 0.0270972 0.501091
0 0.323642 0.794592 0.0123764 0.026993 0.50092
0 0.350966 0.758881 0.0117751 0.0283864 0.415883
0 0.373545 0.365375 0.00964386 0.0261056 0.408095
7 0.434937 0.0221142 0.0348578 0.0343437 0.405592
0 0.481633 0.0115945 0.0068086 0.0223147 0.317792
6 0.316386 0.393826 0.0267541 0.0925123 0.291031
0 0.351244 0.566964 0.0102881 0.0225676 0.274695
0 0.38998 0.520872 0.0106314 0.0216407 0.261754
