3 0.0104512 0.630064 0.0208547 0.0411799 0.877989
4 0.156165 0.961587 0.0489888 0.0756666 0.873448
3 0.79065 0.759066 0.0254194 0.0407019 0.85044
3 0.125564 0.844726 0.0274925 0.0501635 0.841798
4 0.161129 0.893043 0.0288605 0.0644285 0.837123
8 0.967716 0.472428 0.0490699 0.0782078 0.836645
3 0.356329 0.347751 0.0240616 0.0269792 0.833192
3 0.282329 0.655095 0.0244088 0.0438122 0.820278
4 0.0824768 0.740424 0.0309718 0.0565266 0.812747
3 0.106551 0.691395 0.0316098 0.0467773 0.807709
3 0.34577 0.600108 0.0226752 0.0414713 0.806738
3 0.0697629 0.682331 0.0243794 0.0454471 0.805399
3 0.332968 0.764684 0.0377657 0.0390977 0.803009
3 0.569733 0.498886 0.0247759 0.0305071 0.797268
3 0.0475793 0.65323 0.0263272 0.03559 0.795818
3 0.464465 0.499965 0.0196102 0.0378706 0.787943
3 0.140486 0.659577 0.0283546 0.0404735 0.765199
3 0.32907 0.574032 0.0225 0.0344616 0.756649
3 0.32231 0.289288 0.0219384 0.024284 0.75449
3 0.335409 0.7347 0.0365775 0.0337673 0.751965
3 0.24601 0.76416 0.0350176 0.0455342 0.750919
3 0.484741 0.569595 0.0283386 0.0391661 0.747735
3 0.29733 0.519787 0.0247086 0.0380322 0.741332
3 0.365985 0.546072 0.0212981 0.0334118 0.738395
3 0.419608 0.423431 0.0239423 0.036541 0.737018
3 0.485961 0.488045 0.0240883 0.0403577 0.735921
3 0.359506 0.591293 0.024412 0.0460128 0.730881
3 0.527186 0.454328 0.0251222 0.0317529 0.717178
3 0.344837 0.327131 0.0235178 0.0261984 0.716617
3 0.329043 0.304794 0.0232105 0.0261312 0.714611
3 0.555769 0.40211 0.0223645 0.0278386 0.709206
4 0.0126414 0.963804 0.0252827 0.0685673 0.696647
3 0.414246 0.349499 0.0185608 0.0267682 0.694185
3 0.439262 0.32804 0.0196156 0.0321961 0.689121
3 0.353774 0.552964 0.0203145 0.0327439 0.688585
3 0.341898 0.31776 0.0224294 0.0249633 0.686005
3 0.307814 0.87935 0.0222142 0.0604161 0.684719
3 0.335615 0.491097 0.0208222 0.0398513 0.680897
3 0.474176 0.452378 0.0198156 0.0280783 0.676962
3 0.471026 0.392391 0.0183286 0.0280346 0.676268
3 0.511164 0.546709 0.0263411 0.0385592 0.674063
3 0.463236 0.585539 0.0248424 0.0313471 0.671381
3 0.320452 0.622507 0.0223822 0.0427793 0.668017
3 0.360329 0.471945 0.01805 0.0332564 0.660346
3 0.307602 0.266361 0.0217485 0.0233583 0.656751
3 0.52137 0.45439 0.0245764 0.0314388 0.640985
3 0.323483 0.498251 0.0225784 0.0388112 0.63234
3 0.30539 0.592237 0.0220577 0.0357414 0.629797
3 0.266576 0.213512 0.0191369 0.0197758 0.628556
3 0.497744 0.560559 0.0260902 0.0451011 0.623497
3 0.00489883 0.84812 0.00976475 0.0530306 0.618612
5 0.147924 0.824213 0.0394782 0.0704478 0.616556
3 0.285349 0.20304 0.0191735 0.0192405 0.613602
3 0.432666 0.48698 0.0189174 0.0303881 0.611816
3 0.509108 0.428485 0.0195049 0.0264292 0.611096
3 0.347138 0.392513 0.0174277 0.030801 0.60733
3 0.535205 0.377796 0.0210746 0.0230504 0.600771
3 0.416265 0.505593 0.0221269 0.0313215 0.600513
3 0.304876 0.193387 0.0184145 0.0213737 0.599048
3 0.54123 0.384838 0.0234239 0.0261717 0.598737
3 0.519422 0.426 0.0224367 0.0272693 0.590841
3 0.514412 0.427091 0.0262087 0.0283591 0.589657
3 0.548714 0.394896 0.0191078 0.024806 0.583522
5 0.118637 0.765541 0.0345861 0.0568477 0.581976
3 0.15163 0.689939 0.0249383 0.0414349 0.579986
3 0.531387 0.454561 0.0178512 0.0317249 0.57934
3 0.396023 0.36341 0.0171858 0.0323773 0.568131
3 0.437411 0.48417 0.0202682 0.0294896 0.562321
3 0.587995 0.44192 0.0226414 0.0244296 0.560895
3 0.587912 0.48137 0.0235417 0.0320677 0.557558
3 0.342943 0.485027 0.0234401 0.0360679 0.557501
3 0.107543 0.644699 0.026605 0.0405818 0.557469
3 0.366043 0.376528 0.0217746 0.0343776 0.548577
3 0.423168 0.343156 0.0168539 0.028677 0.539611
3 0.452246 0.51139 0.0247189 0.0414633 0.538884
3 0.52968 0.533018 0.0253364 0.0333667 0.508908
3 0.407474 0.43894 0.0221063 0.0313237 0.503146
3 0.517915 0.458841 0.0220145 0.0318515 0.502384
3 0.384823 0.367775 0.0217595 0.0304089 0.495585
3 0.294765 0.339864 0.021064 0.0212113 0.49536
3 0.367954 0.437106 0.0175255 0.0319406 0.494096
3 0.308441 0.589191 0.0262946 0.0359875 0.492754
3 0.0101132 0.345343 0.0202178 0.0222115 0.478292
3 0.192561 0.915544 0.0255156 0.0570635 0.476971
3 0.324483 0.293045 0.0221727 0.0273552 0.470949
3 0.530941 0.363556 0.0228138 0.0217912 0.464956
3 0.347323 0.481593 0.0183842 0.0355967 0.460337
0 0.530117 0.959939 0.00690822 0.0204882 0.456557
3 0.456681 0.316478 0.0190093 0.0314731 0.455095
3 0.309385 0.359875 0.0201678 0.0246067 0.449932
3 0.522614 0.543377 0.0194052 0.037687 0.4473
3 0.578708 0.430775 0.0224241 0.025106 0.444609
3 0.318104 0.580992 0.0198113 0.0374209 0.439982
5 0.216013 0.702861 0.0421177 0.0507119 0.43945
4 0.19255 0.915489 0.0267878 0.0584219 0.436437
3 0.493342 0.47478 0.0222924 0.0321487 0.435304
3 0.430172 0.502733 0.0185604 0.0313745 0.431681
3 0.442721 0.394348 0.0211992 0.0332737 0.42154
3 0.442764 0.38608 0.0196272 0.0287421 0.421291
3 0.505985 0.465218 0.0200971 0.033776 0.420845
3 0.340443 0.707403 0.0300572 0.033219 0.412705
3 0.5013 0.476527 0.0196841 0.0345512 0.408892
3 0.425685 0.340705 0.0180218 0.0286363 0.395999
3 0.116031 0.624127 0.0242512 0.0362747 0.394847
3 0.337365 0.565358 0.0187803 0.0320088 0.387829
3 0.411167 0.348735 0.0205419 0.0288993 0.386214
0 0.579716 0.851015 0.00666255 0.0225012 0.384576
3 0.464328 0.316112 0.0190739 0.0295663 0.378744
3 0.403614 0.543525 0.0221235 0.0446529 0.376713
3 0.388843 0.418637 0.0180926 0.0253439 0.371434
3 0.59559 0.467773 0.0240445 0.0318752 0.368046
3 0.353844 0.201576 0.016283 0.0158192 0.360008
3 0.311131 0.363505 0.0202241 0.0238984 0.358204
4 0.326944 0.176179 0.0159031 0.024932 0.357998
3 0.341066 0.56083 0.0240771 0.0367998 0.338711
3 0.331823 0.406125 0.0221789 0.0250316 0.337406
3 0.429321 0.148572 0.0144809 0.0173382 0.330163
3 0.458689 0.37213 0.017275 0.0243047 0.327261
3 0.380934 0.665536 0.0252946 0.0414886 0.326824
3 0.440203 0.323083 0.0202128 0.0312368 0.315899
3 0.468313 0.391727 0.0171336 0.0318799 0.297073
3 0.413255 0.0781309 0.0116024 0.0139775 0.286872
3 0.34347 0.393567 0.0206394 0.0318882 0.279323
3 0.411564 0.345598 0.0169205 0.0302363 0.275518
3 0.450602 0.397785 0.022302 0.0356685 0.274572
3 0.313669 0.3664 0.0182121 0.0230438 0.273042
3 0.534965 0.584328 0.0269648 0.0402381 0.262807
0 0.184914 0.861492 0.0073822 0.0208001 0.259799
3 0.525618 0.539656 0.0200266 0.0385772 0.258763
0 0.187146 0.830506 0.00669362 0.0209507 0.257403
