0 0.392749 0.333652 0.00660671 0.0177371 0.352142
0 0.433697 0.153764 0.00751055 0.0209922 0.340702
9 0.198588 0.861751 0.0156486 0.0176015 0.336549
9 0.218135 0.897987 0.0207897 0.0195855 0.302951
9 0.231435 0.920085 0.0204993 0.0196872 0.295769
9 0.0119309 0.0266129 0.0224105 0.0408837 0.291565
0 0.392999 0.211716 0.00662702 0.0279483 0.290125
9 0.196686 0.835777 0.0141854 0.0165087 0.279284
0 0.198816 0.860482 0.0156056 0.0186107 0.275955
0 0.385079 0.211671 0.00766506 0.0268183 0.268213
9 0.12927 0.762481 0.0218791 0.0210902 0.254592
0 0.0699212 0.595077 0.0164108 0.0245828 0.254313
0 0.439914 0.158425 0.00778599 0.0226084 0.252778
0 0.387444 0.2101 0.00752415 0.027963 0.250265
