5 0.621677 0.581803 0.0456235 0.13003 0.89537
3 0.471379 0.911359 0.0334238 0.11841 0.888692
3 0.517176 0.588921 0.0255949 0.0724327 0.887812
3 0.465032 0.776939 0.0316702 0.105904 0.883496
3 0.550299 0.461303 0.0230466 0.0527357 0.860245
4 0.583849 0.590038 0.0336644 0.0824263 0.856281
3 0.469182 0.667514 0.0293187 0.0923029 0.854672
3 0.634095 0.714336 0.0378192 0.0953012 0.845863
3 0.556115 0.240068 0.0217503 0.0330662 0.844094
3 0.47136 0.497556 0.0213329 0.0529645 0.833606
5 0.596677 0.427817 0.0404665 0.13187 0.825809
3 0.514248 0.276398 0.0182522 0.0380954 0.821208
3 0.489156 0.33569 0.0191456 0.0435718 0.815148
3 0.471244 0.384481 0.0222532 0.050152 0.801184
0 0.410026 0.693983 0.00900125 0.041817 0.751844
0 0.384835 0.657191 0.00794525 0.0370536 0.726651
0 0.442721 0.559817 0.0074091 0.0307871 0.713637
3 0.469895 0.436295 0.0207435 0.0491874 0.70398
3 0.645071 0.819405 0.0363308 0.10326 0.703581
3 0.544986 0.323209 0.0186306 0.0386633 0.679445
0 0.421603 0.481106 0.00757464 0.0343058 0.66643
3 0.516202 0.227741 0.0157822 0.0338489 0.663572
0 0.432639 0.48785 0.00654837 0.0334102 0.627254
3 0.552739 0.131589 0.0131334 0.0314233 0.585382
0 0.622178 0.404024 0.00709608 0.0271166 0.581983
0 0.438535 0.429609 0.00664054 0.0327373 0.577862
3 0.54752 0.0687202 0.0145233 0.0234372 0.533791
8 0.496966 0.119267 0.0155889 0.0635765 0.519871
0 0.632644 0.433064 0.00756531 0.0363502 0.502882
0 0.431205 0.094842 0.00461025 0.0210689 0.48887
8 0.497511 0.12886 0.0147329 0.0478392 0.467669
0 0.633068 0.426792 0.00797346 0.035147 0.435419
0 0.440464 0.486749 0.00681353 0.0359204 0.420062
0 0.581718 0.160295 0.00536843 0.0205497 0.419662
0 0.591185 0.204356 0.00613194 0.0239777 0.406295
3 0.549663 0.0760776 0.0155469 0.0260022 0.404708
0 0.439682 0.432371 0.00817657 0.0293633 0.393203
3 0.52713 0.0120949 0.0127045 0.0241899 0.390591
0 0.420536 0.162817 0.00591928 0.0210967 0.375475
3 0.545214 0.0384046 0.0131968 0.0262188 0.352923
0 0.409839 0.196842 0.00717839 0.0245382 0.346579
0 0.433037 0.435407 0.00693904 0.027622 0.344728
0 0.443072 0.191874 0.00658072 0.0214888 0.342333
2 0.370522 0.956103 0.0107995 0.050929 0.340362
0 0.605903 0.205067 0.00688572 0.0261902 0.333844
0 0.593646 0.150563 0.00512809 0.0196843 0.331704
0 0.369965 0.949994 0.0124644 0.0449158 0.324187
0 0.546981 0.182077 0.00650216 0.0214791 0.31211
8 0.496227 0.0906898 0.0157452 0.0528171 0.302143
0 0.421853 0.185895 0.00648834 0.021232 0.299496
0 0.438899 0.81999 0.00987261 0.0365569 0.298985
0 0.609521 0.153747 0.00654545 0.0212179 0.285061
0 0.481875 0.201843 0.00472953 0.0247323 0.277352
0 0.436433 0.168811 0.00605342 0.0216062 0.273451
0 0.452446 0.351498 0.00762809 0.0230538 0.259998
0 0.43846 0.51329 0.00831521 0.0245074 0.255041
