3 0.440715 0.0878002 0.041127 0.0368253 0.824193
3 0.383832 0.131062 0.0464636 0.0412419 0.787366
3 0.885186 0.383598 0.0613052 0.0436322 0.705413
3 0.722162 0.0604537 0.0279119 0.0374937 0.701333
3 0.304353 0.0855326 0.03101 0.0290972 0.624791
3 0.264958 0.0816462 0.0393245 0.0299141 0.51416
5 0.0196668 0.281 0.039021 0.0404085 0.485915
8 0.179225 0.135473 0.0428112 0.0331819 0.329075
3 0.140302 0.151661 0.0349135 0.0294881 0.257781
8 0.0986692 0.205588 0.0541241 0.0540373 0.257503
0 0.226901 0.226083 0.0101214 0.0252354 0.256288
