3 0.426363 0.578781 0.0349768 0.0903513 0.897844
5 0.432003 0.336389 0.036238 0.0809497 0.883492
3 0.356866 0.826694 0.0460728 0.114135 0.879719
3 0.350661 0.604855 0.0439882 0.108733 0.869419
3 0.318289 0.830529 0.0440859 0.109809 0.869293
4 0.406517 0.416085 0.0347426 0.0903797 0.869204
3 0.379086 0.504955 0.0383533 0.0929402 0.869019
3 0.498513 0.319616 0.0308994 0.0710274 0.86688
3 0.448801 0.490419 0.0324346 0.0834901 0.844672
3 0.266427 0.871233 0.0458736 0.117624 0.834204
3 0.552908 0.108305 0.025637 0.0554789 0.828128
4 0.455167 0.256185 0.0299914 0.0778421 0.822955
3 0.569358 0.0568456 0.0244104 0.0528541 0.820344
3 0.393652 0.693317 0.0417702 0.106223 0.818697
3 0.538428 0.167352 0.0261555 0.059798 0.786
4 0.314969 0.959738 0.0462695 0.0768623 0.782493
3 0.0493639 0.0175458 0.0243669 0.0350917 0.743812
3 0.49138 0.151103 0.0258659 0.0501158 0.72216
4 0.523077 0.226399 0.029546 0.0758302 0.715722
3 0.582602 0.0184724 0.0226612 0.0369447 0.653052
0 0.519979 0.616005 0.00583056 0.022422 0.517883
0 0.528327 0.608238 0.00644283 0.0214163 0.429595
