5 0.284268 0.157476 0.0568003 0.0749425 0.898639
5 0.508129 0.251641 0.0277588 0.121209 0.865528
4 0.221661 0.369031 0.0415886 0.0656947 0.840379
3 0.816262 0.268735 0.0432442 0.0320745 0.838618
3 0.86683 0.269794 0.0456745 0.0328083 0.83001
4 0.556979 0.370374 0.045459 0.0573921 0.817151
3 0.658556 0.486062 0.0511085 0.0440767 0.812637
5 0.569015 0.335458 0.0649641 0.0786671 0.800164
5 0.333314 0.104872 0.0288872 0.0602123 0.769512
4 0.517199 0.54482 0.0505861 0.065788 0.759981
3 0.769446 0.266826 0.0397204 0.0310949 0.749788
5 0.362776 0.0994287 0.0388726 0.0788867 0.727794
4 0.13488 0.297019 0.042001 0.0560828 0.726444
5 0.457844 0.0768259 0.0263746 0.0579314 0.713628
5 0.5627 0.164937 0.0823221 0.0717266 0.70971
5 0.197028 0.333409 0.0716046 0.143334 0.69093
3 0.450818 0.127567 0.0177433 0.0370053 0.685147
3 0.479484 0.219829 0.0193211 0.0512839 0.679004
5 0.168143 0.33222 0.084621 0.141543 0.670508
5 0.570151 0.290877 0.0691755 0.0689611 0.660768
3 0.920443 0.261769 0.0446475 0.0314899 0.652929
4 0.482856 0.0384353 0.0285332 0.0404653 0.648342
3 0.44201 0.157767 0.0162547 0.0373292 0.634562
3 0.723803 0.266165 0.0400254 0.0335594 0.616793
4 0.488124 0.073625 0.0223391 0.0387709 0.590179
5 0.558864 0.223152 0.0787333 0.0808833 0.574094
5 0.294519 0.260315 0.0435509 0.0816429 0.553191
8 0.440608 0.274094 0.0239508 0.075522 0.530193
3 0.670371 0.580481 0.0501841 0.0551202 0.517034
4 0.197597 0.240177 0.0404941 0.0419602 0.514468
3 0.445715 0.339405 0.0175056 0.0466514 0.499869
5 0.563031 0.187721 0.0809421 0.0685584 0.488089
0 0.493198 0.583891 0.0080324 0.02795 0.462138
5 0.555326 0.278168 0.0639568 0.0684481 0.437369
5 0.540932 0.275606 0.0349918 0.0619138 0.422542
5 0.440605 0.273229 0.0237035 0.0743204 0.416766
0 0.179286 0.526532 0.00821368 0.0262578 0.349945
5 0.569607 0.0915596 0.0729454 0.0736839 0.320244
5 0.5725 0.131296 0.0636808 0.0608587 0.308516
8 0.596082 0.0315556 0.062404 0.0631112 0.303445
3 0.515294 0.0076374 0.0204399 0.0152748 0.294731
0 0.492959 0.58912 0.00799674 0.0278698 0.282987
5 0.557759 0.159583 0.0712158 0.0522915 0.261815
