4 0.806979 0.645869 0.0996758 0.0830843 0.900896
3 0.307744 0.671117 0.0740209 0.0702018 0.833827
3 0.682892 0.65468 0.0921896 0.0850731 0.794464
4 0.883717 0.497764 0.0622999 0.0841768 0.786732
3 0.823274 0.421592 0.0534514 0.0678811 0.781443
3 0.190888 0.668544 0.0930024 0.081503 0.774564
3 0.919707 0.564314 0.0561375 0.0978107 0.749316
5 0.43444 0.648275 0.0997323 0.108969 0.714508
3 0.975053 0.460984 0.0492657 0.0878914 0.697406
4 0.561149 0.659456 0.0960844 0.0701774 0.64249
3 0.854942 0.343619 0.0504898 0.0497125 0.637367
3 0.0161382 0.602326 0.0321929 0.0998916 0.630152
3 0.110253 0.671117 0.0812764 0.0840319 0.598965
8 0.0472889 0.472829 0.0945777 0.224261 0.570974
4 0.104639 0.397222 0.0387547 0.0664915 0.542033
3 0.949921 0.318104 0.0461074 0.0482969 0.513994
3 0.790362 0.383478 0.0455654 0.0571201 0.488201
4 0.919357 0.563759 0.0570862 0.0989319 0.487586
4 0.906674 0.349507 0.0596307 0.0604142 0.46054
8 0.43415 0.648594 0.0988064 0.105978 0.45346
3 0.906188 0.350184 0.0587536 0.0585024 0.432547
3 0.984632 0.288269 0.0307365 0.0485219 0.404352
4 0.975036 0.460747 0.0491745 0.0887927 0.398713
8 0.0168505 0.557807 0.0337009 0.193945 0.267443
