6 0.517237 0.841335 0.0450884 0.143542 0.875229
6 0.509843 0.528862 0.0260481 0.0948224 0.851329
6 0.533474 0.665023 0.0309037 0.118668 0.76969
6 0.447634 0.521696 0.0634857 0.067136 0.730812
9 0.467892 0.581363 0.0355013 0.0495749 0.622503
0 0.722204 0.336185 0.0136609 0.0467794 0.567773
0 0.740921 0.68931 0.0162799 0.0633776 0.536819
1 0.543607 0.295206 0.0124949 0.0347511 0.533067
0 0.514342 0.23681 0.00888498 0.0360607 0.524606
0 0.694125 0.277239 0.00943732 0.0369456 0.479665
6 0.796152 0.656773 0.0318406 0.104423 0.447351
0 0.506774 0.235941 0.00909784 0.035757 0.447215
9 0.656767 0.461825 0.0111761 0.052289 0.430278
9 0.54333 0.301086 0.0140093 0.0415436 0.42276
9 0.763422 0.139033 0.0197339 0.0252625 0.403287
0 0.729624 0.249811 0.010444 0.0406375 0.394607
9 0.679225 0.324188 0.013064 0.0454705 0.394181
0 0.679003 0.276898 0.00844566 0.0348123 0.390403
0 0.616023 0.264761 0.00902154 0.0402058 0.388378
9 0.693277 0.426895 0.0174295 0.0433962 0.37131
1 0.685322 0.101026 0.00837443 0.0268386 0.355734
0 0.73127 0.338833 0.00963413 0.0475716 0.355363
6 0.459391 0.469969 0.0571011 0.0633989 0.353776
6 0.449825 0.231782 0.0246575 0.0352404 0.352129
7 0.724025 0.203802 0.0335446 0.0436824 0.348915
0 0.496973 0.235967 0.00879744 0.0326141 0.348062
0 0.727731 0.359531 0.0113531 0.0502254 0.339705
9 0.581144 0.371448 0.0150187 0.0344622 0.335405
6 0.393163 0.573223 0.0491236 0.084252 0.330415
0 0.60794 0.257683 0.0100969 0.032918 0.329909
9 0.768051 0.507268 0.0202535 0.0636247 0.326332
9 0.685146 0.1142 0.00968885 0.0263628 0.32332
6 0.547702 0.131989 0.0220634 0.0258842 0.322466
1 0.694847 0.418562 0.0134447 0.04558 0.305281
0 0.504208 0.233829 0.00771008 0.0362278 0.302577
9 0.449773 0.232637 0.024874 0.0332661 0.293464
9 0.782394 0.151708 0.0179394 0.024642 0.292303
0 0.653792 0.273121 0.00868464 0.0418029 0.277814
9 0.783436 0.15771 0.0164783 0.0258195 0.273426
0 0.73601 0.251853 0.0101543 0.0393889 0.272296
0 0.651455 0.39839 0.0116554 0.0490629 0.266747
6 0.565181 0.285467 0.0145384 0.0386653 0.263605
9 0.783548 0.795017 0.0461904 0.0500367 0.26188
0 0.742234 0.25496 0.00980716 0.0338623 0.258428
7 0.686891 0.0641719 0.0113234 0.0321474 0.256692
0 0.719223 0.246466 0.00948402 0.042004 0.255985
9 0.703267 0.341011 0.0161519 0.0362336 0.255674
0 0.726554 0.370981 0.0102543 0.0405936 0.254557
