3 0.688643 0.633156 0.0900074 0.0812737 0.911519
7 0.334071 0.10585 0.0287862 0.0316745 0.795654
9 0.307185 0.924489 0.0232107 0.0798059 0.754616
0 0.447389 0.887672 0.0157886 0.0655182 0.715407
7 0.422194 0.100215 0.0204235 0.0444728 0.67117
7 0.250819 0.110178 0.033885 0.0395778 0.668482
7 0.498691 0.13468 0.0166735 0.0360516 0.597811
1 0.492452 0.545479 0.0114359 0.0464336 0.575654
7 0.314393 0.155563 0.0236563 0.0386805 0.575607
9 0.55478 0.377396 0.0207335 0.0293253 0.565782
9 0.470197 0.894796 0.0175888 0.0735566 0.557675
7 0.51544 0.142143 0.0115798 0.0342728 0.546933
0 0.51154 0.340949 0.0085949 0.040577 0.518566
0 0.470202 0.898793 0.016741 0.062025 0.516249
7 0.332395 0.17316 0.0250669 0.0404522 0.513693
0 0.575886 0.508689 0.011457 0.0493481 0.495115
9 0.497556 0.46214 0.0110128 0.0401679 0.458121
7 0.532663 0.139519 0.01332 0.0330732 0.448216
1 0.507178 0.548242 0.0125463 0.0444177 0.440339
9 0.237217 0.54117 0.0262877 0.0438925 0.429692
7 0.553315 0.102289 0.0202512 0.0386255 0.428925
6 0.52968 0.344421 0.0188936 0.0415412 0.428917
0 0.545018 0.28575 0.00937928 0.0412123 0.426617
4 0.433533 0.266558 0.0706571 0.0613187 0.411065
3 0.306371 0.283747 0.0368958 0.0660032 0.392044
1 0.585435 0.745366 0.016552 0.0412021 0.386951
6 0.630065 0.851864 0.0637083 0.0720836 0.38488
0 0.47404 0.631708 0.012987 0.0574136 0.376256
9 0.497129 0.273938 0.010537 0.0352539 0.368506
0 0.535401 0.255542 0.00893002 0.0372922 0.365498
6 0.378536 0.221678 0.0309342 0.0363519 0.363209
7 0.556413 0.100617 0.0125641 0.0400494 0.357475
7 0.564996 0.220931 0.0300456 0.0419202 0.357256
7 0.558284 0.0495094 0.0258781 0.0285387 0.354995
0 0.524366 0.281581 0.00869531 0.0365932 0.337877
6 0.381499 0.257496 0.0244543 0.0409183 0.33608
9 0.508082 0.556794 0.0127373 0.0525975 0.331922
9 0.472718 0.88639 0.0165297 0.0851436 0.330743
9 0.461163 0.171579 0.0165976 0.0256507 0.3277
0 0.485895 0.257039 0.0086956 0.0356428 0.322329
7 0.359121 0.13965 0.0173799 0.0342346 0.322006
7 0.359928 0.146232 0.0213295 0.0447279 0.320825
0 0.480738 0.329628 0.0096425 0.0362062 0.316235
0 0.496185 0.0496215 0.00589152 0.0209422 0.310184
0 0.517457 0.1788 0.00878362 0.0321709 0.300422
9 0.47647 0.379703 0.013649 0.0369135 0.299377
6 0.62265 0.787114 0.0558328 0.0614264 0.29502
9 0.506 0.0764496 0.00911778 0.0280085 0.293057
0 0.497352 0.318168 0.00964833 0.035943 0.289447
2 0.493436 0.562656 0.0103455 0.0428948 0.289212
7 0.622668 0.787503 0.0556852 0.0609558 0.272685
0 0.495271 0.42192 0.00983867 0.0411144 0.271552
9 0.47345 0.436774 0.0132 0.0327444 0.268743
0 0.524062 0.286706 0.0106251 0.0388128 0.265416
7 0.550145 0.105042 0.0245257 0.0385305 0.258679
7 0.3516 0.0924154 0.019408 0.0244147 0.256875
0 0.485228 0.250126 0.00827007 0.0332168 0.253913
