0 0.528489 0.20276 0.00602591 0.0209733 0.677983
0 0.555946 0.840948 0.00854244 0.0215168 0.656388
0 0.520499 0.817226 0.00713571 0.0176679 0.643197
0 0.543031 0.236356 0.00644876 0.0244126 0.63487
0 0.4231 0.271381 0.00870196 0.0226365 0.586897
0 0.537858 0.335356 0.00661582 0.0227534 0.57578
0 0.534909 0.330623 0.00738194 0.0208274 0.573418
0 0.548731 0.715751 0.0100674 0.0177479 0.551745
0 0.424633 0.271659 0.00724248 0.0244576 0.542758
0 0.541964 0.524361 0.00820923 0.019463 0.530726
0 0.514679 0.198689 0.00818682 0.02208 0.528828
0 0.551179 0.71467 0.0103089 0.0175368 0.524255
0 0.518619 0.238819 0.00628841 0.0233092 0.494287
0 0.558898 0.84069 0.00946341 0.0208682 0.483819
0 0.527167 0.786469 0.00824855 0.0228367 0.470743
0 0.514967 0.309872 0.00774519 0.0234551 0.450325
0 0.577612 0.472802 0.0108584 0.0259335 0.406956
0 0.513397 0.303853 0.00690421 0.0275787 0.401632
0 0.488906 0.751268 0.00975839 0.0209535 0.382327
0 0.539276 0.334557 0.00895307 0.0225381 0.379189
0 0.544191 0.30319 0.00600473 0.0180448 0.370854
0 0.485214 0.13651 0.00793025 0.0210554 0.363727
0 0.521278 0.23236 0.00580196 0.0206878 0.350844
0 0.513247 0.199532 0.00549887 0.0235431 0.34137
0 0.53724 0.796194 0.00589464 0.0162714 0.337683
0 0.567508 0.279705 0.00825461 0.0231694 0.318512
0 0.514548 0.294327 0.00843122 0.0219906 0.315528
0 0.579246 0.830435 0.00780526 0.0234768 0.310843
0 0.604396 0.235625 0.0062357 0.0219951 0.302867
0 0.542692 0.0788314 0.00640451 0.0259196 0.298845
0 0.514198 0.245988 0.00694044 0.022144 0.267035
0 0.560906 0.766672 0.00935325 0.0271306 0.266625
0 0.565575 0.276231 0.00816502 0.0224117 0.2592
0 0.48695 0.132781 0.00649632 0.0216491 0.252431
