0 0.397269 0.0623672 0.00871608 0.0405045 0.541807
0 0.393776 0.819875 0.0111618 0.0217466 0.461012
0 0.412866 0.655431 0.0103524 0.0276209 0.404221
0 0.380194 0.095966 0.010097 0.0343887 0.368577
0 0.388141 0.056843 0.0113861 0.0422734 0.355399
0 0.38604 0.0583032 0.00966169 0.0409888 0.338411
0 0.407302 0.694392 0.0132825 0.0306173 0.331108
0 0.377986 0.673678 0.0154113 0.0258686 0.311206
0 0.410119 0.95634 0.0159141 0.0230238 0.310125
0 0.394648 0.963991 0.0110282 0.0203193 0.303495
0 0.382787 0.719411 0.0125535 0.0207829 0.301608
0 0.37345 0.67171 0.0147446 0.0286474 0.281761
0 0.415499 0.657849 0.0142961 0.0348747 0.256828
