0 0.458 0.439088 0.00831356 0.0284604 0.661465
0 0.278545 0.403635 0.00948495 0.0332063 0.649579
0 0.478211 0.445747 0.00829341 0.028774 0.625521
0 0.334302 0.832461 0.0101368 0.0389771 0.619852
0 0.467603 0.427056 0.0080096 0.0254636 0.593249
0 0.33396 0.180692 0.00799737 0.0266873 0.589366
0 0.152116 0.578786 0.0146501 0.0268586 0.493744
0 0.366953 0.242155 0.0083606 0.0319887 0.492644
0 0.456568 0.418588 0.007708 0.0246724 0.486982
0 0.364921 0.242949 0.00740631 0.0304813 0.39305
0 0.296235 0.0958358 0.00817747 0.031842 0.353755
7 0.292463 0.213794 0.0132087 0.0514035 0.308267
0 0.0805395 0.353112 0.0133428 0.0370111 0.289418
0 0.451316 0.397639 0.0100129 0.0266084 0.261404
0 0.353263 0.220098 0.00706181 0.021433 0.259023
