3 0.74436 0.85203 0.0790123 0.0908729 0.900641
3 0.840664 0.834809 0.124522 0.0668455 0.894624
3 0.946107 0.967041 0.107787 0.0659172 0.888806
3 0.479669 0.597759 0.0171115 0.0218631 0.862446
3 0.557949 0.669586 0.0304626 0.0417521 0.861272
3 0.348218 0.650155 0.0327273 0.0321505 0.854573
5 0.0907869 0.879342 0.145631 0.134969 0.843892
3 0.316184 0.676591 0.0400628 0.0393062 0.842871
3 0.659531 0.734617 0.0426039 0.0478836 0.842288
3 0.594901 0.607266 0.0173027 0.0217753 0.82564
6 0.266055 0.713422 0.02934 0.0369283 0.805758
3 0.75336 0.724543 0.0932369 0.0463679 0.781102
3 0.585925 0.588031 0.0138885 0.0174851 0.767082
4 0.621259 0.690798 0.0374477 0.053183 0.758391
3 0.853256 0.982346 0.121687 0.0353079 0.724128
3 0.531782 0.546057 0.00926182 0.0107006 0.71636
3 0.639118 0.671822 0.0302458 0.0384356 0.703725
3 0.614355 0.596905 0.0180176 0.0200534 0.689342
3 0.394601 0.601067 0.0210728 0.0233875 0.620869
3 0.606739 0.577659 0.0201324 0.0161929 0.620112
3 0.448758 0.568575 0.014074 0.0146115 0.599103
5 0.411757 0.582618 0.0237947 0.0343706 0.598866
3 0.434704 0.563376 0.0117207 0.0124119 0.580936
3 0.57417 0.56759 0.0140718 0.0154787 0.56392
3 0.503066 0.538036 0.00981057 0.0103353 0.538794
3 0.458286 0.546768 0.0102398 0.0119543 0.537318
3 0.389349 0.620726 0.0254364 0.0288102 0.522701
3 0.554351 0.56196 0.00975224 0.0133536 0.504583
3 0.735127 0.68673 0.0675863 0.0338272 0.500163
5 0.389443 0.621101 0.024513 0.0301499 0.488268
3 0.532293 0.547324 0.0105443 0.00944725 0.488217
3 0.444807 0.554108 0.0115559 0.010832 0.487355
3 0.577453 0.568648 0.0171736 0.0141968 0.463167
0 0.68937 0.680244 0.00945932 0.0353345 0.458348
1 0.372526 0.682852 0.0101273 0.0276167 0.453253
3 0.654098 0.701422 0.0400336 0.0399166 0.436123
3 0.623149 0.647053 0.0164798 0.0287818 0.405894
0 0.717262 0.785842 0.0156774 0.0437148 0.405581
3 0.55661 0.540463 0.00777871 0.00950736 0.371312
3 0.746396 0.708018 0.0748342 0.0352528 0.364079
3 0.566024 0.557623 0.0100987 0.0112381 0.332125
3 0.566719 0.555043 0.0101696 0.0115002 0.325838
3 0.44303 0.554693 0.0110988 0.0113066 0.30799
3 0.579486 0.552489 0.00994136 0.0119313 0.303852
1 0.717773 0.786272 0.0158136 0.0427595 0.291562
1 0.52704 0.595918 0.00843336 0.0152425 0.290484
3 0.457118 0.529272 0.010655 0.00959042 0.272841
3 0.502372 0.526985 0.00856044 0.00788353 0.267451
3 0.645292 0.684635 0.0359428 0.0553179 0.266481
3 0.0896 0.880438 0.14351 0.13218 0.263074
3 0.482324 0.536212 0.0065033 0.0110599 0.260708
3 0.581734 0.554046 0.0118002 0.0107488 0.259604
9 0.793644 0.763234 0.0387857 0.0373925 0.259506
3 0.519359 0.530391 0.00729619 0.0108225 0.25742
3 0.493804 0.536189 0.00581857 0.011347 0.253831
