3 0.278364 0.27387 0.0234937 0.0153407 0.8418
3 0.53246 0.598642 0.011191 0.0359912 0.821041
3 0.553802 0.271016 0.0220613 0.0139825 0.819459
3 0.532384 0.734154 0.0149124 0.0368265 0.818872
3 0.498043 0.267322 0.0112099 0.0340992 0.814789
3 0.84121 0.988876 0.0253076 0.0172292 0.807077
3 0.39349 0.108989 0.0115218 0.0346168 0.805686
3 0.572753 0.31894 0.0102936 0.0336144 0.79934
3 0.579104 0.99379 0.0253084 0.0120272 0.794058
3 0.841435 0.936814 0.0253673 0.0153252 0.788949
3 0.536794 0.353159 0.0110706 0.0318069 0.780732
3 0.277627 0.97199 0.0218347 0.0151054 0.772116
3 0.560907 0.0516969 0.0227401 0.0163802 0.769463
3 0.333904 0.642287 0.025479 0.019436 0.761764
3 0.406316 0.187434 0.0115817 0.0352458 0.761031
3 0.578426 0.973879 0.0229364 0.0134265 0.760977
3 0.867678 0.970692 0.023476 0.0137883 0.757989
3 0.542158 0.419308 0.0125971 0.0326502 0.754092
3 0.554795 0.245552 0.0214422 0.0126438 0.751519
3 0.578621 0.959761 0.0230574 0.013412 0.751227
3 0.867588 0.988379 0.0240787 0.0172275 0.75024
3 0.590938 0.370864 0.0231441 0.020577 0.744091
3 0.556373 0.123559 0.0206812 0.0179566 0.741873
3 0.560177 0.0880437 0.0225844 0.0188282 0.736644
3 0.27748 0.242638 0.0226298 0.0148114 0.734544
3 0.838966 0.972144 0.020309 0.0135102 0.730649
3 0.556361 0.145223 0.020348 0.0181323 0.729962
3 0.251482 0.318419 0.0206107 0.0167011 0.718292
4 0.505958 0.661826 0.0111759 0.041834 0.716962
3 0.27495 0.22512 0.020903 0.0165517 0.687627
3 0.579513 0.924769 0.0225167 0.0142729 0.684003
3 0.578793 0.946062 0.0229137 0.0128362 0.677187
3 0.280348 0.330615 0.0202397 0.0157589 0.657606
3 0.866824 0.954352 0.0227123 0.0126968 0.641051
3 0.525611 0.101317 0.0114097 0.0318897 0.627227
3 0.557451 0.169347 0.0182473 0.0155997 0.622975
3 0.623838 0.961737 0.0228876 0.0126963 0.622817
3 0.402699 0.556246 0.0105236 0.0376144 0.617449
5 0.55112 0.217777 0.0334274 0.0223518 0.603628
3 0.840871 0.955171 0.0242939 0.0149146 0.597382
3 0.5471 0.652447 0.0106581 0.0357053 0.591555
4 0.358151 0.787483 0.0152796 0.0186031 0.587697
3 0.255114 0.24449 0.0227991 0.0156902 0.582284
3 0.624131 0.971183 0.0240145 0.0129621 0.580142
3 0.838698 0.917224 0.0236969 0.0163976 0.561719
4 0.370458 0.885189 0.0103927 0.0380058 0.561219
3 0.866713 0.937604 0.0224128 0.0140035 0.561066
3 0.560575 0.078448 0.0220539 0.0136286 0.531176
5 0.530187 0.796054 0.0144703 0.0558965 0.530554
3 0.625365 0.990767 0.0261576 0.0163193 0.526224
3 0.194266 0.976831 0.0259207 0.0178384 0.512937
3 0.579085 0.910896 0.0246132 0.0137603 0.471655
3 0.560443 0.0465581 0.0217296 0.0128745 0.470381
3 0.865871 0.920779 0.0222648 0.0140335 0.468449
3 0.544832 0.690421 0.00894897 0.0249812 0.467512
3 0.79153 0.879446 0.0140277 0.0213366 0.430031
3 0.26884 0.303301 0.0172684 0.0147788 0.424019
3 0.224095 0.977405 0.0204275 0.0155991 0.417822
3 0.537992 0.688983 0.0108923 0.0273972 0.414304
3 0.624334 0.966812 0.0239087 0.0141937 0.397607
3 0.49926 0.555812 0.0117165 0.0443007 0.385379
3 0.553576 0.257961 0.0222011 0.0136039 0.377596
3 0.550841 0.574577 0.0108315 0.0207848 0.360822
3 0.86548 0.901252 0.0238667 0.0168315 0.358928
9 0.342809 0.868797 0.00643178 0.0187434 0.354926
3 0.275698 0.235278 0.0227769 0.0149464 0.336379
3 0.510446 0.896065 0.00851353 0.0231516 0.315671
3 0.416068 0.615299 0.00990409 0.0256453 0.312944
3 0.553148 0.200998 0.0277236 0.0150599 0.289326
4 0.83562 0.887698 0.0244613 0.0169845 0.282023
4 0.56057 0.0297875 0.0188191 0.0154541 0.272596
3 0.371721 0.879189 0.009358 0.0355312 0.270795
5 0.547811 0.155516 0.0261877 0.0291746 0.263773
3 0.865343 0.887789 0.0236797 0.0144864 0.263753
3 0.578356 0.907889 0.0239725 0.0135592 0.257044
5 0.554259 0.199081 0.0266047 0.0160712 0.254867
3 0.84241 0.90073 0.0242386 0.0155053 0.251191
