0 0.585826 0.531444 0.0116104 0.02906 0.798361
0 0.618632 0.123227 0.0119885 0.0359378 0.777458
0 0.619185 0.247139 0.0112531 0.0321546 0.777444
0 0.620088 0.526263 0.0106029 0.0237445 0.674012
0 0.607738 0.491916 0.0137251 0.0271469 0.670746
3 0.266567 0.250558 0.11672 0.0741572 0.630245
3 0.318067 0.483838 0.0941248 0.0786927 0.604093
0 0.596061 0.46602 0.00923248 0.0248029 0.573168
3 0.323345 0.421325 0.0720808 0.0664439 0.570685
3 0.120878 0.24314 0.0950809 0.0731575 0.542866
5 0.270714 0.0998951 0.123297 0.108989 0.46238
0 0.589996 0.667135 0.0112909 0.0287505 0.452592
0 0.639251 0.484209 0.0121157 0.0356574 0.441115
6 0.111572 0.191416 0.101173 0.0681653 0.370433
5 0.267988 0.250748 0.117541 0.0742934 0.368739
6 0.305251 0.36656 0.0752444 0.0613757 0.363521
5 0.217595 0.968458 0.133465 0.0619364 0.343907
4 0.293362 0.65324 0.107282 0.0851578 0.309988
5 0.320705 0.483589 0.0878656 0.080275 0.281434
3 0.216817 0.969311 0.133808 0.061378 0.278803
