3 0.457072 0.704603 0.0358416 0.079316 0.711824
5 0.480615 0.816776 0.0769584 0.219832 0.647867
5 0.393943 0.359785 0.0395788 0.118179 0.58503
5 0.422027 0.528192 0.0553374 0.204074 0.525093
3 0.700104 0.661656 0.0335093 0.0987504 0.468455
5 0.384909 0.335668 0.0583293 0.166581 0.435504
3 0.0221745 0.10764 0.0237708 0.0264177 0.415429
5 0.425688 0.565998 0.0465517 0.130572 0.399947
5 0.411753 0.475883 0.0356226 0.100235 0.375736
8 0.381251 0.329661 0.0676878 0.181124 0.348522
5 0.433919 0.590307 0.0324346 0.0836414 0.339968
3 0.0253041 0.056843 0.0189313 0.0232795 0.267207
