0 0.504515 0.137213 0.0110743 0.0380249 0.785416
0 0.522371 0.289464 0.0115129 0.03537 0.777993
0 0.582326 0.672817 0.012397 0.0247208 0.737049
0 0.53835 0.287855 0.00907009 0.0343373 0.703952
9 0.47865 0.440412 0.0295689 0.0327897 0.69886
0 0.554492 0.689004 0.0127779 0.0289861 0.640408
0 0.519478 0.657683 0.0103467 0.0288804 0.637202
9 0.480022 0.591468 0.0286765 0.0277957 0.636165
0 0.533494 0.577566 0.0129053 0.0259235 0.611005
0 0.569807 0.726166 0.0129011 0.0326182 0.600411
9 0.48811 0.63192 0.0265488 0.0363405 0.597251
9 0.460273 0.266144 0.0285543 0.025965 0.555391
0 0.539886 0.688575 0.00987701 0.0308612 0.518187
0 0.514957 0.613442 0.0148085 0.0199801 0.517192
9 0.431365 0.612799 0.0313352 0.0260517 0.514183
9 0.469084 0.411893 0.027157 0.0295305 0.483658
9 0.413689 0.691805 0.0291599 0.0238167 0.477768
9 0.452713 0.506466 0.0248991 0.0381649 0.474719
0 0.540926 0.576656 0.0114578 0.0251471 0.453377
0 0.583716 0.720263 0.0128049 0.0300445 0.448165
0 0.549074 0.63576 0.0117342 0.0265507 0.443479
9 0.455213 0.551544 0.0253443 0.019108 0.427022
0 0.523785 0.620244 0.0170421 0.0230201 0.424261
9 0.483041 0.528873 0.0289645 0.0235354 0.417856
7 0.506194 0.362474 0.0274156 0.0747793 0.412057
9 0.421566 0.294562 0.0369354 0.0313874 0.411953
9 0.422471 0.438933 0.0393116 0.0238843 0.399867
9 0.474456 0.386218 0.032975 0.0236207 0.393521
9 0.442458 0.236501 0.04561 0.0386414 0.389776
9 0.46211 0.642193 0.0323588 0.0258908 0.370479
9 0.469984 0.317392 0.0283137 0.0242546 0.369838
9 0.463479 0.296437 0.0296567 0.0234531 0.360935
9 0.482691 0.569463 0.0281264 0.0226878 0.357759
9 0.450823 0.494266 0.0288548 0.0316964 0.352694
0 0.536542 0.577087 0.0135532 0.0238823 0.345749
2 0.51755 0.468037 0.0134319 0.0467667 0.343009
5 0.0167074 0.330614 0.0334147 0.189326 0.323318
9 0.436186 0.238425 0.0426426 0.0352874 0.315671
9 0.483337 0.514325 0.0288239 0.0271468 0.31411
9 0.38905 0.658952 0.0362452 0.0273193 0.305354
9 0.414689 0.659359 0.0274149 0.0247716 0.292379
9 0.492312 0.66395 0.0173822 0.0310107 0.287714
0 0.470222 0.0202711 0.0112255 0.0405422 0.285848
9 0.517494 0.468034 0.0130448 0.0479378 0.284945
9 0.491186 0.641283 0.0231824 0.0389795 0.282463
9 0.468448 0.365839 0.0318737 0.0269988 0.277607
0 0.523254 0.150815 0.00969962 0.0174863 0.263423
9 0.394843 0.61737 0.027968 0.0256665 0.263167
