9 0.63871 0.523346 0.00727025 0.0226758 0.3959
4 0.562756 0.424599 0.0176626 0.0530027 0.388126
9 0.422499 0.544656 0.0111391 0.0224428 0.37057
9 0.378672 0.604315 0.00912436 0.020346 0.361121
9 0.391782 0.603766 0.00980865 0.0199553 0.32381
9 0.424009 0.542056 0.00756609 0.0219113 0.317608
0 0.461564 0.525983 0.00586958 0.021843 0.311474
4 0.639161 0.672733 0.0229483 0.0293689 0.310531
9 0.395735 0.506526 0.00825208 0.0317563 0.305154
0 0.46059 0.526696 0.00868208 0.0217837 0.295306
9 0.408545 0.55534 0.0115324 0.0248947 0.293097
9 0.416704 0.600353 0.00891418 0.0256152 0.289624
9 0.518642 0.528114 0.00810298 0.0224304 0.280751
9 0.397085 0.398998 0.010642 0.0246042 0.279675
7 0.541463 0.418039 0.0151581 0.0477472 0.274248
9 0.380621 0.544324 0.0260035 0.0218125 0.273633
4 0.830732 0.634688 0.0309643 0.0296398 0.267317
9 0.415686 0.502036 0.00822383 0.0302022 0.267062
9 0.26514 0.273289 0.0141658 0.0236786 0.25698
9 0.507706 0.50914 0.00650766 0.0169157 0.255475
7 0.543924 0.49629 0.0179213 0.0374627 0.252795
