7 0.425193 0.0988304 0.0286752 0.0616533 0.778627
4 0.563407 0.708307 0.0736196 0.0604744 0.734251
3 0.58502 0.492491 0.0757936 0.0537119 0.676331
3 0.583371 0.405674 0.071511 0.0523021 0.649589
5 0.637891 0.77241 0.0980486 0.0660381 0.625313
9 0.195788 0.435809 0.012646 0.0385916 0.625156
9 0.0381222 0.498041 0.0313697 0.0199431 0.614997
5 0.585037 0.492991 0.0748883 0.0556611 0.608297
9 0.172454 0.433851 0.0114021 0.0393766 0.588724
5 0.555707 0.617223 0.115321 0.0614353 0.555272
7 0.376812 0.5929 0.0187149 0.0578705 0.550295
0 0.643199 0.526635 0.0149029 0.0217392 0.531492
9 0.157919 0.42776 0.00975199 0.0352307 0.525053
9 0.193592 0.43517 0.0148222 0.0400946 0.475978
7 0.533059 0.016049 0.0394602 0.032098 0.467427
3 0.574577 0.554132 0.0822533 0.0566321 0.460136
9 0.209973 0.425716 0.0148374 0.0354446 0.415051
3 0.589335 0.898661 0.0555982 0.0555088 0.403924
0 0.61853 0.61455 0.0178325 0.0196264 0.385536
5 0.615417 0.840986 0.0746748 0.0559788 0.382538
0 0.348799 0.478382 0.010259 0.0301208 0.356284
9 0.682756 0.0569087 0.013141 0.0321721 0.332062
5 0.573716 0.554445 0.080662 0.0576035 0.314514
3 0.586355 0.985693 0.070466 0.0286132 0.314184
9 0.229923 0.389894 0.0158398 0.0419652 0.307013
9 0.212694 0.386764 0.0130549 0.0369215 0.301142
0 0.240883 0.507353 0.0156444 0.0244604 0.299828
0 0.361922 0.701471 0.0117275 0.0349002 0.286937
9 0.244312 0.337656 0.0208821 0.0295497 0.286112
4 0.588881 0.898968 0.054488 0.0549751 0.274374
3 0.615581 0.84128 0.0763296 0.0553783 0.268814
0 0.329773 0.338951 0.0128375 0.0177833 0.265215
5 0.463236 0.103736 0.0691784 0.13292 0.250613
