3 0.027592 0.366832 0.0550138 0.0890194 0.900203
4 0.868307 0.511569 0.0858864 0.0626995 0.896104
3 0.915744 0.0960278 0.0601841 0.0544588 0.882825
4 0.896268 0.908646 0.0864635 0.167313 0.876265
3 0.942229 0.79213 0.115118 0.0804807 0.873004
4 0.890045 0.575839 0.134103 0.105493 0.869155
3 0.928274 0.716577 0.111145 0.0643063 0.864438
4 0.634952 0.157052 0.0320465 0.0636673 0.82361
3 0.796745 0.0177017 0.0568793 0.0354002 0.8129
5 0.654622 0.222806 0.049604 0.107741 0.801794
3 0.623163 0.08965 0.0276838 0.0606442 0.789271
3 0.188345 0.0154881 0.0402001 0.0309763 0.787499
3 0.729966 0.117118 0.0688615 0.0367998 0.769678
5 0.670171 0.369895 0.0589703 0.144481 0.758347
3 0.825101 0.102513 0.0675116 0.0395904 0.748906
3 0.208374 0.474819 0.0833924 0.0547033 0.717127
3 0.985841 0.962165 0.0283173 0.0753602 0.559807
7 0.687296 0.509274 0.0406643 0.0995295 0.3796
5 0.134716 0.104802 0.0475507 0.071903 0.354976
4 0.614263 0.0259234 0.031249 0.0490977 0.333392
4 0.821803 0.387625 0.088813 0.0662557 0.292012
6 0.169873 0.144831 0.023417 0.0478922 0.268464
6 0.687405 0.510084 0.0405734 0.0985932 0.253224
