3 0.65589 0.816856 0.0866115 0.0591335 0.858668
3 0.58674 0.504935 0.0498577 0.0302745 0.846472
3 0.445584 0.492902 0.0220854 0.043812 0.843823
3 0.159648 0.274861 0.0224885 0.0200561 0.821364
3 0.602197 0.584058 0.0612207 0.0377582 0.809466
3 0.596963 0.559078 0.053002 0.031847 0.805718
3 0.133505 0.276221 0.0192745 0.0203175 0.805136
3 0.644238 0.368138 0.037723 0.0242139 0.789611
3 0.592903 0.313058 0.0154332 0.0250289 0.781165
4 0.684188 0.970812 0.0949985 0.0578417 0.778104
3 0.113518 0.279285 0.0168363 0.0205515 0.748577
3 0.243713 0.212513 0.0168716 0.0148781 0.723674
4 0.584794 0.479801 0.0543936 0.0327365 0.713361
4 0.126305 0.346499 0.034184 0.0374093 0.712085
3 0.633795 0.3292 0.01612 0.022754 0.702284
3 0.0192292 0.359181 0.0368588 0.0214788 0.687482
4 0.575973 0.427951 0.0477199 0.0335202 0.66887
3 0.572807 0.393037 0.0434491 0.0233663 0.642472
3 0.555539 0.294165 0.0299152 0.0145011 0.62793
3 0.589862 0.462349 0.0446089 0.0248653 0.597099
3 0.25513 0.197218 0.0225192 0.0159505 0.595285
3 0.577576 0.413383 0.0466839 0.0246019 0.592937
3 0.560807 0.320798 0.0320362 0.0172457 0.591662
3 0.556822 0.284803 0.029277 0.0165768 0.586216
3 0.559543 0.310358 0.0314926 0.0176655 0.555964
3 0.557139 0.308329 0.0340888 0.015338 0.553457
3 0.568836 0.370416 0.0394165 0.0225834 0.552552
3 0.569263 0.374586 0.0384132 0.0202464 0.527755
3 0.0335098 0.337951 0.0408603 0.0245441 0.527648
3 0.585898 0.479512 0.0528514 0.0321135 0.513637
3 0.572025 0.388151 0.0426169 0.0220113 0.499227
3 0.577152 0.344455 0.0324608 0.0199907 0.490466
3 0.615409 0.262235 0.016017 0.0197764 0.479846
3 0.555722 0.304525 0.0355432 0.0179136 0.465703
0 0.685617 0.522651 0.00938237 0.0233729 0.462223
3 0.00724267 0.383227 0.0144853 0.0255215 0.458277
0 0.679281 0.523298 0.00768773 0.0235681 0.435763
3 0.494242 0.125594 0.00827101 0.0108019 0.427365
0 0.540196 0.497989 0.00739877 0.0227103 0.41237
9 0.485158 0.373433 0.0078717 0.0207177 0.410031
3 0.567375 0.366226 0.0385845 0.0184681 0.398223
3 0.478886 0.0966995 0.00633057 0.0101288 0.394005
3 0.457138 0.190854 0.00822257 0.0156458 0.355208
3 0.558393 0.282179 0.029435 0.0146302 0.350523
3 0.544358 0.170186 0.0147398 0.0117845 0.350343
9 0.511824 0.37535 0.00573569 0.0165647 0.347792
3 0.550409 0.272582 0.016736 0.019086 0.338428
9 0.48597 0.375 0.00715655 0.0188865 0.326898
3 0.0311793 0.344774 0.039346 0.022244 0.313719
8 0.47633 0.162662 0.0105486 0.0215855 0.304625
4 0.476119 0.163606 0.0100628 0.0181359 0.295425
3 0.554012 0.278379 0.023766 0.016239 0.29318
3 0.478468 0.0981212 0.00726205 0.00919875 0.279854
3 0.577404 0.418349 0.0470335 0.0286319 0.26913
1 0.485094 0.367094 0.00774824 0.0177445 0.262189
3 0.465787 0.0972222 0.00594988 0.0111181 0.261541
3 0.317156 0.129577 0.0159531 0.0117592 0.257857
