0 0.368888 0.397941 0.00955686 0.0232986 0.684343
0 0.365168 0.357158 0.008661 0.0221734 0.587592
0 0.453402 0.0701104 0.00637246 0.0309475 0.582535
0 0.355065 0.403824 0.0104517 0.0254843 0.512168
0 0.469224 0.0522597 0.00695592 0.0254563 0.496009
0 0.348311 0.430049 0.00913086 0.0244273 0.495512
0 0.444733 0.0600343 0.00585231 0.0241903 0.453586
0 0.463653 0.0257488 0.0103014 0.0259432 0.445444
0 0.383739 0.400813 0.00977517 0.0237659 0.428762
0 0.421677 0.194726 0.00884077 0.0177313 0.375232
0 0.360985 0.31407 0.0095253 0.0235007 0.369991
9 0.416995 0.0501588 0.010691 0.0201865 0.348809
0 0.461048 0.0265405 0.00961112 0.0243923 0.335822
0 0.423295 0.156149 0.00912428 0.0218277 0.321889
0 0.433215 0.162158 0.00797333 0.0234711 0.315806
0 0.469215 0.057509 0.00690286 0.0331771 0.313537
0 0.391008 0.311894 0.00907571 0.0226552 0.311967
0 0.440863 0.0470987 0.00802002 0.0284219 0.308811
0 0.393569 0.0344522 0.00670951 0.0261229 0.290933
0 0.446837 0.0188543 0.00801649 0.0296764 0.287655
0 0.431997 0.172321 0.00934553 0.0229835 0.282643
0 0.386192 0.270823 0.00988726 0.0206789 0.278503
0 0.388739 0.270058 0.0105251 0.0224548 0.26191
0 0.367205 0.399169 0.00945321 0.0258786 0.252266
