4 0.615768 0.610957 0.100496 0.11479 0.939218
3 0.14487 0.734616 0.0789271 0.160348 0.91367
3 0.540958 0.625116 0.0931217 0.119853 0.906744
3 0.0613934 0.753015 0.0720784 0.159116 0.901941
3 0.494646 0.665307 0.0823189 0.130715 0.891621
3 0.469376 0.186065 0.0346589 0.0752266 0.87812
3 0.436392 0.697646 0.0789842 0.154114 0.864848
3 0.718614 0.620318 0.104768 0.126825 0.861689
3 0.85 0.565995 0.105775 0.121505 0.854206
3 0.549602 0.423596 0.0540478 0.109781 0.839545
3 0.490377 0.433563 0.0505064 0.110583 0.836033
3 0.424856 0.175859 0.0357149 0.0746321 0.828367
3 0.380486 0.183357 0.031345 0.072619 0.809468
3 0.786801 0.598281 0.0973228 0.111299 0.809141
3 0.674602 0.963588 0.072516 0.0728249 0.744698
4 0.90818 0.940664 0.105403 0.118672 0.711418
4 0.955265 0.929274 0.0894704 0.141451 0.630175
3 0.36883 0.701492 0.0728376 0.13959 0.619118
3 0.595557 0.979803 0.0702584 0.0400287 0.522242
3 0.98862 0.912358 0.0227591 0.130599 0.451805
3 0.761774 0.90362 0.0386318 0.0997407 0.405815
4 0.274749 0.75526 0.0800155 0.0635368 0.402215
4 0.594224 0.980057 0.0691059 0.0398853 0.3599
4 0.50297 0.981106 0.0666819 0.0377883 0.351989
3 0.701661 0.912156 0.0447193 0.10853 0.347585
5 0.955427 0.929887 0.0888401 0.140226 0.321425
3 0.505636 0.981202 0.0623141 0.0367346 0.313391
9 0.884967 0.445652 0.0400694 0.0303929 0.292388
