4 0.115804 0.700492 0.0740334 0.118619 0.918212
3 0.77924 0.600141 0.071083 0.0775735 0.896476
3 0.907241 0.705638 0.0790136 0.0918733 0.895402
3 0.403857 0.697987 0.100181 0.0807144 0.891282
4 0.0787843 0.615272 0.132272 0.0741656 0.890334
3 0.257652 0.622148 0.0493048 0.0769661 0.872993
3 0.71871 0.566072 0.0686978 0.0632499 0.858543
3 0.514513 0.557372 0.0516304 0.067492 0.854152
3 0.973393 0.755035 0.0530169 0.109363 0.845403
3 0.290213 0.486064 0.0327804 0.0476406 0.817654
3 0.188072 0.593169 0.0422541 0.0706669 0.805006
3 0.286832 0.435926 0.0299571 0.0393249 0.803435
3 0.315435 0.592303 0.0515257 0.0658829 0.799957
3 0.0208342 0.577458 0.0416684 0.0784091 0.795548
3 0.487145 0.504056 0.047513 0.0545372 0.783415
3 0.149861 0.43589 0.0422011 0.046268 0.780073
0 0.717117 0.656913 0.0223167 0.0528546 0.754466
3 0.223175 0.463186 0.033274 0.0425949 0.747402
3 0.203196 0.518486 0.0420766 0.0597132 0.743133
3 0.456889 0.457255 0.0358814 0.0418213 0.738833
3 0.266494 0.351197 0.0206923 0.0308593 0.729941
0 0.513893 0.441711 0.00907479 0.030417 0.716429
3 0.0745912 0.354677 0.0286615 0.0334142 0.71175
3 0.970851 0.897435 0.0582487 0.106971 0.706632
3 0.257363 0.535061 0.0409855 0.0580938 0.699325
4 0.477051 0.660621 0.094538 0.0907926 0.699051
3 0.221887 0.348953 0.0242244 0.025278 0.694116
0 0.73277 0.657054 0.0136811 0.0493624 0.690511
3 0.370577 0.563746 0.0609357 0.0631537 0.680624
4 0.433107 0.406368 0.0316263 0.040824 0.668781
3 0.0310615 0.384219 0.0602199 0.0382222 0.657312
3 0.223725 0.370827 0.0226231 0.0295339 0.634719
3 0.429424 0.320224 0.0183319 0.0250406 0.633423
3 0.335268 0.348228 0.0221233 0.0274854 0.626829
4 0.504996 0.621088 0.0879807 0.078867 0.621713
3 0.29895 0.36548 0.0283831 0.0315711 0.618903
3 0.950992 0.95701 0.0980152 0.0855296 0.604478
3 0.255361 0.373879 0.0245051 0.0327087 0.596385
3 0.415363 0.359519 0.0252123 0.0273303 0.594079
4 0.0149227 0.34743 0.0298455 0.0344602 0.592188
3 0.0784965 0.296381 0.025534 0.0251187 0.583831
0 0.529547 0.410256 0.00788518 0.0328739 0.583081
3 0.114708 0.38351 0.032644 0.0350707 0.550803
3 0.110798 0.310323 0.0189288 0.0236224 0.541438
3 0.124274 0.350486 0.0260431 0.0308013 0.53443
4 0.950639 0.957532 0.0987217 0.084937 0.531331
3 0.244355 0.414968 0.0295317 0.0365396 0.528419
0 0.4197 0.282992 0.00616019 0.0195305 0.51574
0 0.534355 0.410763 0.00820291 0.0313425 0.513793
3 0.23403 0.332594 0.0177406 0.0222831 0.50864
9 0.834616 0.602127 0.0195356 0.0382707 0.508637
3 0.402232 0.342279 0.0225106 0.0241154 0.498946
0 0.454588 0.581921 0.0149095 0.0438017 0.494709
0 0.53128 0.411483 0.0100941 0.0305633 0.477451
8 0.108624 0.253244 0.0251483 0.0345442 0.467971
3 0.504427 0.61966 0.0881175 0.0798055 0.465393
3 0.418982 0.378032 0.0213709 0.0292125 0.464103
3 0.0996439 0.332653 0.0211839 0.0304526 0.456228
3 0.127662 0.241707 0.011884 0.0156401 0.427977
0 0.546382 0.445195 0.00919952 0.030783 0.42533
3 0.138051 0.263519 0.0154019 0.0192739 0.423008
3 0.10082 0.328728 0.0223352 0.0283861 0.400641
4 0.244371 0.411018 0.0292422 0.0425039 0.399027
3 0.153872 0.324078 0.0192426 0.0244405 0.398315
0 0.623415 0.518656 0.0111639 0.0360525 0.395127
3 0.477718 0.66046 0.0934695 0.091025 0.387318
3 0.123469 0.291977 0.0215102 0.0182343 0.371343
3 0.328441 0.399688 0.0288952 0.0323088 0.346936
3 0.144058 0.219597 0.0162214 0.0114457 0.336547
3 0.355849 0.394809 0.0303539 0.0266591 0.328453
5 0.181469 0.33593 0.0353866 0.0389774 0.3115
3 0.359803 0.27851 0.0201848 0.0172896 0.308021
3 0.0211931 0.242417 0.022531 0.0149762 0.304876
0 0.966241 0.619635 0.020104 0.0485535 0.302082
3 0.266447 0.212004 0.00883207 0.0101957 0.294673
0 0.799928 0.527452 0.0147035 0.0453102 0.294526
3 0.268502 0.223434 0.0105821 0.010886 0.291572
0 0.477423 0.34039 0.0078806 0.0202027 0.291482
9 0.985582 0.685392 0.0277114 0.0400244 0.282653
3 0.280813 0.398555 0.0289912 0.0357459 0.276007
9 0.497415 0.337463 0.0159456 0.0175078 0.275984
3 0.252684 0.245674 0.0126753 0.0147255 0.275717
3 0.00970866 0.259361 0.0194173 0.020166 0.275225
4 0.22446 0.287945 0.0214468 0.0216721 0.274429
3 0.173174 0.211834 0.0151064 0.0115222 0.273901
4 0.315714 0.311255 0.0265402 0.0315681 0.270969
3 0.269313 0.331853 0.0224618 0.0257735 0.268823
5 0.280297 0.397394 0.0304832 0.0360692 0.266072
0 0.512172 0.44124 0.0118498 0.0308752 0.265703
3 0.0272099 0.321789 0.0288526 0.0231268 0.265198
3 0.224661 0.288405 0.0208567 0.0206851 0.260255
3 0.011224 0.255479 0.022261 0.0163249 0.260193
0 0.469025 0.336856 0.00739349 0.0234014 0.25716
3 0.417775 0.364907 0.0238171 0.0331365 0.252328
3 0.119828 0.271713 0.0128328 0.016784 0.251177
