0 0.62919 0.660564 0.00876513 0.0199068 0.551101
0 0.618853 0.64919 0.00865143 0.0211761 0.431337
3 0.174177 0.288306 0.0456005 0.0399849 0.415214
0 0.467601 0.706861 0.00833588 0.0168557 0.37342
0 0.947797 0.774731 0.0239731 0.024855 0.370532
0 0.791056 0.663324 0.0119482 0.020699 0.345717
0 0.458605 0.691508 0.00815905 0.0158072 0.302607
9 0.875287 0.804682 0.0204524 0.0240966 0.29935
0 0.760471 0.849362 0.00906529 0.020705 0.276608
4 0.150354 0.130163 0.0194948 0.0553354 0.268019
0 0.487745 0.740218 0.0100307 0.014609 0.257013
3 0.167067 0.048081 0.026778 0.0400471 0.253008
