0 0.415484 0.582459 0.00749329 0.022372 0.677911
0 0.430657 0.559064 0.00888345 0.0207075 0.625213
0 0.278376 0.62465 0.0127189 0.0207351 0.5679
0 0.335938 0.556529 0.0094039 0.0212084 0.558966
0 0.442948 0.59177 0.00811558 0.0178245 0.547073
9 0.769585 0.465573 0.0152488 0.0256393 0.485007
0 0.626608 0.467454 0.0106743 0.0188625 0.477792
9 0.729133 0.558674 0.0138912 0.0337859 0.468282
0 0.668158 0.503597 0.0120558 0.0150066 0.454851
9 0.854394 0.500857 0.0135506 0.0427163 0.453778
0 0.335097 0.604255 0.0120811 0.0145966 0.446486
0 0.842173 0.427608 0.0156574 0.023782 0.44629
0 0.285197 0.601691 0.0117137 0.0219043 0.43254
0 0.191486 0.715021 0.0180819 0.0186555 0.422849
9 0.063327 0.741393 0.0237507 0.0195617 0.416694
0 0.388668 0.5505 0.0103939 0.0168832 0.412815
0 0.452411 0.558439 0.00927638 0.0242449 0.404669
0 0.00624336 0.738979 0.0122737 0.016932 0.402344
0 0.74353 0.325581 0.00860212 0.0226299 0.400094
0 0.402022 0.534856 0.00850965 0.0184931 0.380838
0 0.530847 0.447163 0.00859698 0.0180107 0.36562
9 0.949839 0.305619 0.0174172 0.0313742 0.363961
0 0.359558 0.551437 0.00926634 0.021977 0.35733
0 0.5805 0.436061 0.00825749 0.0229643 0.356755
0 0.507402 0.535997 0.00797464 0.0226048 0.354916
0 0.302382 0.55126 0.0122042 0.0182437 0.345916
0 0.104753 0.725646 0.0161892 0.0172898 0.344501
0 0.256074 0.671285 0.0112613 0.0139341 0.332655
0 0.478049 0.515287 0.00726576 0.0182727 0.331881
9 0.201491 0.582767 0.00995255 0.0251143 0.328396
9 0.868715 0.499061 0.0113135 0.0384574 0.325351
0 0.378418 0.59026 0.00911961 0.0188774 0.324545
0 0.876912 0.432901 0.0151398 0.0308038 0.311376
0 0.613503 0.449501 0.0112293 0.0198595 0.307335
0 0.741007 0.268285 0.00864842 0.0209432 0.302493
6 0.901541 0.374469 0.0352766 0.0369995 0.30247
9 0.823691 0.427067 0.0175015 0.0222107 0.302264
0 0.696576 0.0405894 0.007117 0.029169 0.299481
0 0.754786 0.404327 0.0118393 0.0219917 0.297838
0 0.395867 0.604896 0.0100948 0.0186871 0.297189
9 0.729993 0.418625 0.0166269 0.0212562 0.297015
0 0.0701176 0.767216 0.0200315 0.0204582 0.293438
0 0.386507 0.548412 0.0105205 0.0164905 0.289972
0 0.680925 0.0681592 0.00729139 0.0283023 0.289897
9 0.731306 0.524733 0.0172447 0.0190148 0.286832
0 0.823793 0.427234 0.0173305 0.0230719 0.28404
0 0.4908 0.502552 0.00709228 0.0202199 0.28194
0 0.589129 0.521949 0.00889169 0.014489 0.279523
0 0.642601 0.474618 0.00977456 0.0196841 0.279401
0 0.1845 0.672849 0.0173422 0.0172788 0.279133
9 0.783631 0.475011 0.016098 0.022741 0.275736
0 0.639719 0.51519 0.0180976 0.0178055 0.273148
0 0.00543217 0.764372 0.0102071 0.0186673 0.271312
0 0.912583 0.427121 0.0164671 0.0195685 0.26992
0 0.394533 0.529455 0.00775277 0.0183101 0.26858
0 0.431915 0.560339 0.0112196 0.0193843 0.264836
0 0.120978 0.75829 0.0160915 0.0196443 0.262198
0 0.359816 0.542222 0.00937929 0.0184941 0.261998
0 0.742668 0.227475 0.0108145 0.023535 0.260164
0 0.740905 0.245668 0.00909511 0.0268618 0.255623
0 0.451249 0.567511 0.0102481 0.020596 0.254732
0 0.81602 0.345797 0.011301 0.0213084 0.254617
9 0.782309 0.482416 0.0148099 0.0222871 0.253832
0 0.104709 0.706727 0.0177923 0.0177591 0.253759
9 0.401884 0.430058 0.00992911 0.0311753 0.253215
9 0.715611 0.482403 0.0135859 0.0212488 0.252311
0 0.378847 0.582927 0.00992362 0.016499 0.251591
0 0.772173 0.247996 0.00782218 0.0248402 0.250434
