3 0.641525 0.634232 0.0372848 0.0719169 0.874379
3 0.482378 0.586798 0.0295559 0.0613872 0.866557
3 0.0293277 0.944571 0.0585837 0.106661 0.861131
7 0.29312 0.699395 0.0468478 0.079801 0.812685
3 0.399337 0.470351 0.0464895 0.0340569 0.803154
6 0.446691 0.810586 0.0241513 0.0783313 0.799053
6 0.51263 0.648021 0.0195242 0.0571641 0.774556
0 0.678173 0.722089 0.0131863 0.0540134 0.6838
1 0.592485 0.590624 0.00910985 0.0286584 0.576276
0 0.706817 0.836194 0.0143348 0.072753 0.560455
6 0.684678 0.635585 0.0232608 0.0535448 0.557623
6 0.86349 0.890702 0.0772538 0.0933235 0.548954
6 0.224389 0.685139 0.0358425 0.0599118 0.529565
7 0.580189 0.489887 0.0144342 0.0387397 0.522398
9 0.288029 0.569945 0.0190286 0.0232533 0.51658
1 0.594629 0.518478 0.00859462 0.0290211 0.506966
9 0.649645 0.837538 0.0218746 0.070521 0.50414
9 0.592347 0.602654 0.0101196 0.0319133 0.503238
9 0.343622 0.442149 0.0180473 0.020551 0.490364
9 0.777897 0.651395 0.024915 0.0279885 0.489174
9 0.259461 0.6001 0.0256771 0.0300125 0.480343
9 0.266912 0.667086 0.0288447 0.0376247 0.439868
1 0.51904 0.38603 0.00464077 0.0173117 0.405201
9 0.319691 0.451645 0.0132573 0.0178175 0.369465
9 0.593887 0.521587 0.00934819 0.0303156 0.332511
9 0.747895 0.559658 0.0176508 0.0218282 0.324872
5 0.0329173 0.849806 0.0658347 0.114929 0.324542
3 0.630711 0.3478 0.0207693 0.0204624 0.323788
6 0.207832 0.784469 0.0740487 0.0970685 0.31959
9 0.592247 0.595852 0.0100687 0.0343072 0.312619
9 0.60236 0.487361 0.00793151 0.028696 0.311242
6 0.677517 0.523996 0.0315743 0.0341901 0.307162
1 0.616294 0.547573 0.00932742 0.0309709 0.304969
6 0.565318 0.350786 0.00712914 0.0194916 0.302981
1 0.649224 0.820637 0.0182693 0.0447223 0.29655
3 0.662588 0.483778 0.0264426 0.030674 0.296484
9 0.738808 0.584078 0.0241631 0.0245783 0.294315
9 0.615503 0.559647 0.0111889 0.0332088 0.279893
1 0.602797 0.478797 0.0069768 0.0244871 0.278928
9 0.768647 0.629616 0.0249573 0.0293689 0.277375
9 0.557081 0.327983 0.00424041 0.0145437 0.274549
1 0.615756 0.553891 0.0102156 0.0378569 0.265066
9 0.518984 0.390867 0.00541955 0.0194741 0.257696
9 0.776897 0.647385 0.0256106 0.026758 0.251801
