0 0.53315 0.623183 0.00778464 0.0206409 0.623689
0 0.552755 0.173433 0.00846671 0.0269366 0.56557
0 0.530926 0.560121 0.00841195 0.0171417 0.560567
0 0.533902 0.490064 0.00845699 0.0157269 0.499211
0 0.539956 0.403131 0.00762416 0.0153435 0.491684
0 0.618198 0.578571 0.00989524 0.026434 0.438776
0 0.431038 0.174307 0.00619485 0.0233619 0.406681
0 0.604504 0.338623 0.00892439 0.0228137 0.357696
0 0.537893 0.434265 0.00682887 0.0156849 0.325705
9 0.579245 0.539886 0.0118517 0.0435969 0.319616
0 0.631344 0.569199 0.00680712 0.0174943 0.280291
