3 0.176121 0.638341 0.0818522 0.109115 0.913843
3 0.381648 0.731497 0.0994387 0.0763385 0.91201
3 0.315633 0.798259 0.102597 0.103774 0.910555
3 0.617666 0.697588 0.0659437 0.126941 0.886885
3 0.696025 0.45156 0.0721289 0.050532 0.866205
3 0.777142 0.701027 0.0491106 0.12065 0.863852
3 0.708431 0.328796 0.0660477 0.0472267 0.855848
3 0.524268 0.276144 0.0601141 0.0383387 0.832853
3 0.557947 0.685358 0.0627666 0.140908 0.826324
3 0.604481 0.28569 0.0590937 0.0361735 0.822304
3 0.535143 0.451822 0.0753981 0.0596168 0.795351
3 0.707968 0.270758 0.0568931 0.0371854 0.709667
5 0.739286 0.805505 0.110453 0.0949641 0.675262
4 0.457882 0.645614 0.0400977 0.115208 0.627932
4 0.740673 0.80523 0.109571 0.093995 0.595437
3 0.251257 0.0116398 0.0683699 0.0232796 0.373167
3 0.695175 0.293927 0.0689772 0.0396463 0.355226
3 0.456953 0.645525 0.0387433 0.116369 0.340711
3 0.707528 0.686646 0.0490138 0.118916 0.302311
