3 0.25555 0.752287 0.0511788 0.064519 0.900953
3 0.301434 0.756314 0.0377443 0.0712858 0.881538
5 0.535597 0.897722 0.0560636 0.203955 0.881162
3 0.644941 0.566775 0.0240613 0.0452137 0.87331
3 0.320796 0.628045 0.0375936 0.039765 0.87258
3 0.51902 0.308586 0.0115275 0.0177132 0.854274
3 0.597959 0.964679 0.034214 0.0706412 0.852033
3 0.626514 0.477794 0.0169921 0.0314525 0.820784
3 0.326362 0.76234 0.0306641 0.0650535 0.818854
3 0.632987 0.697769 0.0341747 0.0561425 0.817761
5 0.528775 0.387389 0.022846 0.0899052 0.807878
5 0.501565 0.360548 0.0220339 0.0804493 0.787634
8 0.541897 0.558071 0.0406986 0.147874 0.783238
9 0.219192 0.820807 0.0225938 0.017173 0.750071
3 0.661585 0.437852 0.0286518 0.021537 0.749348
5 0.54448 0.736689 0.0247326 0.070505 0.717458
3 0.607124 0.479599 0.0179964 0.0306198 0.712696
5 0.517259 0.258453 0.0177641 0.0616099 0.673737
5 0.598098 0.410137 0.0424495 0.0280202 0.672698
9 0.675338 0.962668 0.0250212 0.0198552 0.661069
8 0.423427 0.523253 0.0594109 0.0487741 0.622374
9 0.247537 0.720787 0.0251624 0.0202298 0.616608
5 0.497314 0.278104 0.0176206 0.0655968 0.611552
9 0.226391 0.799367 0.0235614 0.0193416 0.609515
9 0.256231 0.687979 0.0215783 0.0155198 0.570237
9 0.46548 0.297702 0.00654602 0.0126216 0.568927
5 0.512809 0.178364 0.0136523 0.0327072 0.562718
9 0.248211 0.714909 0.0234961 0.0254664 0.5395
3 0.498015 0.155309 0.0104071 0.0175422 0.526289
4 0.598679 0.9647 0.0362322 0.0705673 0.525675
5 0.450675 0.391659 0.0163162 0.0400428 0.492206
5 0.498714 0.196006 0.0129293 0.0325146 0.481073
9 0.578744 0.612804 0.00623627 0.018586 0.465868
3 0.534928 0.234655 0.010015 0.0197025 0.452279
3 0.700629 0.315596 0.0293402 0.0163275 0.440293
9 0.675515 0.945871 0.0232 0.0194998 0.433679
3 0.509709 0.143632 0.00775338 0.011665 0.431846
3 0.498 0.104107 0.00877228 0.0143156 0.416794
9 0.202923 0.880824 0.0241074 0.0347509 0.39931
9 0.283784 0.49599 0.0205305 0.0193957 0.395928
5 0.541663 0.557535 0.0405498 0.147844 0.377595
9 0.289287 0.497362 0.0113057 0.0182217 0.377092
3 0.514605 0.21032 0.00858634 0.0134115 0.367778
3 0.497704 0.08565 0.00806885 0.0136243 0.352751
3 0.498005 0.127818 0.00880681 0.0175109 0.336966
5 0.400681 0.444295 0.0204414 0.0441327 0.332597
3 0.509099 0.119161 0.00741599 0.0122456 0.328316
3 0.5096 0.102376 0.00703544 0.0128604 0.305254
3 0.508392 0.0725891 0.00701904 0.0124075 0.297052
9 0.758452 0.922799 0.0157323 0.0361534 0.283805
6 0.546094 0.288545 0.0150352 0.0147207 0.28357
3 0.534088 0.229544 0.010433 0.0241353 0.280851
3 0.498284 0.142231 0.0092657 0.012226 0.27641
9 0.256953 0.677158 0.0216578 0.0162819 0.271292
3 0.497699 0.0786321 0.00793291 0.0122543 0.270077
3 0.106771 0.255145 0.0241753 0.0134604 0.261982
5 0.653217 0.309786 0.0466827 0.0223096 0.258095
7 0.244783 0.879302 0.0360296 0.0353894 0.253535
9 0.985851 0.966223 0.0267448 0.0250623 0.251588
