0 0.620265 0.590614 0.00989171 0.0295512 0.713615
0 0.608107 0.589154 0.0101543 0.0302969 0.648381
0 0.611924 0.347557 0.00853973 0.0283907 0.610524
0 0.620568 0.413131 0.0112873 0.028995 0.607732
0 0.601863 0.821613 0.00911216 0.0207853 0.543956
0 0.606256 0.964134 0.010171 0.0279422 0.514556
0 0.73072 0.101293 0.0113331 0.0337378 0.507375
0 0.628266 0.946477 0.00759456 0.0249278 0.498858
0 0.554766 0.0600043 0.00918239 0.0285678 0.498063
0 0.630724 0.886906 0.00889548 0.03116 0.484527
0 0.627389 0.678286 0.0109732 0.0279448 0.472325
9 0.36642 0.0421556 0.012279 0.0398132 0.46501
9 0.468629 0.15819 0.0113214 0.0322481 0.462932
9 0.420968 0.0659392 0.0154289 0.0311843 0.440529
9 0.296357 0.0720156 0.0123873 0.0408653 0.419823
9 0.371802 0.109339 0.0118696 0.0364493 0.41351
9 0.480674 0.189438 0.0107439 0.0391666 0.406517
9 0.455876 0.132791 0.0103617 0.034958 0.403742
1 0.707138 0.223384 0.0114583 0.0261973 0.402734
9 0.341668 0.0774473 0.0110318 0.0392624 0.388724
0 0.454535 0.0264305 0.00808027 0.0261919 0.379441
0 0.770231 0.133531 0.0127167 0.0381324 0.377216
9 0.74027 0.166859 0.0301033 0.0295893 0.375532
0 0.747201 0.0984874 0.0118059 0.0312364 0.370414
0 0.613276 0.349359 0.0109572 0.0280313 0.364858
9 0.439657 0.128787 0.0124809 0.0319837 0.364394
9 0.415393 0.125328 0.00815905 0.0318322 0.362963
9 0.356641 0.116235 0.0148246 0.0413149 0.347598
9 0.287097 0.0685086 0.00929738 0.0347356 0.347536
9 0.382945 0.1077 0.012987 0.0334739 0.344638
9 0.288021 0.0201347 0.0108646 0.033976 0.344193
0 0.555401 0.0367132 0.00927922 0.0329476 0.343976
9 0.295004 0.0202457 0.0139056 0.0354506 0.342202
9 0.344302 0.0338591 0.0129368 0.0412992 0.336681
9 0.426575 0.12803 0.0100679 0.033609 0.334257
9 0.555962 0.834143 0.0202889 0.0197384 0.33385
9 0.456818 0.185417 0.0107067 0.0361924 0.333239
9 0.34308 0.0262833 0.0125974 0.0386128 0.332564
9 0.354619 0.043178 0.0102296 0.0350424 0.328626
9 0.321031 0.094789 0.0136065 0.039047 0.328443
9 0.437347 0.129079 0.00976017 0.0308604 0.32744
9 0.483914 0.134312 0.00847809 0.0360713 0.326312
9 0.596498 0.866852 0.0124695 0.0554972 0.325196
9 0.595406 0.318247 0.00973703 0.0329433 0.321492
9 0.775934 0.0901622 0.0198056 0.0269773 0.317164
9 0.362583 0.0852954 0.0110708 0.0374662 0.31431
9 0.557946 0.974993 0.0217697 0.0191569 0.311214
9 0.597286 0.878929 0.00997389 0.0349008 0.306518
9 0.333554 0.0944463 0.0102533 0.0396684 0.305703
0 0.553784 0.0320638 0.011587 0.0336694 0.301915
9 0.361645 0.0921122 0.0109888 0.0416939 0.300034
7 0.463132 0.0667288 0.0188813 0.0453424 0.299786
9 0.580378 0.541699 0.00807552 0.034025 0.29842
9 0.772492 0.090901 0.0140727 0.0291072 0.296736
9 0.554083 0.786032 0.0192711 0.0181671 0.296682
9 0.468583 0.192465 0.00986808 0.0341755 0.295643
9 0.396034 0.132298 0.0143498 0.028607 0.294085
9 0.557585 0.921026 0.0229485 0.0196825 0.281076
9 0.256632 0.0376227 0.0141541 0.0472028 0.279927
9 0.282626 0.0178035 0.0144228 0.0345341 0.278307
0 0.704562 0.131135 0.0100116 0.0303196 0.276065
9 0.577474 0.305817 0.00789054 0.0353514 0.275062
0 0.622078 0.641996 0.00976506 0.0280524 0.273601
9 0.402885 0.0502072 0.0154446 0.0257513 0.27192
9 0.31157 0.0824718 0.011713 0.04482 0.265517
9 0.840599 0.159529 0.0180729 0.0407829 0.265249
9 0.556535 0.878887 0.0209808 0.0170156 0.264977
9 0.355713 0.12281 0.0139486 0.042896 0.25645
