3 0.200983 0.815667 0.043044 0.0636272 0.83052
8 0.120387 0.452351 0.05604 0.0713311 0.778816
3 0.44559 0.862218 0.0551601 0.0836939 0.77354
8 0.190819 0.560839 0.0383349 0.0569458 0.734468
3 0.918369 0.254471 0.0145077 0.020721 0.472815
3 0.16183 0.825935 0.0315059 0.0535742 0.453867
3 0.121279 0.33117 0.0217807 0.0238558 0.430429
0 0.496964 0.488319 0.00646218 0.017428 0.385599
4 0.161841 0.826127 0.0308021 0.0537262 0.358597
8 0.186545 0.605299 0.0476136 0.0661597 0.319437
5 0.923106 0.212986 0.020285 0.0327656 0.31832
3 0.195566 0.562479 0.0305263 0.0495203 0.257818
