3 0.158963 0.569674 0.109599 0.0702967 0.908906
3 0.726657 0.640907 0.116444 0.0778905 0.901353
3 0.594906 0.624562 0.122359 0.0726761 0.890163
3 0.261344 0.506158 0.0957823 0.0548927 0.860102
3 0.441974 0.583967 0.104676 0.0733022 0.858901
3 0.311595 0.562315 0.105216 0.0704649 0.849085
4 0.493749 0.480729 0.0723194 0.0624057 0.824124
3 0.239173 0.421153 0.0595671 0.0539911 0.713188
3 0.0347865 0.497325 0.0695623 0.0579991 0.69314
0 0.771336 0.585588 0.0125655 0.0421481 0.636583
3 0.984937 0.700877 0.0301266 0.0701037 0.553797
0 0.0381277 0.453642 0.0192798 0.0432484 0.549741
9 0.0900155 0.403474 0.0275981 0.0276136 0.533277
4 0.0352153 0.497268 0.0704306 0.0586485 0.443407
4 0.238153 0.421643 0.0579094 0.0545019 0.383462
2 0.0517316 0.395982 0.0243122 0.0235322 0.349689
2 0.0472059 0.395165 0.0318743 0.0245337 0.30331
