3 0.819332 0.421615 0.0473111 0.0390988 0.881314
3 0.607908 0.588283 0.0455401 0.0501858 0.880028
3 0.776624 0.746118 0.0529253 0.0531034 0.87828
3 0.684312 0.913545 0.0346645 0.082794 0.872789
3 0.827924 0.71741 0.0459478 0.0475126 0.869964
3 0.918703 0.371889 0.0480383 0.0389309 0.868231
3 0.458545 0.926873 0.0536183 0.0356673 0.855178
3 0.963786 0.585159 0.0427761 0.0429362 0.85388
3 0.977076 0.337093 0.0434698 0.0409298 0.852973
3 0.937894 0.647728 0.0505145 0.0446223 0.85049
3 0.702978 0.980638 0.035552 0.0386596 0.826019
3 0.887042 0.68405 0.0508915 0.0525966 0.803956
9 0.668518 0.703861 0.0182501 0.0175158 0.620058
4 0.884882 0.62915 0.0436369 0.0442029 0.552716
3 0.986383 0.609908 0.0272341 0.0457919 0.529682
9 0.7105 0.67126 0.024625 0.0176884 0.510085
9 0.729097 0.974795 0.0191133 0.0147664 0.449967
9 0.592826 0.493233 0.0167196 0.0244916 0.419489
8 0.954564 0.831526 0.0908728 0.325653 0.364763
9 0.661821 0.699711 0.0274572 0.0205781 0.323117
3 0.884799 0.629506 0.0441239 0.0425949 0.307871
0 0.384689 0.932301 0.00730469 0.0160608 0.287364
9 0.499358 0.63329 0.0317038 0.0311086 0.280694
