3 0.487958 0.81188 0.0229414 0.0739782 0.870397
3 0.318341 0.0931994 0.0262613 0.0161768 0.864771
3 0.202825 0.848861 0.051945 0.0293996 0.854358
5 0.448964 0.972836 0.0242786 0.0537435 0.853165
3 0.358937 0.608944 0.0182202 0.047528 0.8494
5 0.342236 0.72789 0.0254484 0.0766507 0.847189
5 0.474986 0.31788 0.0295202 0.147087 0.84472
5 0.3396 0.274662 0.0426985 0.0287045 0.841546
4 0.368993 0.492587 0.0425196 0.0300937 0.840794
3 0.325843 0.45675 0.0386315 0.0247986 0.840707
3 0.248033 0.806825 0.0494454 0.0295487 0.834441
3 0.256995 0.614671 0.0394664 0.0254191 0.832236
3 0.258091 0.587467 0.0386712 0.0254067 0.830826
3 0.304639 0.587401 0.0420654 0.0288577 0.830106
5 0.588094 0.742206 0.0633528 0.0376465 0.829023
3 0.444665 0.0283851 0.0109456 0.0258627 0.820741
3 0.30366 0.126565 0.0315504 0.018053 0.817384
3 0.270209 0.527193 0.0420464 0.0254295 0.798403
3 0.312987 0.106174 0.0282612 0.0174987 0.780687
4 0.298676 0.613075 0.0331093 0.0254473 0.770349
4 0.449605 0.873704 0.0227854 0.0758446 0.721067
5 0.582203 0.599441 0.0418035 0.0310135 0.708613
3 0.571182 0.63277 0.0352614 0.0279282 0.70535
3 0.401867 0.00584237 0.021757 0.0114025 0.686039
3 0.120626 0.521068 0.0413608 0.022314 0.682618
4 0.316994 0.183317 0.0282411 0.0352651 0.678431
3 0.355877 0.00643577 0.0139001 0.0126222 0.673259
3 0.402161 0.0245023 0.0212219 0.0171091 0.669855
5 0.318538 0.525952 0.0436558 0.0253488 0.666048
3 0.00937533 0.319484 0.0186234 0.021065 0.654417
3 0.264584 0.768052 0.0498189 0.0317808 0.620699
5 0.0173209 0.46082 0.0346417 0.0465106 0.592664
3 0.401294 0.112465 0.0133762 0.0339953 0.548957
3 0.449572 0.873743 0.0224091 0.0760872 0.538257
4 0.264567 0.767858 0.0497162 0.0315738 0.512345
3 0.318569 0.526358 0.0445498 0.0247999 0.459465
9 0.480874 0.0747155 0.00470245 0.0145485 0.44856
5 0.359008 0.396358 0.0162715 0.0382664 0.380274
5 0.322846 0.302315 0.0218357 0.0243866 0.334505
0 0.418163 0.407374 0.00720119 0.0141615 0.296637
9 0.451518 0.722751 0.00946895 0.0275381 0.281498
