8 0.48431 0.648362 0.070161 0.0921501 0.930695
5 0.411238 0.72619 0.0506822 0.060026 0.895413
5 0.5717 0.557724 0.0670738 0.0801211 0.889899
5 0.396979 0.566449 0.0574894 0.0759364 0.889438
3 0.301065 0.741229 0.0367652 0.0405111 0.876267
3 0.263949 0.840333 0.0435858 0.0350286 0.874902
3 0.603183 0.980948 0.0540329 0.0373211 0.873912
3 0.42833 0.593929 0.0305823 0.0323224 0.871184
5 0.406084 0.644942 0.0454086 0.0559576 0.869232
3 0.334181 0.783826 0.041251 0.0424877 0.850607
3 0.584299 0.655574 0.0321135 0.0306943 0.847229
3 0.519673 0.528071 0.0240988 0.0291145 0.845538
3 0.564955 0.68777 0.0341856 0.0346242 0.841221
3 0.600377 0.500648 0.0201083 0.0258804 0.838347
8 0.344585 0.576138 0.075015 0.0796525 0.837032
5 0.351431 0.694187 0.0495658 0.0557199 0.836906
3 0.732714 0.433981 0.0208447 0.0200978 0.829626
5 0.290936 0.708881 0.0548692 0.0675285 0.828698
3 0.578144 0.495691 0.0164886 0.0263921 0.826262
3 0.305511 0.667939 0.0347282 0.0352219 0.821578
3 0.2641 0.708586 0.0345848 0.0429143 0.817007
3 0.547277 0.501381 0.0198635 0.0256419 0.816073
3 0.634556 0.732031 0.0330534 0.0344203 0.813947
3 0.534817 0.538841 0.0191635 0.0251056 0.813655
3 0.532272 0.465693 0.0189186 0.0222592 0.80938
5 0.585391 0.579374 0.0366201 0.0432815 0.806538
5 0.344401 0.575377 0.0761217 0.078639 0.803391
3 0.478643 0.476023 0.0198706 0.0198591 0.792856
5 0.610144 0.420758 0.0250572 0.0305856 0.792565
3 0.45883 0.569408 0.0240249 0.0258593 0.784852
3 0.615049 0.627244 0.0290237 0.03274 0.78304
4 0.661632 0.582905 0.0332899 0.032776 0.78257
3 0.608974 0.471437 0.0131518 0.0284674 0.774489
5 0.497267 0.22317 0.0320883 0.0288768 0.773965
3 0.826325 0.360463 0.0166279 0.0116703 0.765993
8 0.367985 0.635459 0.0793006 0.080067 0.761236
5 0.47381 0.598425 0.0717245 0.0797052 0.758396
3 0.345107 0.628017 0.0327375 0.0346779 0.738298
3 0.627032 0.614866 0.0311826 0.0318478 0.722933
5 0.570769 0.465229 0.0249348 0.0360732 0.679655
5 0.771834 0.398634 0.0340237 0.0313477 0.676251
9 0.551331 0.780168 0.0177614 0.0135888 0.672773
3 0.662952 0.474787 0.0273832 0.0304218 0.670208
4 0.566053 0.517447 0.02453 0.0390872 0.666666
5 0.574346 0.240234 0.0344816 0.0260386 0.648829
4 0.635915 0.599947 0.0271765 0.0310175 0.642837
5 0.673689 0.280819 0.0259401 0.0232369 0.640972
9 0.550843 0.812833 0.0149647 0.0173617 0.631666
5 0.472907 0.230681 0.0346526 0.0278803 0.624248
3 0.6448 0.711513 0.0253559 0.0280534 0.607006
5 0.611642 0.253142 0.0353601 0.0259112 0.60109
3 0.484684 0.546366 0.0276081 0.0272866 0.566784
9 0.672359 0.972465 0.0135911 0.0255358 0.561311
5 0.36993 0.63489 0.0816417 0.08109 0.561004
3 0.698746 0.985635 0.0264571 0.02873 0.546203
5 0.416043 0.513627 0.0581549 0.058382 0.539851
9 0.185905 0.873069 0.0153124 0.0161639 0.535933
9 0.284134 0.786073 0.0190906 0.0173368 0.519538
7 0.213338 0.73 0.0176337 0.0277005 0.518517
3 0.539093 0.482485 0.0199854 0.0260323 0.516959
0 0.167354 0.672611 0.00635572 0.0138502 0.516591
8 0.416005 0.515595 0.0573586 0.0629068 0.494316
3 0.600254 0.635356 0.028666 0.0263629 0.475253
3 0.599116 0.639724 0.0297063 0.030224 0.457278
0 0.642347 0.669538 0.0063967 0.015121 0.449507
0 0.633825 0.686539 0.00668849 0.0170772 0.445895
3 0.668765 0.24322 0.0165772 0.0117503 0.438774
5 0.588659 0.230317 0.0348087 0.0208481 0.422081
9 0.273354 0.778659 0.0101463 0.0163824 0.417658
3 0.808935 0.241268 0.0131577 0.0107816 0.410393
5 0.48422 0.198037 0.0305189 0.0183172 0.397566
4 0.486806 0.552391 0.0277101 0.030908 0.396658
3 0.655711 0.229994 0.0176083 0.0124233 0.39229
9 0.615636 0.79288 0.01084 0.010912 0.384751
5 0.2594 0.177241 0.0416432 0.0226393 0.375575
5 0.622769 0.242352 0.0286238 0.0227708 0.372084
5 0.119494 0.148876 0.03636 0.0230472 0.370893
5 0.591745 0.308902 0.0221375 0.0228434 0.366685
5 0.574741 0.301729 0.0205508 0.0215372 0.363677
7 0.154589 0.730174 0.0179089 0.0276107 0.361292
3 0.604393 0.268836 0.0172607 0.0129479 0.357452
3 0.486786 0.552377 0.0273274 0.0303477 0.337369
4 0.627087 0.614972 0.0290187 0.0323707 0.323546
5 0.520269 0.21526 0.0255158 0.0172538 0.319889
3 0.691068 0.249528 0.0182285 0.0141968 0.314178
9 0.575206 0.829131 0.00795401 0.0183039 0.295642
3 0.565825 0.26057 0.0121405 0.0168681 0.289811
3 0.639575 0.731156 0.0299906 0.0340192 0.269095
9 0.661592 0.956109 0.0177996 0.0168038 0.263493
5 0.193997 0.160948 0.0270469 0.0210026 0.257175
