3 0.323338 0.548254 0.0804461 0.161546 0.91503
4 0.589633 0.225866 0.0990616 0.0821134 0.908737
4 0.520392 0.728322 0.10628 0.0830487 0.901256
3 0.559321 0.504308 0.114981 0.0759072 0.875964
3 0.616802 0.165235 0.0875936 0.0587377 0.864377
3 0.504163 0.853865 0.148549 0.115299 0.846697
3 0.492209 0.267761 0.0510325 0.113721 0.837
3 0.381132 0.143974 0.0939124 0.0654732 0.820782
3 0.570997 0.426315 0.115214 0.0650961 0.801304
3 0.630123 0.0198442 0.0747579 0.0396884 0.793138
9 0.333577 0.406117 0.0391944 0.0330386 0.744783
9 0.348778 0.206267 0.0351765 0.0312091 0.563007
3 0.341136 0.0607515 0.0749588 0.0455975 0.42499
9 0.304316 0.380929 0.0432646 0.0319743 0.324828
9 0.347894 0.214446 0.0334099 0.0286351 0.289749
0 0.864118 0.830675 0.0263576 0.0419788 0.288281
9 0.344701 0.236494 0.0307867 0.026635 0.275143
0 0.29722 0.769949 0.0195347 0.050746 0.252807
