3 0.611488 0.846299 0.0338333 0.152824 0.86609
3 0.591677 0.505522 0.0295277 0.107392 0.863542
3 0.510634 0.361299 0.0244711 0.0956384 0.845352
3 0.563812 0.708746 0.0312466 0.139951 0.839808
3 0.516847 0.564822 0.0258883 0.104258 0.832004
3 0.507878 0.233935 0.0235069 0.0819571 0.828306
3 0.549799 0.372647 0.0269645 0.10761 0.799148
4 0.527442 0.853097 0.0306379 0.141742 0.764739
3 0.527735 0.853898 0.0295879 0.140503 0.563151
0 0.295144 0.462857 0.00773544 0.0260968 0.533642
0 0.294547 0.376517 0.0077931 0.0293419 0.491343
0 0.289368 0.506934 0.00882921 0.0257982 0.472291
0 0.278467 0.423536 0.00843486 0.0261583 0.364045
0 0.269909 0.484458 0.00742617 0.025456 0.361796
0 0.28529 0.459101 0.00853853 0.0254821 0.357926
3 0.544991 0.032363 0.0220627 0.0630413 0.329991
0 0.276654 0.48943 0.00943584 0.025057 0.279734
0 0.27368 0.426038 0.0100349 0.0234595 0.269671
