0 0.363627 0.57827 0.0152869 0.0420197 0.756211
0 0.933524 0.440526 0.00989476 0.0237958 0.680423
0 0.797733 0.484117 0.0107229 0.0290989 0.668472
0 0.833974 0.469266 0.0105484 0.0256464 0.642421
0 0.984547 0.422125 0.0101585 0.0226209 0.601387
3 0.454997 0.338435 0.0241022 0.0150652 0.573764
0 0.805316 0.493505 0.00917201 0.0204062 0.437649
0 0.365755 0.512292 0.0122417 0.033778 0.404709
0 0.516195 0.359264 0.00594596 0.0139626 0.399826
0 0.877759 0.378577 0.00730469 0.0171675 0.395791
0 0.611883 0.350995 0.00540152 0.0144873 0.362764
0 0.864931 0.376409 0.00769348 0.0178036 0.305807
0 0.885115 0.381812 0.00560739 0.0175036 0.295123
0 0.863632 0.376214 0.00633894 0.0172475 0.269537
