3 0.117388 0.518686 0.0295814 0.0254113 0.808526
3 0.882404 0.39797 0.0243265 0.0196785 0.79663
3 0.683179 0.439846 0.026602 0.0206285 0.792041
3 0.916836 0.418563 0.0256706 0.0209139 0.779566
3 0.0636051 0.524242 0.031004 0.0307697 0.773943
3 0.28429 0.476911 0.029037 0.0245579 0.762725
3 0.575656 0.412471 0.0233175 0.0191453 0.727068
3 0.0841871 0.53181 0.0305179 0.0255999 0.725589
3 0.73799 0.479549 0.0176351 0.0321141 0.709798
3 0.446103 0.367889 0.012725 0.0257873 0.704255
3 0.677479 0.407122 0.0231152 0.0198992 0.678223
3 0.85904 0.403256 0.0241146 0.0163719 0.636222
3 0.828358 0.406116 0.0260456 0.0178184 0.616673
3 0.505301 0.379333 0.0172754 0.0190036 0.613682
3 0.406966 0.227438 0.00708282 0.0191689 0.607749
3 0.427272 0.242787 0.00800276 0.0160837 0.596291
3 0.822929 0.414305 0.0207374 0.0168079 0.587762
3 0.0580304 0.501093 0.0211744 0.0304454 0.587419
3 0.24545 0.487299 0.0330316 0.0229792 0.575804
3 0.501161 0.360605 0.0155926 0.0207827 0.573866
3 0.634171 0.408046 0.0227991 0.0208977 0.57191
3 0.702794 0.4064 0.0212814 0.019685 0.530894
3 0.319083 0.464994 0.028329 0.0247053 0.523873
3 0.925398 0.397698 0.028425 0.0208037 0.515378
3 0.672067 0.471986 0.0141088 0.0246354 0.50785
4 0.204784 0.495095 0.0235861 0.0214472 0.499267
0 0.471618 0.534575 0.00576839 0.0189268 0.494873
3 0.69514 0.46713 0.0194399 0.0222196 0.485944
3 0.821722 0.467199 0.0215376 0.0203697 0.485859
3 0.351619 0.455592 0.023261 0.0221512 0.469076
3 0.356574 0.438776 0.0275538 0.0215352 0.467513
3 0.767819 0.407962 0.0262694 0.0236985 0.464353
3 0.792758 0.39581 0.0203941 0.0184375 0.45807
3 0.0243182 0.607884 0.0344755 0.0251411 0.442618
3 0.604976 0.412647 0.0239543 0.0187068 0.433384
0 0.464899 0.715448 0.00770394 0.0154606 0.431039
0 0.659495 0.540891 0.00649737 0.0163957 0.430293
3 0.658436 0.406483 0.0181927 0.0195262 0.407305
3 0.88644 0.456487 0.0189739 0.0200104 0.399566
3 0.840583 0.430352 0.0207497 0.0186759 0.396548
3 0.942425 0.441153 0.0210455 0.0189526 0.39258
3 0.358905 0.180695 0.00846043 0.0158676 0.388803
3 0.380662 0.102917 0.00779258 0.016255 0.386889
4 0.319258 0.46511 0.0286927 0.0250983 0.376038
3 0.468332 0.324579 0.0193902 0.0192725 0.371687
3 0.426172 0.215384 0.0106249 0.0137405 0.366424
3 0.172798 0.504177 0.0315603 0.0280675 0.363687
3 0.367456 0.0835092 0.00729675 0.010895 0.360176
3 0.863885 0.401036 0.0184609 0.0177788 0.348828
0 0.497977 0.706877 0.00845354 0.0180136 0.348374
3 0.605241 0.40882 0.0245418 0.0185041 0.345713
0 0.507526 0.706366 0.00496137 0.018249 0.34518
3 0.955302 0.458055 0.0248285 0.0241231 0.337882
0 0.658901 0.545574 0.00543383 0.0192706 0.328741
3 0.137643 0.556855 0.0356781 0.0253142 0.326276
3 0.537317 0.392842 0.0170084 0.0213927 0.323492
0 0.472391 0.535553 0.00560102 0.0191951 0.321975
3 0.672381 0.478225 0.0139297 0.0257779 0.320552
0 0.45749 0.551224 0.00513689 0.0186185 0.315803
3 0.488603 0.337282 0.0152358 0.0193167 0.31234
0 0.647111 0.506416 0.00673636 0.0177675 0.311179
3 0.393541 0.136685 0.00842337 0.0120967 0.309253
3 0.838548 0.447702 0.0208671 0.0187945 0.306266
3 0.425623 0.207976 0.011665 0.0162181 0.306208
0 0.50878 0.747232 0.00558358 0.0228084 0.305001
3 0.386067 0.130833 0.00969761 0.0129905 0.302118
3 0.397253 0.180271 0.00803432 0.0153048 0.292646
0 0.490039 0.986607 0.00744725 0.0218706 0.2922
3 0.377969 0.100136 0.00789389 0.010507 0.291693
3 0.822799 0.460306 0.0247559 0.0195834 0.275171
3 0.361688 0.202938 0.00763702 0.0164978 0.273845
3 0.368111 0.0751513 0.0071887 0.0170542 0.27181
0 0.615771 0.667192 0.00605678 0.01853 0.269621
0 0.606126 0.663792 0.005562 0.0189726 0.26949
3 0.219378 0.548318 0.0265346 0.0189624 0.26797
3 0.419979 0.29735 0.00975455 0.0176948 0.266171
3 0.929906 0.460468 0.021547 0.0216282 0.265665
3 0.00509364 0.539779 0.0100381 0.0201469 0.263891
3 0.419182 0.329653 0.0107498 0.0163303 0.263531
3 0.840148 0.444815 0.0237163 0.0197828 0.262523
3 0.486674 0.335538 0.0140698 0.0192732 0.262068
3 0.222956 0.547133 0.0239097 0.0200099 0.259398
3 0.423075 0.194792 0.00914917 0.0117284 0.253413
