3 0.471995 0.597122 0.0424759 0.0320773 0.867441
3 0.77253 0.576051 0.0422787 0.0252785 0.866179
3 0.690662 0.705362 0.0562536 0.0375544 0.862892
3 0.583423 0.674849 0.051986 0.0378017 0.856564
3 0.318782 0.606789 0.0456649 0.0327754 0.846307
3 0.424544 0.511556 0.032273 0.0189213 0.846073
3 0.0595281 0.544425 0.0207938 0.0283579 0.837659
3 0.635689 0.550873 0.037386 0.022076 0.819924
3 0.683773 0.671748 0.0477039 0.0341082 0.819187
3 0.833167 0.588576 0.0483357 0.0273226 0.813354
3 0.924322 0.605402 0.044664 0.028259 0.800864
3 0.527413 0.526674 0.0370035 0.0211376 0.795608
3 0.694369 0.561065 0.0324213 0.0208786 0.787111
3 0.0943607 0.512011 0.0318703 0.0187097 0.781768
3 0.89137 0.579732 0.0462425 0.0238735 0.771145
8 0.356463 0.488008 0.0744698 0.043548 0.76093
3 0.271829 0.594523 0.0468009 0.0304321 0.758711
3 0.200155 0.489267 0.029455 0.0178817 0.748868
3 0.649132 0.637286 0.0504286 0.0316646 0.742424
4 0.454975 0.495539 0.0416952 0.0329975 0.73842
3 0.883933 0.594831 0.0317638 0.0233251 0.728515
3 0.475324 0.520708 0.0276571 0.0175716 0.725548
3 0.58434 0.540581 0.036692 0.023319 0.723033
3 0.238296 0.453864 0.0228711 0.018181 0.708191
3 0.37674 0.514914 0.0241742 0.0198156 0.690627
3 0.374639 0.576114 0.0358069 0.0228648 0.670481
3 0.269533 0.566568 0.0414763 0.0264065 0.668021
3 0.0554525 0.437486 0.0182605 0.015176 0.636888
4 0.382152 0.623159 0.0428596 0.0381655 0.626555
0 0.755294 0.544162 0.00641157 0.02018 0.591996
3 0.588387 0.537072 0.0441095 0.0252514 0.591542
3 0.222585 0.446601 0.0192142 0.0171673 0.552109
3 0.183835 0.463016 0.0186507 0.0176657 0.514345
3 0.570486 0.514441 0.03549 0.0212394 0.485047
3 0.267574 0.549146 0.0367182 0.0217578 0.458181
3 0.320894 0.413284 0.017386 0.0138881 0.435824
3 0.219562 0.448411 0.0220857 0.0168355 0.375999
3 0.303899 0.42185 0.0178422 0.0145039 0.373817
3 0.233505 0.585911 0.0331402 0.0268236 0.355271
0 0.104183 0.71499 0.00881062 0.0249842 0.350819
3 0.219557 0.521245 0.0288268 0.0188241 0.32026
3 0.204368 0.489133 0.0344686 0.0211221 0.309285
3 0.255235 0.58766 0.068066 0.0312738 0.299185
3 0.977375 0.720601 0.0449196 0.0362679 0.293399
3 0.159152 0.456572 0.0211256 0.0181128 0.283546
3 0.33573 0.381078 0.0142819 0.0122947 0.279878
3 0.288837 0.447924 0.0194003 0.0168563 0.269751
3 0.264796 0.592297 0.0574203 0.0350817 0.263494
3 0.108881 0.445976 0.0191181 0.0147039 0.257589
1 0.088497 0.775107 0.0106821 0.0215131 0.251603
