3 0.604061 0.563442 0.0560242 0.0352898 0.841924
4 0.82874 0.964715 0.0655752 0.0700509 0.829783
4 0.439237 0.441442 0.0350481 0.0292916 0.824047
9 0.82551 0.838672 0.0275477 0.0439069 0.780943
4 0.404821 0.310324 0.0133119 0.0341236 0.771239
3 0.0591894 0.437394 0.0391413 0.0386295 0.754879
3 0.147961 0.280035 0.0292073 0.0151788 0.749347
9 0.773165 0.744844 0.0130765 0.0433385 0.716508
4 0.476101 0.759678 0.0611252 0.186798 0.692626
3 0.152188 0.359077 0.038254 0.018955 0.68437
3 0.466775 0.421835 0.021356 0.0339468 0.658239
3 0.168456 0.339048 0.0372907 0.0179578 0.655074
3 0.101868 0.343478 0.0365909 0.0186753 0.619904
3 0.181703 0.319401 0.0324828 0.0159782 0.597885
3 0.131551 0.30563 0.0312465 0.0157109 0.58315
3 0.201157 0.286782 0.0278215 0.0163082 0.566992
5 0.475596 0.760803 0.0618386 0.185518 0.563707
3 0.230237 0.280871 0.0163541 0.0199602 0.550954
3 0.214619 0.312035 0.0207651 0.0207797 0.549123
3 0.125479 0.307123 0.0330421 0.0156993 0.542788
3 0.107295 0.340547 0.0374506 0.0159657 0.533253
3 0.112502 0.329375 0.0365775 0.0155252 0.530718
3 0.1934 0.307209 0.0231659 0.0139008 0.511374
0 0.53084 0.714507 0.00915261 0.031704 0.490228
9 0.791971 0.736284 0.0211452 0.0396007 0.434539
3 0.117159 0.316751 0.0332903 0.0160654 0.432464
0 0.552435 0.460897 0.00770006 0.0234528 0.432149
3 0.126144 0.303392 0.028419 0.0143227 0.425895
3 0.160166 0.265814 0.0256678 0.0151606 0.42464
3 0.210048 0.268141 0.0256178 0.0140156 0.424612
3 0.208863 0.273236 0.0250928 0.0141816 0.42232
3 0.179468 0.324904 0.032935 0.0162347 0.416258
8 0.443753 0.246284 0.0197605 0.029991 0.412729
3 0.123188 0.310012 0.0326577 0.0146085 0.406486
3 0.216809 0.254603 0.0231516 0.0139248 0.373365
3 0.256574 0.152076 0.00752202 0.0125209 0.337039
3 0.155277 0.356389 0.035616 0.0177559 0.306752
0 0.496943 0.339818 0.00655823 0.0172961 0.305083
3 0.215207 0.26006 0.0226316 0.0119961 0.301427
3 0.158822 0.268044 0.0251743 0.014676 0.297648
4 0.418344 0.180099 0.0140195 0.0194031 0.295837
9 0.518677 0.587932 0.0122057 0.0345612 0.290514
3 0.125331 0.299877 0.03118 0.0164569 0.28391
3 0.550423 0.210162 0.0172991 0.0124176 0.278819
3 0.187612 0.315255 0.0275279 0.0142218 0.27768
3 0.213413 0.309029 0.0204445 0.017534 0.266232
9 0.415699 0.40039 0.00674665 0.0190741 0.259686
