3 0.19546 0.681801 0.115509 0.112987 0.909517
5 0.288965 0.477593 0.090768 0.105573 0.90404
3 0.582743 0.647091 0.0476627 0.0823051 0.901753
3 0.774625 0.938234 0.0759108 0.123458 0.890558
3 0.741557 0.707295 0.0604778 0.0983713 0.88962
3 0.96603 0.678147 0.0645153 0.0944206 0.878922
3 0.943429 0.602697 0.0600019 0.0689336 0.865844
3 0.60666 0.557063 0.0810764 0.0592392 0.857448
3 0.728676 0.499375 0.0358264 0.0491851 0.852343
3 0.657365 0.501809 0.0373203 0.048359 0.851497
3 0.740791 0.448725 0.0297175 0.0400411 0.849215
3 0.674461 0.609946 0.0462862 0.0734395 0.836859
3 0.0943242 0.634311 0.111061 0.100321 0.833802
4 0.516983 0.668506 0.0603303 0.106689 0.833375
4 0.509622 0.531747 0.0813257 0.0766499 0.831985
3 0.915875 0.539746 0.0457584 0.0517965 0.828462
3 0.48623 0.459272 0.04282 0.0520116 0.817982
3 0.693333 0.450441 0.0320768 0.0418808 0.812166
3 0.585624 0.410048 0.0573117 0.0312594 0.802624
3 0.727478 0.583486 0.039894 0.0669974 0.8014
3 0.88977 0.768369 0.11644 0.136062 0.794694
3 0.427449 0.475116 0.0488217 0.0595843 0.790567
3 0.50168 0.408437 0.0430626 0.040552 0.786613
3 0.539001 0.372623 0.0335187 0.0359121 0.784983
3 0.804106 0.388339 0.024093 0.0299605 0.777586
3 0.919916 0.387478 0.023077 0.0283741 0.769072
3 0.890357 0.423253 0.0311226 0.0282933 0.755906
3 0.70412 0.414338 0.027605 0.0347363 0.743085
0 0.931717 0.412485 0.0105518 0.0301315 0.742536
3 0.360978 0.45396 0.0619369 0.0463692 0.736588
0 0.820787 0.677258 0.0185514 0.0504694 0.724635
3 0.937837 0.742741 0.113873 0.119498 0.713227
3 0.588678 0.471421 0.0384954 0.0484813 0.711886
3 0.801493 0.633658 0.048613 0.0799187 0.704304
8 0.746736 0.342009 0.0339771 0.0463273 0.700646
3 0.485933 0.347515 0.0285582 0.0253544 0.686534
3 0.710794 0.35271 0.0250215 0.026951 0.682714
3 0.787736 0.43912 0.0327442 0.034698 0.680896
3 0.883333 0.40106 0.0220713 0.0259502 0.678169
3 0.364847 0.360682 0.0412358 0.0246341 0.675968
3 0.733131 0.397936 0.0240173 0.0288661 0.656386
4 0.415912 0.371938 0.0307817 0.0423898 0.652002
3 0.729465 0.374801 0.0241721 0.0274462 0.644617
3 0.616387 0.35769 0.0250311 0.027581 0.633503
3 0.763986 0.395011 0.0206122 0.0316175 0.630924
3 0.338854 0.412155 0.052307 0.0394328 0.61656
8 0.760751 0.306405 0.024098 0.037206 0.611289
0 0.408574 0.424597 0.00961256 0.0289838 0.586333
3 0.47117 0.370008 0.0367493 0.0300044 0.554536
3 0.538399 0.324689 0.0249734 0.026372 0.553015
3 0.577582 0.336649 0.0212561 0.0225357 0.535144
0 0.865407 0.330201 0.00687596 0.0212252 0.523917
0 0.959446 0.413301 0.00944711 0.0242952 0.518526
3 0.688113 0.392063 0.0304591 0.0309513 0.511296
0 0.554593 0.481253 0.0106792 0.0367456 0.507481
3 0.904419 0.478529 0.0356842 0.0471103 0.499142
3 0.566256 0.355187 0.0255995 0.0301084 0.493665
3 0.812551 0.433778 0.0338563 0.0298589 0.487978
3 0.691352 0.364016 0.0252532 0.0310428 0.479855
3 0.267795 0.444388 0.0453758 0.045679 0.476706
0 0.918533 0.346007 0.0109497 0.0211854 0.473859
0 0.422876 0.420586 0.00903346 0.0310447 0.439041
0 0.392619 0.423919 0.0109294 0.0282087 0.434305
3 0.90636 0.37008 0.0227149 0.0267553 0.424943
3 0.346843 0.39769 0.036772 0.0269041 0.423296
0 0.895827 0.338707 0.00784345 0.0220215 0.414284
3 0.521414 0.347469 0.0259423 0.0250564 0.409938
3 0.710598 0.310002 0.0192057 0.0236534 0.397431
9 0.0554499 0.539202 0.0376952 0.0327881 0.389319
3 0.541897 0.261967 0.0195517 0.0135626 0.380799
3 0.657908 0.242683 0.0127926 0.0114872 0.378869
5 0.792841 0.343616 0.0303878 0.0451137 0.374263
0 0.978313 0.422594 0.0114321 0.0237047 0.36338
3 0.890552 0.440325 0.0319508 0.0307701 0.357221
3 0.657753 0.269416 0.013507 0.0183555 0.352202
0 0.965238 0.418728 0.00843427 0.0261056 0.349883
3 0.767789 0.269303 0.0143098 0.0157146 0.313015
3 0.583287 0.315499 0.0200422 0.0209564 0.308801
3 0.570075 0.281144 0.0226639 0.0209324 0.308643
0 0.425435 0.420949 0.011651 0.0304407 0.306821
5 0.794105 0.331538 0.0323023 0.0666592 0.303472
3 0.638919 0.270196 0.0143576 0.0193587 0.302722
3 0.529336 0.34308 0.0242242 0.0250413 0.297728
3 0.394105 0.348843 0.0277867 0.0216034 0.296047
3 0.635349 0.266625 0.0168844 0.0178535 0.281528
3 0.635192 0.270639 0.0171434 0.0209044 0.28149
0 0.916908 0.346588 0.0112571 0.0195793 0.281133
3 0.876385 0.285411 0.0165695 0.0184877 0.280426
0 0.901776 0.439248 0.0112497 0.0252892 0.280109
4 0.33795 0.411901 0.0525662 0.0390642 0.272658
3 0.660643 0.263865 0.0156009 0.0172451 0.269353
5 0.797661 0.320842 0.0265766 0.0462805 0.267242
0 0.964193 0.415026 0.0100311 0.0257304 0.266408
3 0.753173 0.25517 0.00941921 0.0138202 0.266021
3 0.66802 0.257385 0.0136145 0.0155834 0.260758
5 0.66638 0.342472 0.0280682 0.0334161 0.257745
3 0.535929 0.26085 0.0252432 0.0141216 0.256688
0 0.768619 0.428593 0.0133034 0.025963 0.252087
