3 0.44589 0.586311 0.132937 0.126049 0.921615
5 0.677287 0.242852 0.0526665 0.0772932 0.864945
3 0.67913 0.354369 0.0593772 0.0635592 0.853876
3 0.819406 0.208021 0.0288446 0.0337681 0.837156
3 0.0803115 0.591354 0.122194 0.0948036 0.832398
3 0.650852 0.409134 0.101606 0.0570829 0.805208
4 0.346705 0.465949 0.11178 0.0833256 0.801591
3 0.520165 0.4199 0.0614883 0.0776176 0.796141
3 0.576262 0.370374 0.0498977 0.0617151 0.78297
3 0.245449 0.510555 0.113007 0.082476 0.764457
3 0.584949 0.471507 0.0924961 0.0903004 0.731823
3 0.933561 0.370908 0.0524515 0.0560922 0.727074
0 0.615863 0.493976 0.0170439 0.0531919 0.713498
0 0.372612 0.504652 0.020888 0.0544868 0.700207
0 0.167316 0.914334 0.0438051 0.096808 0.693614
3 0.51573 0.512899 0.0834147 0.0882717 0.684817
0 0.611401 0.284973 0.00945317 0.036529 0.671202
0 0.152549 0.941073 0.0385904 0.0765093 0.664097
0 0.344364 0.639572 0.02228 0.0762678 0.662981
3 0.848159 0.138885 0.0195999 0.0178987 0.660163
0 0.621603 0.223558 0.00767094 0.0268701 0.648072
0 0.621872 0.285434 0.00881204 0.0341098 0.647446
3 0.615084 0.330134 0.0437269 0.0562784 0.645297
4 0.0376956 0.890939 0.0749424 0.190873 0.620877
3 0.0375237 0.891377 0.0749726 0.194431 0.554263
4 0.857235 0.236237 0.0329346 0.0446329 0.542401
3 0.669772 0.30936 0.0520241 0.0471626 0.539177
0 0.497377 0.399927 0.0147615 0.0417901 0.495495
4 0.727136 0.216075 0.0287085 0.0472473 0.477008
0 0.722307 0.281329 0.0104225 0.0312031 0.475278
0 0.988798 0.271944 0.0134462 0.0345018 0.472659
0 0.642163 0.220027 0.00884888 0.031219 0.445765
4 0.678664 0.173206 0.0391479 0.0257452 0.440798
4 0.72272 0.224152 0.0376629 0.0581286 0.439988
0 0.984269 0.254961 0.0135586 0.0347032 0.430499
4 0.515974 0.512971 0.0815222 0.0873668 0.421333
4 0.714093 0.1539 0.0431161 0.025925 0.415986
0 0.185435 0.33364 0.0131654 0.0368866 0.410506
9 0.587373 0.268373 0.0182453 0.0254856 0.408496
3 0.884949 0.161155 0.0202116 0.0247503 0.405061
4 0.670211 0.308668 0.0512947 0.0449232 0.38732
4 0.726391 0.130782 0.031109 0.0213529 0.386338
3 0.906686 0.107195 0.0109567 0.01665 0.371698
3 0.753586 0.180375 0.0263103 0.0303029 0.367904
4 0.973654 0.196846 0.0424346 0.0351791 0.364222
4 0.58483 0.469961 0.0914305 0.0881115 0.340049
3 0.750114 0.121035 0.0303699 0.0181253 0.331018
9 0.584234 0.268661 0.0155146 0.0263639 0.328212
0 0.960536 0.27374 0.0154427 0.0306611 0.327404
4 0.753622 0.179692 0.0269019 0.0300498 0.323148
0 0.90822 0.364031 0.0212192 0.0427069 0.322717
0 0.995013 0.329539 0.00997489 0.0370725 0.320002
0 0.690757 0.189382 0.00894222 0.0220585 0.313679
3 0.897775 0.103288 0.0141883 0.0169861 0.311076
3 0.883974 0.125013 0.0169278 0.0239409 0.30749
1 0.801158 0.285658 0.0173275 0.0387015 0.296787
3 0.886529 0.148743 0.0180813 0.0227106 0.285694
9 0.716051 0.309989 0.0251839 0.0411733 0.281411
3 0.888075 0.144265 0.0173934 0.019439 0.281103
9 0.169488 0.40679 0.0341249 0.0352136 0.280397
0 0.40549 0.233173 0.00971396 0.0280352 0.261649
9 0.166448 0.37757 0.0342131 0.0313859 0.261077
3 0.79802 0.13243 0.0198735 0.0172816 0.260648
4 0.689835 0.169131 0.0458921 0.0254849 0.255476
0 0.988751 0.254325 0.0132393 0.0334557 0.252012
0 0.992935 0.330242 0.0141305 0.0374061 0.250065
