9 0.455691 0.905677 0.0134791 0.0327198 0.447732
9 0.488911 0.917704 0.0149191 0.0462 0.445725
5 0.235365 0.422129 0.0170982 0.0775449 0.404212
9 0.556697 0.886038 0.00893533 0.0333793 0.379622
9 0.468252 0.928227 0.0114998 0.0300982 0.350215
9 0.484494 0.685241 0.0116305 0.0356574 0.350013
9 0.472483 0.914837 0.0107963 0.0449086 0.346084
9 0.430808 0.917631 0.0100783 0.0264782 0.340848
9 0.530376 0.885955 0.00861511 0.0431763 0.326254
9 0.44257 0.88373 0.0146204 0.0203338 0.322433
9 0.437505 0.91755 0.0074568 0.0260289 0.301495
9 0.502684 0.901664 0.0127916 0.0482851 0.296393
9 0.485886 0.917319 0.016618 0.0435013 0.294722
9 0.466067 0.737727 0.0141634 0.0349499 0.257396
