0 0.7306 0.0558842 0.0129171 0.0412214 0.778826
9 0.419792 0.555892 0.0197403 0.0474749 0.663761
0 0.766733 0.0804584 0.0146837 0.0432918 0.661603
0 0.592828 0.324824 0.010752 0.0271142 0.644572
0 0.62633 0.316603 0.0114565 0.0352652 0.627744
6 0.717474 0.137411 0.0234324 0.0634753 0.626554
0 0.607437 0.31993 0.0110039 0.0302235 0.607678
9 0.407833 0.630123 0.0151665 0.0401814 0.555017
9 0.379345 0.910541 0.0268273 0.0264325 0.507956
9 0.328148 0.769448 0.018235 0.0352907 0.502365
0 0.756335 0.152669 0.0133644 0.0362556 0.47868
9 0.497537 0.540542 0.0103472 0.033823 0.471441
0 0.760487 0.129743 0.0113836 0.0280743 0.452349
9 0.469427 0.521685 0.0206956 0.046248 0.448908
9 0.442271 0.539543 0.0129726 0.0416372 0.445413
9 0.35723 0.693315 0.0162641 0.0365848 0.443803
9 0.392515 0.659597 0.015737 0.0363357 0.435622
9 0.205898 0.966012 0.0230193 0.0260123 0.428362
9 0.673446 0.193928 0.0146425 0.0446943 0.426633
9 0.442791 0.699278 0.016058 0.0536298 0.422747
9 0.309719 0.976116 0.0166443 0.0313443 0.416518
9 0.333391 0.74431 0.0223704 0.036707 0.412782
9 0.236401 0.952378 0.0268843 0.0314325 0.409055
9 0.472602 0.518778 0.0158995 0.0451282 0.398577
0 0.781792 0.108084 0.0134209 0.0439212 0.395595
9 0.319677 0.817053 0.0149704 0.0354514 0.395228
9 0.387707 0.702312 0.0171402 0.0356043 0.395219
9 0.375898 0.780812 0.0170926 0.0278609 0.393435
9 0.369529 0.665018 0.0250553 0.0387031 0.390949
9 0.376006 0.659572 0.0209399 0.0361679 0.390697
9 0.367478 0.727331 0.0165916 0.0282888 0.385881
9 0.32662 0.764172 0.0206574 0.0420353 0.385128
0 0.793407 0.0771568 0.0166973 0.0397308 0.382062
9 0.387045 0.631355 0.0214804 0.0326705 0.38104
0 0.360401 0.855316 0.0109801 0.0233813 0.378466
9 0.3487 0.778605 0.0130975 0.0252547 0.376066
9 0.387817 0.577964 0.0319743 0.0423063 0.373714
9 0.337574 0.747172 0.0264113 0.0380282 0.371569
9 0.379891 0.90419 0.0269299 0.0283373 0.367199
9 0.446789 0.509902 0.0227833 0.0420199 0.358911
9 0.407759 0.635596 0.0125351 0.032764 0.35795
9 0.382391 0.653537 0.0251433 0.0342792 0.356367
0 0.543889 0.497572 0.0121683 0.0253296 0.355141
9 0.287726 0.78938 0.0255493 0.0411869 0.350804
0 0.506316 0.552216 0.0107373 0.0242061 0.349678
9 0.367659 0.831505 0.0229156 0.0206285 0.345335
9 0.406152 0.588653 0.0138317 0.0308106 0.330996
9 0.4546 0.472638 0.0261614 0.0472481 0.329794
0 0.725036 0.233247 0.0185173 0.0373862 0.329751
0 0.457214 0.804198 0.00877951 0.0177646 0.328583
9 0.341985 0.65947 0.0158858 0.0368642 0.32586
1 0.67591 0.16159 0.0123747 0.0309705 0.325832
9 0.488701 0.540935 0.0110056 0.0346802 0.324797
9 0.253799 0.899701 0.0325766 0.0290468 0.323373
0 0.504367 0.481442 0.0104818 0.0185999 0.321132
9 0.387913 0.641359 0.0233456 0.0369149 0.319482
0 0.778145 0.0986469 0.0150278 0.0329024 0.306142
9 0.486785 0.538138 0.0110792 0.0283981 0.296991
6 0.747836 0.366942 0.0347452 0.0914504 0.296613
9 0.450063 0.50078 0.0227993 0.0343018 0.293306
0 0.375125 0.871995 0.0182474 0.0215652 0.290167
9 0.750869 0.30748 0.0242004 0.0346228 0.290136
9 0.695372 0.38244 0.0285763 0.0273649 0.289317
9 0.283531 0.859339 0.0168717 0.0289778 0.284237
9 0.43262 0.536634 0.0133957 0.0380119 0.283309
9 0.464743 0.733166 0.016346 0.0367768 0.280724
9 0.500479 0.543644 0.0117062 0.0322202 0.277576
9 0.30622 0.829136 0.0171063 0.0252047 0.276985
9 0.317581 0.810082 0.015213 0.037394 0.276336
0 0.434808 0.798159 0.00716705 0.0136463 0.274054
0 0.787333 0.109073 0.0134889 0.0399017 0.26583
9 0.304985 0.735809 0.0195441 0.0380787 0.260348
