0 0.36657 0.513816 0.00908112 0.0184789 0.496215
0 0.45241 0.557945 0.00976868 0.0290131 0.470085
0 0.365665 0.496379 0.00828581 0.0228788 0.386816
0 0.582652 0.428309 0.00858669 0.0195639 0.363779
0 0.202103 0.905085 0.0132761 0.0281017 0.339761
0 0.199328 0.892475 0.0155348 0.0267637 0.325087
0 0.504577 0.539074 0.00973188 0.0169181 0.311789
7 0.318085 0.603414 0.0280451 0.0371062 0.309037
1 0.619318 0.321171 0.011904 0.0221754 0.293497
9 0.567995 0.121657 0.0143988 0.0416928 0.278886
0 0.494139 0.452003 0.0069805 0.0249541 0.25172
