3 0.558868 0.908374 0.0451393 0.119274 0.879479
3 0.194877 0.95572 0.116618 0.0835825 0.871013
3 0.441421 0.417844 0.0191713 0.0420846 0.792872
3 0.463816 0.245427 0.0121544 0.0205667 0.7831
3 0.514409 0.413848 0.0199221 0.0368747 0.78258
5 0.465977 0.280347 0.0205993 0.0514178 0.780484
3 0.465052 0.203903 0.0120403 0.0218052 0.770318
3 0.0706082 0.961509 0.137838 0.0767262 0.768682
3 0.538705 0.407777 0.0201801 0.0390578 0.76431
3 0.531658 0.366318 0.0181359 0.030639 0.730606
3 0.525755 0.5107 0.0240801 0.0505246 0.724901
5 0.547132 0.723285 0.0467242 0.165681 0.687845
3 0.513118 0.380475 0.0178036 0.0294115 0.681695
3 0.461816 0.35688 0.0156054 0.0372346 0.617477
3 0.415513 0.539037 0.0543195 0.0518171 0.599224
3 0.511231 0.209926 0.0121531 0.0224034 0.591472
8 0.546942 0.723666 0.047085 0.164871 0.582523
5 0.430925 0.587964 0.0396067 0.111101 0.541955
3 0.473163 0.134527 0.0170553 0.0170248 0.515502
3 0.49566 0.118726 0.0128215 0.0159964 0.50203
3 0.439028 0.34504 0.0136203 0.0337416 0.475116
3 0.461668 0.321701 0.0145954 0.0287774 0.448063
3 0.514819 0.245541 0.0136204 0.0224059 0.434852
3 0.468948 0.177051 0.00833073 0.0203096 0.429367
3 0.510523 0.195914 0.0117476 0.0164747 0.410857
3 0.17211 0.801326 0.116091 0.082079 0.408081
3 0.507701 0.176921 0.0137201 0.0170738 0.403872
3 0.44087 0.11425 0.0181087 0.016711 0.356188
3 0.466147 0.150384 0.0132209 0.019396 0.334283
3 0.51557 0.264956 0.0147992 0.0277613 0.30677
3 0.496197 0.0649978 0.0150841 0.0128753 0.283659
3 0.504606 0.118892 0.0255583 0.0160937 0.275469
3 0.529528 0.128608 0.0214718 0.0151198 0.251977
