3 0.138167 0.689105 0.119875 0.0871548 0.919312
3 0.485409 0.678177 0.073238 0.123903 0.917644
3 0.643749 0.726027 0.0652803 0.149301 0.912763
3 0.215641 0.566086 0.0926278 0.0695175 0.880062
4 0.311287 0.446372 0.0641361 0.0560061 0.879654
4 0.250746 0.517295 0.0841221 0.0721665 0.860887
3 0.446642 0.27395 0.0567682 0.0343071 0.849867
9 0.427757 0.879961 0.035898 0.0700035 0.832568
3 0.36792 0.364905 0.0685615 0.0436253 0.830145
3 0.461307 0.248007 0.0491963 0.0298177 0.782254
3 0.49553 0.20063 0.0460949 0.0296019 0.696706
0 0.296293 0.697658 0.0184279 0.0539358 0.696234
0 0.372314 0.774061 0.020554 0.0501885 0.571191
0 0.415923 0.375358 0.0108838 0.0303655 0.529578
3 0.64183 0.0233921 0.0124861 0.0150143 0.481207
1 0.427051 0.873383 0.033651 0.0576019 0.465219
9 0.456002 0.834867 0.0373606 0.0462619 0.421245
4 0.49569 0.199608 0.0465233 0.03122 0.420198
1 0.457903 0.83098 0.0293277 0.0466318 0.376555
3 0.501058 0.187911 0.0434536 0.022189 0.309362
5 0.501719 0.434397 0.0454954 0.0772069 0.296164
3 0.61714 0.0537539 0.0130281 0.0128247 0.285833
3 0.626236 0.005034 0.0187988 0.010068 0.279846
0 0.413791 0.370814 0.0114668 0.0313666 0.266174
1 0.455616 0.827783 0.0210703 0.042011 0.254683
