3 0.49916 0.130675 0.0324421 0.0802978 0.878761
3 0.480911 0.611364 0.0258022 0.110046 0.867826
5 0.514002 0.755349 0.0398398 0.228514 0.86552
3 0.546817 0.628002 0.0284164 0.114856 0.860448
3 0.54201 0.391783 0.0266613 0.0935889 0.856874
3 0.459019 0.0737092 0.0256182 0.0649467 0.848446
3 0.467255 0.219169 0.0269673 0.0755316 0.845471
3 0.529415 0.284102 0.02587 0.0707117 0.843996
3 0.549866 0.909239 0.0295775 0.132613 0.835164
4 0.473357 0.0319723 0.0311556 0.0639447 0.823282
3 0.516152 0.958431 0.0268815 0.0795622 0.797863
3 0.51495 0.451076 0.024757 0.0939306 0.787914
3 0.546913 0.515197 0.0281863 0.103216 0.659676
3 0.886194 0.0758343 0.0303597 0.0754845 0.629075
4 0.546918 0.515507 0.0265133 0.0996054 0.60965
0 0.527586 0.128353 0.00776302 0.0315352 0.504108
9 0.580976 0.338187 0.00825065 0.0293084 0.494305
0 0.407068 0.148439 0.00794713 0.0256182 0.432997
9 0.566453 0.353915 0.0101372 0.0232871 0.258081
8 0.951348 0.0227755 0.0355347 0.0435011 0.254119
