3 0.127211 0.649168 0.0582836 0.0542382 0.883152
3 0.232828 0.445424 0.0588677 0.0518181 0.866346
3 0.0699316 0.422169 0.0591285 0.051756 0.865976
3 0.0550992 0.478972 0.0564118 0.0509096 0.863087
3 0.468519 0.105618 0.035087 0.0792968 0.85169
3 0.249612 0.357803 0.0578169 0.0494099 0.845585
3 0.258028 0.31877 0.0524967 0.0498655 0.845567
3 0.258085 0.259354 0.0591815 0.0526364 0.840693
3 0.135048 0.794507 0.0593599 0.0622384 0.830954
3 0.48873 0.254693 0.0360351 0.0763231 0.830786
3 0.265865 0.215402 0.0538204 0.0530293 0.823775
3 0.276453 0.177516 0.0543076 0.0496471 0.810202
8 0.527177 0.108657 0.059753 0.147538 0.74404
3 0.213767 0.485697 0.0569958 0.0449505 0.730462
3 0.175435 0.577781 0.0656959 0.0790587 0.650424
3 0.458411 0.0135897 0.0319798 0.0270343 0.635316
3 0.125807 0.307032 0.0349823 0.0785568 0.500993
3 0.854408 0.978731 0.0301814 0.0423701 0.442071
3 0.549786 0.226306 0.0398787 0.0855257 0.393975
3 0.00582976 0.67741 0.0115387 0.0528008 0.293631
