8 0.59993 0.901369 0.0413536 0.192569 0.883174
3 0.51243 0.553522 0.0208853 0.0481301 0.84559
3 0.502495 0.237312 0.0132628 0.0275148 0.83261
3 0.553555 0.349405 0.0157001 0.030998 0.790187
3 0.503784 0.153863 0.0105911 0.0210206 0.757622
3 0.473847 0.211692 0.0130606 0.0246036 0.681645
3 0.538928 0.20841 0.0136202 0.0271198 0.672559
3 0.471025 0.266553 0.0146342 0.0264095 0.614834
3 0.544346 0.254131 0.0143628 0.0284376 0.60493
3 0.521926 0.14322 0.0128043 0.0223365 0.599034
3 0.465419 0.315667 0.0149477 0.0358659 0.584255
3 0.48574 0.0930278 0.00908652 0.0161198 0.560159
3 0.475806 0.191567 0.0133016 0.023371 0.556786
3 0.550329 0.310797 0.0139944 0.0354051 0.52912
3 0.469166 0.287621 0.0168498 0.0326129 0.519253
3 0.476402 0.127914 0.0102869 0.0184298 0.499131
3 0.475365 0.155431 0.0120343 0.0192222 0.492423
3 0.501085 0.0990591 0.01059 0.0204849 0.484205
3 0.538249 0.17813 0.0112806 0.0205873 0.468949
0 0.352789 0.707114 0.00713072 0.0280628 0.463504
3 0.468338 0.362399 0.0161129 0.0379676 0.448058
0 0.401657 0.537493 0.00918662 0.0309101 0.435911
3 0.474752 0.173851 0.012645 0.0215485 0.432058
3 0.542849 0.238788 0.0133772 0.0259848 0.423469
0 0.489613 0.375258 0.00827824 0.023618 0.412268
4 0.526856 0.235815 0.0125328 0.0294204 0.404742
0 0.409669 0.376653 0.00684653 0.0231374 0.390644
0 0.416157 0.283315 0.00554552 0.0211521 0.355131
0 0.41834 0.488832 0.0045496 0.0292542 0.352475
3 0.47707 0.109601 0.00845184 0.0142296 0.341583
0 0.528605 0.651668 0.00866451 0.0347763 0.327152
0 0.340449 0.865437 0.00810776 0.0358585 0.291429
0 0.427805 0.328847 0.00691585 0.0203819 0.282183
3 0.475135 0.177601 0.0128715 0.0209341 0.268449
0 0.434775 0.199147 0.00705205 0.0176146 0.262258
0 0.342733 0.707817 0.00766735 0.0248845 0.261239
