7 0.668045 0.709885 0.025984 0.0875109 0.881361
7 0.704332 0.611501 0.0303848 0.0693683 0.854679
4 0.560073 0.467966 0.0256424 0.0758218 0.848035
4 0.68049 0.353175 0.0226879 0.0489409 0.843427
9 0.411589 0.765361 0.0336303 0.0371716 0.807923
7 0.536471 0.562912 0.0217522 0.0657281 0.803309
7 0.662687 0.456304 0.0171824 0.0486236 0.698473
3 0.548959 0.51731 0.0232424 0.0516409 0.638525
0 0.717104 0.32426 0.00814737 0.0324113 0.630126
9 0.518921 0.810803 0.0244457 0.0420799 0.625677
1 0.580359 0.579569 0.011634 0.0366326 0.58725
9 0.529847 0.64383 0.0107356 0.0436048 0.544432
0 0.67174 0.5092 0.0100624 0.040025 0.533161
9 0.923829 0.831614 0.0316193 0.0622025 0.533105
6 0.688489 0.559916 0.0186304 0.0420284 0.518554
0 0.576726 0.416791 0.00937629 0.0349837 0.5042
9 0.537382 0.275227 0.0154841 0.021979 0.494813
3 0.662874 0.162085 0.0131398 0.0240085 0.492551
0 0.586926 0.415544 0.00850154 0.0380012 0.47903
6 0.635001 0.493173 0.0224871 0.0644784 0.469447
9 0.601977 0.934105 0.0210899 0.08031 0.457213
9 0.500354 0.840212 0.0276693 0.0407737 0.448404
6 0.613492 0.421263 0.0140281 0.0372355 0.431939
9 0.630919 0.278847 0.0105179 0.0238247 0.429312
9 0.418314 0.703881 0.0274403 0.0307572 0.407526
0 0.58806 0.413468 0.0113852 0.0365762 0.394295
1 0.631122 0.274699 0.00778867 0.0232026 0.393164
9 0.579997 0.595629 0.0127573 0.0454671 0.389218
9 0.93231 0.83179 0.0181308 0.0580706 0.383918
9 0.731402 0.311382 0.0177309 0.0224129 0.383056
9 0.627417 0.717262 0.0172531 0.0659539 0.38074
7 0.635268 0.491806 0.0228084 0.0652902 0.367157
9 0.66725 0.326893 0.0094709 0.0288861 0.359697
1 0.666397 0.322489 0.00770916 0.023021 0.355004
3 0.653866 0.118643 0.0138471 0.0201309 0.354351
6 0.627373 0.717638 0.0166634 0.0676625 0.345772
7 0.606812 0.269732 0.0167082 0.0359906 0.339915
9 0.537858 0.278757 0.0164208 0.0203031 0.324757
9 0.681833 0.127967 0.00713544 0.0151879 0.311008
9 0.821556 0.647444 0.0273071 0.0368263 0.308357
9 0.616994 0.177804 0.0062045 0.0184188 0.300877
0 0.784406 0.564855 0.0137533 0.042467 0.297764
7 0.635395 0.365193 0.0158531 0.0448687 0.297721
6 0.682761 0.301427 0.0132145 0.026582 0.289217
1 0.581696 0.576179 0.0116602 0.0330654 0.283204
9 0.420622 0.689037 0.0310601 0.0357088 0.279043
0 0.62104 0.346856 0.00787048 0.0317886 0.278229
9 0.677802 0.270987 0.00716685 0.0253263 0.272112
9 0.584193 0.257069 0.0151279 0.0195803 0.257633
6 0.63432 0.370742 0.0136915 0.0471631 0.252877
