3 0.894934 0.902838 0.0678279 0.0437374 0.87464
3 0.661717 0.854376 0.0267463 0.0843193 0.870606
3 0.162051 0.328847 0.0317727 0.063901 0.870014
3 0.621031 0.286102 0.0457323 0.0307136 0.868789
3 0.0756728 0.173174 0.0481087 0.0309619 0.863776
4 0.0209522 0.878745 0.0419044 0.0888059 0.863104
4 0.646947 0.750502 0.0300637 0.0841271 0.845979
3 0.0580801 0.241211 0.0493257 0.0290531 0.83623
3 0.0679751 0.210803 0.0465268 0.029893 0.831237
4 0.676575 0.744416 0.0332471 0.0827284 0.829051
3 0.105 0.0855737 0.0387714 0.0270789 0.827885
3 0.0426849 0.338026 0.0515974 0.0333754 0.821464
3 0.677707 0.492619 0.0259331 0.0643953 0.821041
3 0.607565 0.223626 0.0438749 0.0345727 0.81757
4 0.190118 0.224499 0.0280923 0.0584057 0.804951
3 0.0949865 0.112202 0.046124 0.0306942 0.792924
3 0.134354 0.0397448 0.0234057 0.0395483 0.789042
3 0.079595 0.138932 0.0445291 0.0310432 0.785433
5 0.572781 0.558089 0.0265132 0.0779902 0.775159
3 0.250771 0.0353843 0.0262197 0.0429877 0.757611
3 0.565724 0.844398 0.0271336 0.094008 0.734316
3 0.0547832 0.271988 0.050137 0.0337593 0.708543
3 0.0671587 0.0386101 0.0218402 0.0393901 0.685797
3 0.615382 0.48949 0.024133 0.0635645 0.623269
4 0.0551034 0.272231 0.05061 0.0340121 0.622589
3 0.0243691 0.0375988 0.0244155 0.0430811 0.586194
4 0.04532 0.0385284 0.0253878 0.0439227 0.560937
4 0.0890492 0.0317357 0.0253312 0.0456959 0.558105
4 0.565987 0.844212 0.0270437 0.0957021 0.48027
4 0.615549 0.489414 0.0239532 0.0629433 0.444654
3 0.045137 0.0381144 0.0254676 0.0429602 0.379291
9 0.877611 0.397714 0.00958322 0.0220156 0.355693
0 0.00873571 0.252946 0.00882715 0.0187852 0.273175
0 0.0032664 0.240239 0.00653281 0.0182119 0.270167
