0 0.659558 0.592612 0.0135103 0.0274478 0.793012
0 0.569058 0.654387 0.00991377 0.0261382 0.73918
0 0.573022 0.338398 0.00909764 0.0366881 0.725932
0 0.557691 0.547339 0.00793017 0.0289176 0.709137
0 0.541925 0.569182 0.00868835 0.0218751 0.678544
0 0.605242 0.343816 0.0120783 0.0302176 0.676144
0 0.582789 0.281205 0.00761034 0.0294708 0.675899
0 0.58204 0.864518 0.0142546 0.0292634 0.632338
0 0.541751 0.26572 0.00716239 0.0299924 0.616443
0 0.528903 0.559915 0.00727007 0.019919 0.616351
0 0.537524 0.472371 0.00998675 0.0354644 0.59984
0 0.568182 0.963566 0.0102057 0.0227154 0.575918
0 0.555988 0.970322 0.00853904 0.0211752 0.561752
0 0.548408 0.429072 0.00953295 0.0304521 0.561154
0 0.536967 0.686893 0.00897082 0.0359035 0.559503
0 0.603395 0.607527 0.0114076 0.0380192 0.559086
0 0.602297 0.0756041 0.00798876 0.0291181 0.544988
0 0.615391 0.0620744 0.00826874 0.0321506 0.541078
0 0.640415 0.843825 0.0122797 0.0269995 0.539034
0 0.565213 0.0160399 0.00748923 0.030634 0.537216
0 0.63353 0.843451 0.0137554 0.0270395 0.536161
0 0.527521 0.320332 0.00817069 0.0308195 0.526222
0 0.523363 0.518195 0.00946864 0.0255591 0.514631
0 0.6342 0.0224102 0.0080307 0.0368399 0.490612
0 0.588667 0.867019 0.0105138 0.0277701 0.487305
0 0.59546 0.254534 0.00831508 0.0318779 0.485791
0 0.645733 0.0246941 0.0081744 0.0369016 0.481086
0 0.553256 0.0922468 0.00685425 0.0287811 0.480166
0 0.591146 0.824969 0.012435 0.0218597 0.477894
0 0.535784 0.0430628 0.00914328 0.0320811 0.468055
0 0.590105 0.0281618 0.007646 0.0297279 0.46273
0 0.563678 0.105663 0.0101463 0.0304493 0.454153
0 0.544818 0.0931531 0.00864114 0.0298109 0.443584
0 0.591329 0.0950095 0.00765394 0.031707 0.441761
0 0.585068 0.865844 0.0168079 0.0285517 0.419009
0 0.566631 0.426207 0.00909193 0.0349228 0.418814
0 0.583683 0.827342 0.0121941 0.0204273 0.41867
0 0.583512 0.0240155 0.0076542 0.0360131 0.39425
9 0.490169 0.648347 0.0256529 0.0235835 0.385262
0 0.531636 0.19518 0.00746172 0.0296858 0.383996
0 0.587537 0.826156 0.0177759 0.0228222 0.374857
0 0.530308 0.0682604 0.00934335 0.0284772 0.372922
0 0.535604 0.2644 0.00878161 0.0313777 0.349712
0 0.538092 0.0420477 0.0113405 0.0311765 0.343417
0 0.533181 0.0922631 0.00798623 0.0292977 0.341885
0 0.606389 0.243802 0.0102966 0.0287397 0.328304
0 0.616893 0.0588047 0.00754129 0.0319576 0.326429
9 0.489803 0.511783 0.0306822 0.0246245 0.315432
0 0.539188 0.264037 0.00811541 0.0302721 0.314488
0 0.63709 0.842452 0.0169826 0.0270001 0.309413
0 0.532471 0.1073 0.00723916 0.0315617 0.309278
0 0.525431 0.517914 0.0116523 0.0259572 0.304031
0 0.5604 0.424225 0.00845987 0.0295527 0.302979
0 0.671517 0.634445 0.00969753 0.0235433 0.291594
0 0.564274 0.430803 0.009391 0.0374899 0.289993
0 0.60348 0.288901 0.00861895 0.0240883 0.283368
0 0.535109 0.245489 0.00793326 0.0344599 0.280644
9 0.502783 0.670238 0.0285953 0.0242094 0.276443
0 0.533559 0.133919 0.00862379 0.0280794 0.261154
9 0.509122 0.33339 0.0242184 0.0216402 0.259972
9 0.497993 0.668302 0.0280201 0.0250518 0.256034
