3 0.325115 0.948481 0.0566069 0.0661876 0.871604
3 0.517841 0.535711 0.0188041 0.0388094 0.863343
3 0.405547 0.601848 0.0433744 0.0298535 0.847762
3 0.335049 0.881351 0.0633272 0.0516603 0.845248
3 0.419027 0.362785 0.0281304 0.0201693 0.818215
5 0.499429 0.246465 0.0175078 0.0573709 0.816057
3 0.469592 0.283899 0.0118603 0.0170644 0.777412
3 0.554735 0.312801 0.0277902 0.0163651 0.776642
5 0.487179 0.660662 0.0299556 0.10735 0.765327
3 0.527925 0.257625 0.02281 0.016745 0.741129
4 0.446107 0.598025 0.0226913 0.0574518 0.733299
9 0.400474 0.707657 0.0220107 0.0194993 0.718583
3 0.555815 0.415888 0.0287428 0.0195321 0.636076
5 0.484099 0.0711701 0.00936327 0.0229609 0.629373
9 0.451595 0.726111 0.00933332 0.0259514 0.609516
7 0.380341 0.921567 0.062931 0.0478202 0.606738
3 0.556113 0.401944 0.0309399 0.0210303 0.595648
7 0.595493 0.607328 0.0434415 0.0302661 0.570713
9 0.477337 0.519298 0.0078493 0.0187 0.554167
9 0.656648 0.815427 0.0226651 0.0203917 0.550616
3 0.434501 0.218204 0.0184996 0.0139034 0.548788
3 0.41228 0.414688 0.0300985 0.0207968 0.542496
6 0.402811 0.664157 0.0406028 0.027683 0.531397
3 0.439887 0.247455 0.0223926 0.0141063 0.517368
5 0.488273 0.103205 0.0119938 0.0305586 0.475045
3 0.556853 0.405902 0.0308248 0.0199304 0.47211
6 0.598169 0.583463 0.0314681 0.0217688 0.452713
6 0.385157 0.846588 0.0497461 0.0374613 0.443439
3 0.438788 0.264967 0.0237984 0.0139729 0.426835
5 0.379849 0.921616 0.0612315 0.0472813 0.417064
4 0.417674 0.306987 0.0262941 0.0172138 0.404138
3 0.592118 0.515953 0.0366442 0.0260695 0.395372
5 0.49396 0.186277 0.0132801 0.0312337 0.391346
9 0.346474 0.834229 0.020609 0.0229325 0.385964
3 0.502909 0.350002 0.0131935 0.0240163 0.384937
9 0.644158 0.790684 0.0243776 0.0238615 0.377713
3 0.535416 0.270009 0.0192077 0.0131308 0.37195
6 0.555245 0.339984 0.0168422 0.0160563 0.338417
3 0.437733 0.155537 0.0145159 0.011572 0.336184
6 0.572363 0.466071 0.0251152 0.0204277 0.329044
3 0.441074 0.284944 0.0192782 0.0148076 0.324701
1 0.477235 0.516385 0.00803938 0.0166652 0.32126
9 0.350541 0.833584 0.0196029 0.0249815 0.320062
7 0.598008 0.584135 0.0319696 0.0217092 0.309789
6 0.402261 0.480439 0.0215908 0.0189478 0.307338
3 0.437117 0.28478 0.0280351 0.0160656 0.304731
3 0.434971 0.213509 0.0186337 0.0153337 0.288088
3 0.417912 0.30716 0.0272056 0.0176069 0.271625
3 0.54048 0.271481 0.0280186 0.0147331 0.269229
3 0.454598 0.175204 0.0167258 0.0136197 0.266721
9 0.481678 0.340775 0.00559025 0.018066 0.265325
6 0.470996 0.471118 0.00762844 0.023314 0.254539
