3 0.445034 0.746769 0.0439304 0.146194 0.904481
8 0.401883 0.86078 0.067086 0.233291 0.902745
3 0.401894 0.442757 0.0367986 0.108545 0.899694
8 0.334228 0.844602 0.0622274 0.21931 0.897398
3 0.426289 0.575013 0.0393909 0.121221 0.893761
3 0.352591 0.109247 0.0305559 0.0747846 0.8878
8 0.244384 0.0674891 0.0477805 0.11436 0.887623
8 0.283059 0.930956 0.0491327 0.134955 0.846569
0 0.610681 0.885003 0.0113263 0.0330058 0.754157
0 0.065524 0.703816 0.0152645 0.0335562 0.752601
0 0.630247 0.863219 0.013117 0.041134 0.739043
0 0.486384 0.377789 0.0102682 0.0333798 0.722048
0 0.428045 0.206557 0.00716474 0.0365958 0.718479
0 0.503025 0.421296 0.00779589 0.036618 0.709182
0 0.522738 0.421506 0.00801527 0.0382287 0.701532
0 0.452597 0.410207 0.00833248 0.0356278 0.69861
0 0.947534 0.977858 0.019989 0.0250308 0.693589
0 0.41356 0.163407 0.00779964 0.0345757 0.683703
0 0.0668744 0.592937 0.0131411 0.03071 0.676657
0 0.496789 0.374949 0.00880245 0.0354893 0.676333
0 0.547216 0.597107 0.0108082 0.0372239 0.670373
0 0.536088 0.888162 0.0114689 0.0291014 0.660074
0 0.453372 0.198659 0.00768537 0.0354504 0.651167
0 0.486139 0.337322 0.00730569 0.0308342 0.64526
0 0.922462 0.985967 0.0181061 0.0247872 0.630416
0 0.508098 0.777087 0.0110553 0.0341698 0.623967
0 0.482872 0.33716 0.00858477 0.0318979 0.585537
0 0.533744 0.67625 0.0140974 0.0387045 0.582007
0 0.421712 0.126153 0.00737056 0.0361495 0.575609
0 0.533557 0.41783 0.00804727 0.0344496 0.570353
0 0.47531 0.448518 0.00935189 0.0365269 0.567207
0 0.513153 0.39873 0.0112339 0.0370857 0.564625
0 0.447366 0.229731 0.00763262 0.0361718 0.564336
0 0.43573 0.0883478 0.00896092 0.0293969 0.557259
0 0.506773 0.596575 0.0110304 0.0269851 0.555733
0 0.0688307 0.446195 0.0149877 0.0385375 0.554662
0 0.489465 0.216753 0.00860613 0.032506 0.551795
0 0.476607 0.178724 0.00931837 0.0322847 0.549284
0 0.486813 0.443616 0.00787785 0.0331567 0.545578
0 0.216984 0.711254 0.0160722 0.0397459 0.541279
0 0.417032 0.0259572 0.00951721 0.033307 0.540185
0 0.501882 0.49059 0.00944768 0.0341365 0.534918
0 0.464813 0.164165 0.00804879 0.0317965 0.5304
0 0.220665 0.615578 0.0123301 0.0324082 0.524227
0 0.477193 0.205334 0.00826739 0.0286293 0.518933
0 0.485434 0.445885 0.008527 0.0333016 0.518695
0 0.503365 0.547115 0.00960828 0.0373367 0.508617
0 0.510561 0.420189 0.0087238 0.0367876 0.488801
0 0.0901093 0.443851 0.0161545 0.0428171 0.488405
0 0.454749 0.233479 0.00743112 0.033396 0.465931
0 0.470084 0.204746 0.00723524 0.0357455 0.463076
0 0.464641 0.173986 0.00857029 0.0364264 0.455254
0 0.404605 0.0703374 0.00795964 0.0328084 0.454564
0 0.513412 0.39327 0.00850734 0.0318433 0.452964
0 0.0714156 0.447007 0.0152054 0.0399529 0.447788
0 0.514718 0.391399 0.00880633 0.0313738 0.447561
0 0.466031 0.212609 0.0080137 0.0317722 0.437697
0 0.236081 0.585046 0.0101082 0.0289829 0.430495
0 0.118657 0.475121 0.017663 0.0406958 0.428339
0 0.463838 0.168753 0.00678118 0.0324512 0.426519
0 0.163276 0.354271 0.0114856 0.0372637 0.419048
0 0.416149 0.0228089 0.00805219 0.0367772 0.414024
0 0.216301 0.722054 0.0139151 0.0416074 0.408607
0 0.488045 0.444928 0.0114149 0.0336811 0.407363
0 0.509322 0.354957 0.0108717 0.026169 0.40102
0 0.455678 0.138693 0.00822514 0.0284591 0.400641
0 0.0707994 0.288143 0.0108318 0.0357923 0.398762
0 0.0761678 0.441524 0.0135489 0.0373391 0.398288
0 0.453999 0.229879 0.00691079 0.0348211 0.383289
0 0.53981 0.414497 0.00809653 0.0296336 0.360991
0 0.107368 0.400816 0.0151705 0.0307083 0.359006
0 0.219512 0.377424 0.012554 0.0316748 0.354199
0 0.228853 0.592479 0.0101431 0.0319109 0.348173
0 0.474048 0.337396 0.0105956 0.0291506 0.345571
0 0.0729297 0.436177 0.0130786 0.0329362 0.343843
0 0.221776 0.356573 0.0132341 0.0275315 0.342659
0 0.440184 0.0161982 0.00760424 0.0283472 0.321893
0 0.225259 0.357312 0.0121625 0.0268537 0.321377
0 0.227488 0.689514 0.0136595 0.031021 0.318518
0 0.175683 0.566171 0.0123271 0.0298784 0.317183
0 0.215612 0.46378 0.0140063 0.0339012 0.316495
0 0.47592 0.183956 0.00828744 0.0347564 0.311917
0 0.503372 0.415041 0.00840951 0.0353778 0.30705
0 0.538749 0.411143 0.0100819 0.0287268 0.303491
0 0.518151 0.315453 0.00785195 0.0314398 0.298363
0 0.117716 0.0493628 0.0097965 0.0235974 0.295456
0 0.0895418 0.437683 0.0150124 0.0396255 0.295286
0 0.0511219 0.578903 0.0138077 0.0253309 0.288597
0 0.222134 0.575868 0.0161182 0.0314493 0.286141
0 0.53537 0.413816 0.00872096 0.0333652 0.280881
0 0.402428 0.0106473 0.00788914 0.0212947 0.279883
0 0.2227 0.361294 0.0120511 0.029905 0.27861
0 0.477038 0.341942 0.00848541 0.0304652 0.275587
0 0.157529 0.352531 0.0126334 0.0324314 0.275482
0 0.499139 0.490244 0.0107781 0.0343084 0.270148
0 0.0942826 0.449832 0.0173929 0.0398436 0.270093
0 0.544911 0.434866 0.00870457 0.0275943 0.266167
0 0.536458 0.673576 0.0112095 0.0399918 0.264669
0 0.0481941 0.575617 0.0165252 0.0245544 0.262496
0 0.42126 0.0138375 0.00862967 0.0276749 0.257877
0 0.462546 0.0679235 0.00620566 0.0261548 0.255909
0 0.221882 0.642629 0.0140136 0.0278694 0.255609
