3 0.455797 0.866842 0.0488316 0.0790965 0.889122
3 0.45961 0.685421 0.0484665 0.0585729 0.882637
3 0.799045 0.501652 0.0443998 0.0512906 0.853821
3 0.393772 0.187237 0.0226306 0.0402688 0.839512
4 0.874442 0.515773 0.0448933 0.0518849 0.83322
3 0.378191 0.0975008 0.0210975 0.0294664 0.829439
3 0.334698 0.121792 0.0271544 0.0291357 0.817343
3 0.413322 0.169171 0.0164121 0.03905 0.80976
3 0.2832 0.157139 0.0264664 0.0347319 0.803825
3 0.923171 0.568433 0.0457279 0.0449822 0.798968
3 0.405395 0.83911 0.0483181 0.0848746 0.785309
3 0.266662 0.167686 0.0232444 0.0280798 0.782043
5 0.309138 0.188408 0.0454992 0.0321554 0.781164
3 0.441429 0.107263 0.0292948 0.0291983 0.648936
0 0.514768 0.640054 0.00798492 0.0156907 0.560315
0 0.636027 0.242064 0.00583928 0.0180492 0.522322
9 0.293023 0.753234 0.0194097 0.0225001 0.520988
0 0.348881 0.780838 0.0103086 0.0134578 0.512505
4 0.317638 0.131289 0.0263308 0.0384724 0.492651
4 0.244589 0.174018 0.029679 0.0386144 0.490605
9 0.290257 0.753396 0.0171653 0.0248319 0.490231
0 0.489477 0.763692 0.00906228 0.0132563 0.485624
0 0.634842 0.241622 0.00719378 0.0180407 0.463828
0 0.624687 0.239099 0.00594234 0.0187527 0.43157
0 0.604921 0.485847 0.007963 0.0165984 0.43119
0 0.670643 0.256486 0.00632621 0.0183225 0.428061
3 0.31815 0.131089 0.027022 0.0390325 0.417637
0 0.394993 0.765882 0.0106095 0.0222832 0.386467
0 0.478871 0.75442 0.0132557 0.0147557 0.382064
9 0.27471 0.733233 0.0173818 0.0282433 0.378257
3 0.755869 0.444966 0.0398405 0.0494378 0.331633
9 0.367249 0.844405 0.00943813 0.0239334 0.32735
0 0.654699 0.26554 0.00680202 0.0144999 0.321518
0 0.596692 0.188236 0.00672503 0.0188474 0.317869
3 0.245264 0.1742 0.029654 0.0381152 0.309634
0 0.694144 0.260302 0.00626617 0.0124982 0.299785
9 0.822953 0.488127 0.0160072 0.019447 0.289426
0 0.62338 0.240114 0.00926426 0.0184 0.281943
0 0.46698 0.806475 0.0109271 0.0132441 0.259443
