8 0.294109 0.868925 0.257492 0.260216 0.897778
3 0.447961 0.858492 0.0767584 0.0922187 0.895071
3 0.180189 0.866923 0.111631 0.100792 0.884701
3 0.451046 0.742874 0.0592988 0.0668597 0.877132
3 0.274199 0.762204 0.0793734 0.0701424 0.86725
3 0.530714 0.712893 0.0535057 0.0585739 0.86049
3 0.353112 0.698116 0.064589 0.0581726 0.856383
3 0.434221 0.539931 0.0398306 0.0290266 0.845914
3 0.453018 0.653018 0.0478162 0.0448985 0.842483
3 0.405798 0.713167 0.060306 0.0577723 0.827406
3 0.489634 0.682719 0.0488317 0.0484499 0.823345
3 0.330849 0.778515 0.0706063 0.0733537 0.821562
3 0.529762 0.631005 0.0394322 0.0411118 0.818574
3 0.0396336 0.965781 0.0792673 0.0675179 0.81315
3 0.497391 0.608756 0.0387713 0.0378523 0.803729
3 0.498685 0.529967 0.0385946 0.0274134 0.792276
3 0.472646 0.468838 0.0335642 0.0193604 0.7782
3 0.409082 0.645674 0.0518707 0.0432663 0.772257
3 0.566736 0.476258 0.0349494 0.0169483 0.770704
3 0.459451 0.6027 0.0370009 0.0345398 0.76147
3 0.340506 0.98267 0.102174 0.034137 0.747712
3 0.571871 0.64936 0.0395006 0.0469363 0.72789
3 0.970825 0.567883 0.0565056 0.0296756 0.712383
3 0.239768 0.4854 0.0365272 0.0179625 0.69294
3 0.281898 0.489729 0.0346692 0.0203998 0.687988
3 0.312637 0.457381 0.0291334 0.0174542 0.641478
3 0.385252 0.458568 0.0216439 0.0174334 0.49415
9 0.235421 0.59293 0.0145359 0.021992 0.481571
3 0.688447 0.496931 0.0342957 0.0220023 0.460176
3 0.689185 0.480605 0.0337835 0.0179057 0.448767
1 0.235202 0.587938 0.0104517 0.0215329 0.431962
0 0.719206 0.593145 0.00908569 0.0261872 0.396656
3 0.740924 0.476041 0.0314217 0.0158044 0.387895
3 0.236392 0.454206 0.0277159 0.0148223 0.385769
0 0.70846 0.709694 0.0137344 0.0491127 0.334742
4 0.706979 0.528853 0.0255094 0.0314011 0.312247
3 0.719862 0.48932 0.0246762 0.0167912 0.310868
3 0.510426 0.403044 0.0174375 0.0113658 0.265055
0 0.18623 0.522213 0.00731939 0.0240652 0.250579
