3 0.163297 0.53893 0.0481499 0.0336043 0.860836
3 0.382558 0.447343 0.0277384 0.026806 0.855029
3 0.352713 0.422826 0.0193755 0.0254171 0.844346
3 0.0316718 0.544173 0.0526698 0.0371524 0.8292
3 0.233093 0.456108 0.036516 0.0264745 0.797977
3 0.102088 0.49517 0.0483901 0.0286464 0.789112
5 0.970099 0.656422 0.0598019 0.106108 0.772777
3 0.293307 0.257427 0.0105947 0.0128337 0.763444
5 0.488867 0.199762 0.0474712 0.0287563 0.749719
3 0.145451 0.295682 0.0279166 0.0160738 0.746673
3 0.229831 0.396162 0.0327315 0.0215089 0.743682
4 0.333863 0.367925 0.0186719 0.0284833 0.7389
4 0.229897 0.441179 0.0363165 0.0254706 0.730795
3 0.30952 0.272851 0.0118946 0.0136795 0.728181
3 0.0850658 0.525004 0.0469693 0.03579 0.728118
3 0.336612 0.345975 0.0152771 0.0195158 0.696895
9 0.809229 0.644426 0.0145381 0.0352425 0.684746
0 0.195992 0.44609 0.00520525 0.0175968 0.678466
5 0.28242 0.205791 0.0159095 0.0300117 0.67481
3 0.113283 0.228926 0.0237045 0.0136648 0.665485
3 0.0495398 0.512838 0.0555275 0.0353051 0.642352
3 0.220553 0.379565 0.0321804 0.0217212 0.634436
3 0.163363 0.355572 0.0160454 0.0193123 0.633727
5 0.946789 0.676472 0.0933693 0.104392 0.628872
3 0.174287 0.500211 0.0454042 0.0321156 0.62259
3 0.292989 0.242175 0.01076 0.0123189 0.618519
3 0.257856 0.20518 0.00816897 0.0113528 0.598927
9 0.375066 0.840078 0.0183784 0.0441922 0.592446
3 0.194823 0.267854 0.0243916 0.0144376 0.590172
5 0.400119 0.408521 0.0402092 0.0507158 0.577433
4 0.159817 0.473555 0.041217 0.0285608 0.565938
3 0.151389 0.43748 0.0363315 0.0231681 0.556135
3 0.453326 0.213877 0.0205004 0.0127477 0.554068
5 0.371881 0.352964 0.0332971 0.0530223 0.545925
3 0.147892 0.399212 0.0357132 0.0182263 0.540894
3 0.232992 0.410256 0.0363766 0.0202631 0.523127
3 0.291407 0.195483 0.00832519 0.0103353 0.509657
3 0.15136 0.452266 0.0377559 0.0223817 0.507507
3 0.301556 0.212218 0.00951148 0.0129735 0.503723
4 0.946128 0.676807 0.0917631 0.105045 0.503461
4 0.371588 0.352314 0.0327515 0.0520065 0.49946
5 0.333465 0.286065 0.0185969 0.0295066 0.494025
3 0.147012 0.408798 0.0372768 0.0200225 0.493917
3 0.199671 0.36446 0.0255888 0.0171206 0.486537
3 0.292218 0.227608 0.008348 0.0102924 0.471749
3 0.252918 0.163182 0.00741516 0.0100853 0.453582
9 0.83362 0.647485 0.0158452 0.0217949 0.448373
3 0.318826 0.314739 0.0133252 0.0183777 0.429474
3 0.311912 0.31488 0.0123086 0.0174648 0.426532
3 0.158882 0.466766 0.042866 0.0281877 0.421768
3 0.160269 0.424702 0.0381572 0.0173778 0.410127
3 0.145004 0.356487 0.0165314 0.0203949 0.405635
4 0.158169 0.465713 0.0426455 0.0301524 0.388398
9 0.798585 0.609023 0.0150621 0.0174684 0.382248
4 0.0849461 0.525265 0.0459033 0.0362905 0.381832
3 0.244311 0.173683 0.00879307 0.0105473 0.37931
3 0.267968 0.209496 0.00845132 0.0124988 0.365556
3 0.148159 0.416435 0.0360487 0.0199271 0.357669
4 0.34937 0.282334 0.0218067 0.0299362 0.348572
3 0.254249 0.191252 0.00907802 0.0117413 0.346502
5 0.349171 0.282304 0.0225485 0.0298831 0.331451
3 0.185556 0.210255 0.0147664 0.0115841 0.32315
3 0.198514 0.159458 0.00975061 0.00775052 0.320781
3 0.154844 0.422472 0.0385165 0.0200939 0.320101
3 0.240689 0.203985 0.0105329 0.0172044 0.315664
1 0.232417 0.330335 0.00660477 0.015128 0.310948
9 0.232616 0.336508 0.00666561 0.0121335 0.303636
3 0.146848 0.395595 0.0351013 0.0175437 0.293234
3 0.161748 0.478193 0.0407883 0.0291856 0.2841
3 0.14126 0.389883 0.0259722 0.0190278 0.28347
3 0.200807 0.158903 0.0116835 0.00855041 0.282163
3 0.308707 0.182011 0.00840831 0.00977337 0.282044
3 0.375732 0.294132 0.0174691 0.0253435 0.280413
9 0.00474889 0.525472 0.00949778 0.0185846 0.278098
5 0.316124 0.250115 0.0191958 0.030136 0.275942
3 0.317909 0.240561 0.0176057 0.0150048 0.273165
3 0.307815 0.181281 0.0102462 0.0126454 0.268632
3 0.147333 0.419781 0.0359291 0.020712 0.268579
3 0.192225 0.149708 0.00970882 0.0087593 0.264632
3 0.164679 0.482008 0.0425933 0.0247618 0.258825
