3 0.548256 0.410114 0.0342403 0.0216165 0.754825
0 0.615648 0.55635 0.0118952 0.0398916 0.737383
0 0.606258 0.629907 0.0147283 0.0415057 0.726593
0 0.578262 0.45428 0.0073128 0.0258927 0.720031
0 0.619155 0.627277 0.0136384 0.0444706 0.712099
0 0.584464 0.492728 0.00907654 0.0312217 0.700478
3 0.986377 0.567602 0.0272467 0.0600647 0.673705
4 0.581557 0.419906 0.0416961 0.0285641 0.663378
0 0.478996 0.458034 0.00706552 0.0251076 0.576446
3 0.509675 0.396179 0.0349857 0.0231866 0.566305
3 0.327828 0.3244 0.0228615 0.013775 0.515165
3 0.309827 0.318819 0.0177013 0.0122204 0.510183
3 0.296845 0.311256 0.0134918 0.011592 0.495632
3 0.56057 0.417912 0.0296141 0.0221733 0.451548
0 0.490962 0.501316 0.00959167 0.0305612 0.447827
3 0.264901 0.313641 0.0144697 0.0108701 0.36704
1 0.410333 0.497304 0.00929408 0.0210258 0.36263
1 0.403894 0.505855 0.00759848 0.0194472 0.362532
3 0.326026 0.322683 0.0216796 0.0122222 0.347122
4 0.400917 0.353345 0.0367297 0.0162322 0.323844
3 0.40569 0.354659 0.033836 0.0167292 0.314182
3 0.30836 0.315113 0.0164935 0.0135834 0.303576
1 0.427353 0.504623 0.0103241 0.0190036 0.298212
