5 0.40984 0.769602 0.0612951 0.102838 0.545524
0 0.355469 0.735953 0.00895015 0.0383079 0.545199
0 0.437873 0.389979 0.00751923 0.0314482 0.490289
0 0.453989 0.405411 0.00956591 0.0286204 0.477899
0 0.361857 0.650689 0.00849032 0.0328791 0.426147
0 0.642189 0.243147 0.00807831 0.0291608 0.423954
0 0.631561 0.333087 0.00830763 0.029619 0.418443
0 0.510056 0.421303 0.0100061 0.0296573 0.375984
0 0.438844 0.395187 0.00986572 0.0292974 0.374408
0 0.576596 0.356363 0.00936367 0.0298098 0.346673
0 0.667067 0.237946 0.00810931 0.0253346 0.337716
0 0.438659 0.388648 0.0101988 0.031484 0.33489
0 0.360758 0.645555 0.00916098 0.0350135 0.316906
0 0.592924 0.379524 0.0072859 0.0263622 0.291681
