0 0.406398 0.199726 0.00559958 0.0265039 0.688876
0 0.415591 0.201604 0.00641763 0.0277208 0.682955
0 0.428455 0.0225575 0.00694798 0.0264158 0.648543
0 0.432103 0.235825 0.00594203 0.0253946 0.619921
0 0.380526 0.296457 0.00788138 0.0342786 0.52423
0 0.358934 0.576592 0.0110682 0.0223364 0.493378
0 0.370912 0.329443 0.00814213 0.0252215 0.42936
0 0.441566 0.262672 0.00576952 0.0226606 0.417404
0 0.441773 0.217762 0.00605974 0.0293748 0.409194
0 0.446059 0.0217548 0.00582057 0.027835 0.374202
0 0.439205 0.141384 0.00910243 0.0255389 0.354946
0 0.429783 0.149109 0.00596065 0.0179958 0.283511
0 0.506466 0.214698 0.00799159 0.0244758 0.26397
