0 0.590166 0.61581 0.0110836 0.0387073 0.617281
0 0.602256 0.620836 0.0105131 0.0285451 0.599923
0 0.560356 0.878268 0.0136627 0.0305503 0.58631
0 0.614264 0.599822 0.0105307 0.0398702 0.570929
0 0.572511 0.358906 0.0082472 0.0351283 0.492014
0 0.575835 0.882795 0.0109015 0.0289965 0.410871
7 0.763259 0.377003 0.0502216 0.055729 0.387906
9 0.919516 0.702085 0.0366964 0.0267222 0.376967
9 0.832457 0.818428 0.0140587 0.060482 0.372556
9 0.448845 0.745635 0.0257237 0.02682 0.319185
1 0.875356 0.735376 0.0168067 0.031771 0.315027
0 0.583778 0.213034 0.00893515 0.0373362 0.306806
0 0.562507 0.355339 0.00768825 0.0300861 0.306163
0 0.564489 0.368476 0.0088753 0.0334603 0.297311
9 0.874345 0.633145 0.0172405 0.0381613 0.293849
9 0.547954 0.352382 0.0103622 0.034585 0.285369
1 0.623255 0.56964 0.00961212 0.0325233 0.272003
0 0.567409 0.355564 0.00668832 0.03071 0.270485
9 0.858918 0.775993 0.0272171 0.0315432 0.252534
