3 0.197165 0.453054 0.0281855 0.0304016 0.842505
3 0.284671 0.441994 0.0401766 0.0293173 0.806235
3 0.122259 0.374885 0.0239117 0.0225124 0.728594
3 0.756656 0.327703 0.0232719 0.0163874 0.617136
3 0.782021 0.341347 0.0152635 0.0153146 0.599911
4 0.25283 0.417515 0.0273641 0.0294739 0.56841
3 0.195265 0.34247 0.0231993 0.0177932 0.554252
3 0.207282 0.38392 0.0396734 0.0271588 0.496336
3 0.0674216 0.208747 0.0158184 0.0122654 0.434529
3 0.0769623 0.219196 0.0142091 0.0118043 0.403358
0 0.317434 0.538481 0.00738344 0.0213959 0.34449
9 0.339366 0.430126 0.00926915 0.0147115 0.339798
3 0.757902 0.294841 0.0216501 0.0170521 0.339391
3 0.0923975 0.238066 0.0191539 0.0161425 0.335021
3 0.127463 0.233355 0.0200785 0.0125693 0.331208
3 0.0968347 0.230297 0.0177152 0.0142253 0.330645
3 0.0172417 0.1718 0.0113099 0.0103686 0.307197
3 0.187548 0.234492 0.0195286 0.0144416 0.297666
3 0.025094 0.198171 0.0130686 0.013162 0.283126
3 0.821506 0.296718 0.0206821 0.0142845 0.278435
9 0.818801 0.956329 0.015424 0.0274483 0.274297
3 0.00489888 0.170893 0.00958078 0.0116524 0.27126
3 0.777279 0.300065 0.014592 0.0160865 0.270978
3 0.115374 0.246755 0.0155493 0.0160186 0.270548
3 0.796687 0.304951 0.0195817 0.0126655 0.269632
4 0.677583 0.896287 0.101917 0.14054 0.265789
3 0.203947 0.37724 0.0386202 0.0203207 0.253698
