4 0.49437 0.777156 0.0266014 0.0394874 0.534712
4 0.494036 0.850128 0.0282356 0.0405507 0.462955
0 0.842795 0.95849 0.0168449 0.0254404 0.437985
9 0.410326 0.312093 0.00839325 0.029672 0.348208
9 0.458223 0.302344 0.00897849 0.0288744 0.341558
9 0.55441 0.552533 0.00746669 0.0217849 0.332033
4 0.566367 0.61626 0.0184929 0.0526772 0.331777
9 0.580031 0.330771 0.0174614 0.0179573 0.318988
9 0.463743 0.916228 0.00989724 0.0482604 0.295339
9 0.472814 0.659202 0.0102842 0.0423038 0.289897
4 0.525925 0.614468 0.0174114 0.0468364 0.278776
9 0.581888 0.344458 0.0180465 0.0159865 0.261101
3 0.378918 0.296912 0.00827475 0.0308112 0.25485
