0 0.468905 0.968344 0.0106402 0.0195759 0.401313
9 0.776873 0.830502 0.0203183 0.0220358 0.365317
0 0.96179 0.801139 0.0243195 0.0185846 0.364186
9 0.178118 0.525031 0.01015 0.0425706 0.362198
9 0.0228815 0.590334 0.0187544 0.0219262 0.347284
9 0.00793159 0.606132 0.0152876 0.0317572 0.311619
0 0.822172 0.801789 0.0151004 0.0226752 0.304735
0 0.776847 0.829884 0.0199799 0.0238625 0.292153
9 0.966581 0.83956 0.025016 0.0252637 0.291478
9 0.887684 0.794665 0.0222721 0.0202711 0.286598
0 0.956431 0.799559 0.0294419 0.0196431 0.277872
9 0.826307 0.809701 0.0275232 0.0289096 0.26473
