0 0.442578 0.7544 0.00935525 0.0235252 0.617688
0 0.411796 0.310127 0.00836827 0.0294578 0.616506
0 0.402038 0.282107 0.00844735 0.0280919 0.610822
0 0.450787 0.720496 0.0112177 0.0224224 0.604615
0 0.435596 0.626195 0.00989319 0.0218947 0.597663
0 0.447919 0.62962 0.0096031 0.0209853 0.537892
0 0.460259 0.206842 0.00885611 0.028214 0.514032
0 0.518269 0.706025 0.0134657 0.0283008 0.447369
0 0.342988 0.641683 0.0110817 0.0233322 0.434627
0 0.385887 0.401481 0.00978659 0.0278565 0.405377
0 0.422386 0.311587 0.00818377 0.0320938 0.396404
0 0.44547 0.645196 0.0128147 0.0186874 0.362026
0 0.343081 0.616187 0.011484 0.0246783 0.346823
0 0.386568 0.4121 0.0106492 0.029668 0.301132
0 0.439286 0.175035 0.00905321 0.0275585 0.298785
0 0.51339 0.711226 0.0169237 0.0283676 0.291275
0 0.450705 0.753567 0.011186 0.0218316 0.286256
0 0.489191 0.783303 0.0104685 0.025938 0.271775
0 0.506362 0.318065 0.00859632 0.0260597 0.260442
0 0.516 0.871192 0.0133379 0.0225152 0.258434
