5 0.229552 0.438727 0.0495779 0.126888 0.890917
8 0.220576 0.27908 0.0471283 0.134223 0.889809
3 0.367942 0.939068 0.0476452 0.0853317 0.880815
3 0.206078 0.855698 0.043503 0.0809471 0.870853
3 0.014288 0.441171 0.0285761 0.0325969 0.858355
3 0.0694261 0.219616 0.0448884 0.0281337 0.857145
5 0.136675 0.0628989 0.0382264 0.0750369 0.854261
3 0.393661 0.910373 0.0435966 0.0822495 0.848675
3 0.198499 0.0714987 0.0220787 0.0432083 0.848062
3 0.028389 0.53162 0.0560648 0.0328651 0.842789
3 0.939351 0.374954 0.0522159 0.0304195 0.841075
3 0.988797 0.258206 0.0218896 0.054045 0.836492
3 0.873261 0.270208 0.0354912 0.0517644 0.834105
3 0.0118666 0.629651 0.0237331 0.0357396 0.831669
3 0.247691 0.810738 0.0479053 0.0770904 0.827715
3 0.0260614 0.073361 0.0378525 0.0238592 0.825851
3 0.964189 0.260014 0.0324081 0.0535659 0.822614
3 0.0159227 0.114478 0.0318455 0.0244621 0.818771
3 0.928335 0.341278 0.0513632 0.0292091 0.813532
5 0.155142 0.894323 0.0582906 0.100344 0.813092
3 0.825603 0.327994 0.0265551 0.0507804 0.807908
3 0.0205479 0.732381 0.0404005 0.0548146 0.692674
3 0.0449321 0.29129 0.054748 0.0376703 0.623486
3 0.0851928 0.174909 0.0437371 0.0278377 0.603119
3 0.992693 0.12576 0.0146131 0.0393168 0.577829
9 0.272718 0.173549 0.00795737 0.0222052 0.51382
0 0.88614 0.416799 0.0110951 0.0204183 0.370074
0 0.271424 0.0101944 0.00665255 0.0164101 0.360041
4 0.835897 0.400277 0.0242006 0.0563049 0.324449
3 0.902858 0.274626 0.035087 0.0527356 0.302394
1 0.272188 0.16713 0.00695764 0.0175979 0.274625
