8 0.63956 0.276404 0.0932249 0.147362 0.920184
3 0.527118 0.269548 0.0605476 0.0824421 0.901919
3 0.495656 0.469495 0.0691757 0.0995157 0.90136
3 0.924062 0.084626 0.0535012 0.0773816 0.892776
3 0.742724 0.157903 0.0574818 0.0816189 0.888487
3 0.592279 0.128251 0.0566799 0.073508 0.874576
8 0.606067 0.044975 0.0920387 0.08995 0.772091
3 0.70865 0.0680097 0.0513361 0.0593138 0.732657
0 0.651558 0.805724 0.0133362 0.0270328 0.726762
0 0.707889 0.68958 0.0150518 0.0293721 0.720537
4 0.358854 0.943115 0.103693 0.108767 0.713588
0 0.77328 0.656594 0.0132283 0.0288149 0.704989
0 0.441592 0.0316311 0.00985944 0.033607 0.67426
0 0.923874 0.35968 0.0149124 0.0349478 0.664061
0 0.720311 0.707726 0.0168983 0.0273705 0.658785
0 0.687772 0.761738 0.0126141 0.0269373 0.615836
0 0.955419 0.334684 0.0161183 0.0343309 0.593206
9 0.0381316 0.460808 0.0303723 0.040725 0.583717
0 0.945991 0.310974 0.0146175 0.03738 0.580012
0 0.665338 0.742069 0.0132891 0.0224392 0.557252
0 0.938678 0.367809 0.015885 0.0319424 0.55693
0 0.79548 0.649337 0.0148934 0.0298154 0.539224
0 0.827083 0.552347 0.0131598 0.0252847 0.531869
0 0.914347 0.430121 0.0169509 0.0268832 0.529518
0 0.793808 0.591246 0.0131796 0.030942 0.478295
0 0.839917 0.570983 0.013681 0.0267378 0.477351
0 0.839717 0.550541 0.0124153 0.0263809 0.453758
0 0.992464 0.235784 0.0142673 0.0359259 0.44459
0 0.67611 0.846001 0.0117275 0.0210014 0.430563
0 0.729824 0.648455 0.0146104 0.0359723 0.426921
0 0.985409 0.332896 0.0276494 0.0439323 0.399412
0 0.901159 0.465448 0.0166905 0.0347666 0.373916
0 0.792534 0.651074 0.0150656 0.0292764 0.350538
0 0.648456 0.857084 0.0124584 0.0226537 0.340277
0 0.94127 0.310131 0.0161228 0.0358194 0.329462
0 0.855241 0.516775 0.0168011 0.029394 0.304594
0 0.855566 0.521258 0.018433 0.0305893 0.295208
0 0.959344 0.301391 0.0199935 0.0312607 0.289601
0 0.686288 0.76396 0.01371 0.0287981 0.287307
0 0.811641 0.548789 0.0148423 0.0293102 0.276545
0 0.838975 0.512216 0.0129979 0.0315154 0.275269
0 0.952615 0.305949 0.0212192 0.0345035 0.270372
