0 0.628957 0.341902 0.0104822 0.0289917 0.728025
0 0.633304 0.463088 0.00985138 0.0215698 0.63224
0 0.633605 0.286935 0.00934562 0.0343412 0.578102
9 0.519251 0.613542 0.0245266 0.0235859 0.576496
0 0.659655 0.504977 0.0104634 0.0191134 0.570138
0 0.700526 0.823835 0.0125612 0.0178222 0.561201
0 0.653109 0.39648 0.0112601 0.0288185 0.547853
9 0.678558 0.351379 0.0232618 0.025506 0.544693
9 0.572775 0.508553 0.0269029 0.0240822 0.542956
0 0.690901 0.928599 0.0143519 0.0264639 0.523147
9 0.500344 0.113549 0.0304306 0.0250993 0.514749
0 0.608482 0.533063 0.0139681 0.0216631 0.5139
0 0.615941 0.695021 0.0102236 0.0258384 0.510103
0 0.604144 0.372779 0.0106028 0.0231388 0.507483
0 0.609176 0.401696 0.0123124 0.0304994 0.504664
0 0.517028 0.273933 0.00946616 0.0308679 0.490774
0 0.645105 0.503358 0.0130516 0.0225482 0.479126
9 0.495615 0.109934 0.0342787 0.0283681 0.475743
9 0.527799 0.54904 0.0291782 0.0247529 0.461943
0 0.592633 0.347302 0.00897962 0.0296247 0.455512
0 0.62659 0.277398 0.00940761 0.0306022 0.452643
9 0.532091 0.634788 0.0288424 0.0229511 0.451043
9 0.562771 0.533044 0.0267741 0.0253347 0.448536
9 0.563727 0.475095 0.0240891 0.024611 0.441707
0 0.594076 0.378781 0.00987226 0.0271852 0.433717
0 0.623051 0.28163 0.00962725 0.0311418 0.431671
9 0.534051 0.666391 0.0283105 0.0204819 0.424219
0 0.653358 0.595099 0.0123101 0.0228718 0.41709
0 0.660971 0.24392 0.0100325 0.0300682 0.407447
9 0.601921 0.865698 0.0313164 0.0232885 0.406534
9 0.563116 0.478627 0.0260771 0.0247183 0.403261
9 0.602258 0.822767 0.0291823 0.0227788 0.401251
0 0.643584 0.223946 0.00986001 0.0286912 0.398233
0 0.644116 0.198286 0.009278 0.0298804 0.396843
0 0.649129 0.365425 0.0113382 0.030936 0.391383
9 0.508421 0.132501 0.0224792 0.0237576 0.385479
9 0.714447 0.687796 0.0251772 0.0318391 0.383778
0 0.602806 0.0135143 0.0080018 0.0268726 0.374592
9 0.605883 0.902094 0.0297619 0.0217581 0.371876
0 0.624905 0.282597 0.00917759 0.0352563 0.371808
9 0.69578 0.393956 0.0238918 0.0287612 0.370472
0 0.647884 0.611972 0.0126297 0.0278156 0.365812
0 0.653877 0.290633 0.0104532 0.0325262 0.364621
9 0.529834 0.510431 0.0235874 0.0208749 0.361849
0 0.633259 0.7705 0.0121724 0.0163264 0.353028
0 0.649461 0.369555 0.0130603 0.0339604 0.344347
0 0.650892 0.382956 0.0127859 0.0271201 0.34243
0 0.63712 0.915552 0.0182077 0.025301 0.340582
2 0.511689 0.880901 0.0331898 0.0255741 0.339759
9 0.727544 0.705779 0.026244 0.0256965 0.333527
0 0.537729 0.402945 0.0155626 0.0264508 0.332879
9 0.578174 0.637074 0.0254105 0.0212068 0.328477
0 0.624208 0.279008 0.0109904 0.03316 0.326655
2 0.544591 0.868355 0.0288207 0.0207193 0.322917
9 0.589559 0.755868 0.0315982 0.0226927 0.314734
9 0.529723 0.200314 0.0217386 0.0222226 0.297819
0 0.54059 0.406087 0.0169926 0.0249928 0.297816
9 0.548706 0.567475 0.0250173 0.0206264 0.284091
2 0.559916 0.895576 0.0305698 0.0199408 0.283705
9 0.574105 0.605821 0.0244841 0.0210036 0.281375
9 0.658421 0.758916 0.0169733 0.0229381 0.281339
9 0.674884 0.356365 0.0262152 0.0244431 0.278032
9 0.575176 0.558028 0.0216228 0.0222558 0.275931
9 0.591356 0.711775 0.0295051 0.0251501 0.272184
9 0.691296 0.381287 0.0208723 0.0299962 0.271536
9 0.502827 0.0332977 0.0289943 0.02977 0.269615
9 0.604677 0.891407 0.0311208 0.0259564 0.26393
9 0.672866 0.854341 0.0156387 0.0318577 0.261011
9 0.600286 0.799609 0.0287556 0.0276907 0.259167
9 0.591175 0.729902 0.0312429 0.0241343 0.251522
