5 0.471338 0.739959 0.0414084 0.162833 0.911366
3 0.561089 0.742885 0.0252124 0.0589019 0.877523
5 0.500928 0.652882 0.0350432 0.176449 0.87332
5 0.545347 0.966052 0.0497083 0.0678964 0.867048
3 0.788746 0.750105 0.0363148 0.0542603 0.864666
3 0.343875 0.740383 0.0240764 0.0553663 0.841528
3 0.334317 0.840521 0.02682 0.0683559 0.830656
3 0.658593 0.553775 0.0371058 0.023979 0.819381
3 0.506152 0.372076 0.0119755 0.0184719 0.803993
3 0.384014 0.428784 0.0137923 0.0280544 0.752445
3 0.526284 0.801919 0.0242065 0.059637 0.741849
4 0.430317 0.577156 0.0170565 0.0471055 0.730046
5 0.397202 0.396182 0.0183389 0.0486979 0.712928
3 0.48588 0.397218 0.0116821 0.0226405 0.691588
3 0.520368 0.44584 0.0167851 0.024505 0.674097
3 0.379964 0.458244 0.0149674 0.0268893 0.658591
5 0.479892 0.354516 0.0182224 0.0399958 0.656093
3 0.351996 0.684818 0.0238141 0.0584999 0.654691
4 0.358997 0.622448 0.0234453 0.0528618 0.653925
9 0.379491 0.865514 0.0118872 0.0412275 0.647396
3 0.46846 0.238142 0.008317 0.0137775 0.646776
0 0.852446 0.770372 0.0102505 0.0163546 0.633882
3 0.489133 0.429923 0.0173635 0.025107 0.633665
9 0.467073 0.897354 0.0113157 0.0351092 0.633349
5 0.492841 0.486543 0.0275227 0.108595 0.623402
5 0.453532 0.223069 0.0119063 0.0259488 0.597695
5 0.46248 0.424927 0.0222715 0.0821402 0.560174
5 0.464768 0.209133 0.0137554 0.0277319 0.557772
3 0.493045 0.9922 0.0330552 0.0155623 0.536494
5 0.472643 0.269006 0.0148933 0.043656 0.520044
9 0.688471 0.677205 0.0189618 0.0162074 0.510679
3 0.353521 0.533822 0.0431307 0.0251921 0.457172
9 0.401351 0.655354 0.0114377 0.031914 0.454685
7 0.813631 0.7427 0.0286705 0.0466882 0.453891
3 0.512804 0.420819 0.0120495 0.0220405 0.439767
3 0.474165 0.303023 0.0118062 0.0222226 0.418579
3 0.52154 0.477139 0.0162895 0.025277 0.411581
3 0.433155 0.182749 0.00889614 0.0130843 0.392684
5 0.460506 0.326 0.0159475 0.0285689 0.381678
9 0.715626 0.759539 0.0207493 0.0189808 0.368487
4 0.554855 0.679654 0.0226622 0.0480143 0.365418
6 0.813371 0.74462 0.0272429 0.0437551 0.348823
3 0.378109 0.483695 0.0148841 0.0291007 0.340899
3 0.395184 0.355534 0.0159197 0.0169073 0.337449
9 0.688905 0.680341 0.0191332 0.0154188 0.328398
4 0.524884 0.500677 0.0173245 0.0332655 0.326849
9 0.721493 0.693426 0.0133192 0.0175715 0.322797
3 0.555059 0.679905 0.0222067 0.0478441 0.318205
9 0.439698 0.394824 0.00810861 0.012686 0.315712
3 0.48859 0.426296 0.0164262 0.0204937 0.311594
3 0.476248 0.192674 0.0101152 0.0118748 0.310358
9 0.679193 0.651502 0.0184813 0.0158948 0.304337
3 0.431823 0.181485 0.0082302 0.0134734 0.289442
3 0.813785 0.743291 0.0299718 0.0476443 0.286855
3 0.475009 0.300537 0.0116388 0.0203386 0.275163
9 0.507138 0.564229 0.0113004 0.0192167 0.270041
9 0.690377 0.685298 0.0205498 0.0168552 0.268954
5 0.452319 0.176017 0.0127647 0.0354093 0.259713
9 0.760426 0.688756 0.01632 0.0220578 0.254866
