3 0.490072 0.40322 0.0310207 0.0584419 0.85256
4 0.340242 0.418794 0.028361 0.057504 0.848091
3 0.473884 0.30717 0.0251629 0.0405914 0.813393
3 0.533657 0.753454 0.0553023 0.140906 0.80846
3 0.471907 0.258418 0.021804 0.0379644 0.787849
3 0.425556 0.332416 0.0270972 0.0461596 0.775551
9 0.51778 0.269983 0.0186935 0.0170462 0.591033
0 0.503336 0.658197 0.0117 0.0346792 0.587119
0 0.490177 0.66066 0.0120918 0.0341787 0.58356
3 0.414799 0.056775 0.0129371 0.0192088 0.566832
4 0.353505 0.295015 0.0250736 0.0493663 0.546136
3 0.37123 0.163432 0.0187664 0.0296744 0.50011
3 0.458875 0.153052 0.0180502 0.0194114 0.436201
0 0.48914 0.615828 0.0142906 0.0391874 0.431379
9 0.499261 0.263327 0.0190411 0.0216886 0.38222
0 0.313513 0.242841 0.00732025 0.0240752 0.321361
