0 0.397535 0.217661 0.00761514 0.0317617 0.730082
0 0.395046 0.503382 0.00919107 0.0251847 0.614203
0 0.359915 0.549291 0.00790654 0.0262585 0.604153
0 0.396046 0.153276 0.00673645 0.0256927 0.565986
0 0.406265 0.208175 0.00701333 0.0299535 0.54661
0 0.407207 0.211741 0.00751086 0.0322533 0.539257
0 0.262356 0.334795 0.00816766 0.030573 0.516141
0 0.288855 0.129665 0.00806246 0.0302412 0.511828
0 0.362039 0.527461 0.00826856 0.025698 0.448864
0 0.382004 0.148976 0.00749547 0.0263006 0.412193
0 0.363558 0.528126 0.0103932 0.0239699 0.407436
0 0.272274 0.203175 0.00927052 0.0266082 0.378811
0 0.264379 0.331487 0.0100509 0.0296712 0.358072
0 0.410806 0.139298 0.00911617 0.0250831 0.352195
0 0.360843 0.530451 0.00926771 0.0286435 0.351648
0 0.414613 0.154605 0.00831299 0.024658 0.338457
0 0.385018 0.17673 0.00797974 0.0274736 0.324648
0 0.256947 0.33325 0.00953031 0.0293168 0.324612
1 0.239439 0.429949 0.0122221 0.0305975 0.321963
0 0.394058 0.475893 0.00901668 0.0209907 0.320693
0 0.384422 0.0790144 0.00676701 0.0302597 0.274462
