0 0.415251 0.334406 0.00713824 0.0336218 0.66903
0 0.377609 0.3295 0.00782118 0.0272725 0.652044
0 0.443755 0.219798 0.00671522 0.0278806 0.634854
0 0.429221 0.271857 0.00646916 0.0294016 0.613632
0 0.262222 0.926358 0.0169765 0.0261319 0.587845
0 0.408391 0.330219 0.00630798 0.0331267 0.581156
0 0.403309 0.290059 0.00690081 0.0296043 0.580266
0 0.0558726 0.825583 0.0236993 0.0336051 0.559281
0 0.2203 0.858069 0.0155972 0.0212049 0.555553
0 0.270878 0.692995 0.0113244 0.0288896 0.525577
0 0.221718 0.886183 0.0120874 0.0188093 0.525522
0 0.217356 0.841258 0.0160961 0.0243825 0.507292
0 0.354305 0.37409 0.00740882 0.0277697 0.493212
0 0.232831 0.803176 0.0127069 0.0317116 0.470131
0 0.421813 0.279591 0.00629224 0.0253729 0.467826
0 0.252911 0.887362 0.0130942 0.0261648 0.456008
0 0.360811 0.379349 0.00823754 0.0320399 0.45181
0 0.233674 0.962811 0.0134804 0.0311557 0.413919
5 0.569224 0.596079 0.0709062 0.0695835 0.411678
0 0.167916 0.893391 0.0173694 0.0234587 0.408263
0 0.425165 0.270912 0.00732461 0.0300623 0.404047
0 0.477721 0.191371 0.00720062 0.0288448 0.37986
0 0.454803 0.042003 0.00693399 0.0234391 0.35712
0 0.512026 0.0828356 0.00637063 0.0252518 0.35642
0 0.42162 0.273001 0.00603742 0.030333 0.350917
0 0.394733 0.262688 0.00643786 0.0281319 0.344376
0 0.0679713 0.944635 0.0179057 0.0316659 0.34128
0 0.247404 0.99318 0.0103906 0.013639 0.325986
0 0.276351 0.696912 0.010565 0.0325951 0.316955
0 0.302461 0.863241 0.0127681 0.0300245 0.298242
0 0.408926 0.24802 0.00643485 0.0241514 0.284886
0 0.269404 0.902079 0.01117 0.0236713 0.282317
0 0.28111 0.972407 0.0111575 0.0267912 0.274343
0 0.267948 0.882235 0.0116091 0.02718 0.27067
0 0.129058 0.850446 0.0184615 0.0274159 0.265021
0 0.190512 0.903654 0.0152418 0.0252651 0.251082
