3 0.257191 0.42887 0.028513 0.0245462 0.850114
3 0.211958 0.379741 0.0257042 0.020962 0.830902
3 0.806593 0.168858 0.0187004 0.0127842 0.823523
3 0.364792 0.341804 0.0205765 0.0196812 0.814592
3 0.274867 0.416201 0.0308984 0.0228076 0.790528
3 0.325298 0.37883 0.0271618 0.0214153 0.735624
3 0.163367 0.534567 0.026863 0.0309509 0.719461
3 0.31465 0.392252 0.0293249 0.0205621 0.709497
3 0.170167 0.408466 0.0259264 0.0222602 0.69551
3 0.980746 0.223515 0.0218197 0.0165001 0.687606
3 0.779025 0.177723 0.0149302 0.0148367 0.662507
3 0.845053 0.1566 0.0269224 0.0162548 0.658485
3 0.956092 0.23284 0.0247204 0.0159407 0.620813
3 0.932217 0.243851 0.0237511 0.0146147 0.612528
3 0.344777 0.358096 0.0236813 0.0199404 0.584679
3 0.236473 0.447904 0.0266503 0.0174787 0.523789
4 0.29967 0.401431 0.0327725 0.0244246 0.494353
3 0.941738 0.238959 0.0208858 0.0162684 0.472548
5 0.921777 0.196664 0.0257814 0.0190588 0.440705
3 0.471444 0.975455 0.0200663 0.0469435 0.413251
0 0.157953 0.467692 0.00740136 0.0175971 0.385502
0 0.154966 0.465097 0.00621958 0.0153039 0.371747
3 0.65428 0.039132 0.0164683 0.0114219 0.359851
3 0.927293 0.246125 0.0210054 0.0151162 0.350942
9 0.521791 0.981643 0.0205824 0.0209031 0.296731
3 0.130766 0.41872 0.0300656 0.0207631 0.294255
0 0.867575 0.160934 0.00602888 0.0109968 0.292169
3 0.299604 0.402072 0.0330434 0.022843 0.28869
5 0.188467 0.389994 0.0271542 0.0273796 0.287496
3 0.229341 0.457437 0.0304911 0.0228877 0.253288
