0 0.397251 0.865355 0.0259232 0.0676832 0.752136
0 0.289967 0.542304 0.015679 0.0469654 0.737889
0 0.340775 0.879466 0.0227951 0.0744858 0.737812
0 0.378445 0.866364 0.022845 0.0708392 0.707157
0 0.343657 0.449548 0.00992872 0.0322576 0.688352
0 0.534005 0.471512 0.0110035 0.0382405 0.678822
0 0.54716 0.479077 0.010182 0.0428555 0.653774
0 0.228424 0.334687 0.00852877 0.0245486 0.650401
0 0.23878 0.33425 0.0100044 0.0259994 0.639983
0 0.344643 0.345111 0.00849524 0.0274768 0.622169
0 0.216768 0.563378 0.018876 0.0435755 0.594518
3 0.525851 0.243528 0.0164466 0.0150363 0.553648
0 0.539957 0.26562 0.00761614 0.0168641 0.508754
0 0.523979 0.337813 0.0104694 0.0226079 0.424627
0 0.384289 0.867469 0.0278127 0.0708102 0.400374
0 0.525933 0.33882 0.0106497 0.0234889 0.353652
0 0.346104 0.347899 0.00891323 0.0259303 0.345109
0 0.585028 0.261357 0.00755676 0.0135224 0.257381
