0 0.481098 0.847218 0.006939 0.0188092 0.560488
0 0.380474 0.0667316 0.00754534 0.0255309 0.553902
0 0.433046 0.512916 0.00750772 0.0238029 0.509498
0 0.472183 0.807766 0.00695238 0.0178289 0.476299
0 0.458625 0.439659 0.00773913 0.0237349 0.472316
0 0.442392 0.508069 0.00847194 0.0195677 0.430233
0 0.436036 0.431965 0.00786743 0.0203782 0.400973
0 0.466582 0.853747 0.00824166 0.0209846 0.398167
0 0.461581 0.756511 0.0107217 0.0202497 0.382139
0 0.429296 0.339461 0.00750523 0.0234753 0.378934
0 0.458924 0.685274 0.0063409 0.0188231 0.363053
0 0.48403 0.658035 0.00801867 0.0227485 0.350395
0 0.468478 0.675058 0.00776031 0.022424 0.347035
0 0.479557 0.658605 0.00822719 0.0241095 0.334859
0 0.479832 0.89314 0.00750048 0.0183332 0.331153
0 0.489653 0.889343 0.00825174 0.0197577 0.327555
0 0.389365 0.0792989 0.0088058 0.0239721 0.327439
0 0.444723 0.445496 0.00766754 0.0213369 0.306881
0 0.41962 0.338534 0.00692998 0.0233038 0.301524
4 0.416215 0.788415 0.0388945 0.0389706 0.25128
