3 0.201831 0.786387 0.0623524 0.10441 0.903841
3 0.598813 0.307956 0.0468617 0.0860606 0.894659
3 0.256995 0.883686 0.057213 0.102849 0.893447
3 0.380913 0.757587 0.0415539 0.128588 0.892812
3 0.688012 0.1452 0.0415509 0.0753917 0.877499
4 0.546846 0.404807 0.0515584 0.098822 0.869442
3 0.615352 0.13243 0.0475813 0.0901829 0.835989
3 0.371084 0.559161 0.0551546 0.0973095 0.835
3 0.755266 0.0211479 0.0327808 0.0422959 0.818463
3 0.464156 0.397756 0.0523331 0.0899784 0.804574
4 0.644591 0.224373 0.046129 0.0905906 0.784615
3 0.519019 0.299602 0.0433231 0.0819556 0.777215
3 0.034 0.58322 0.0554708 0.0893716 0.73459
4 0.418123 0.471703 0.0565567 0.108489 0.709434
5 0.237925 0.93826 0.0843215 0.120671 0.682471
4 0.132359 0.76212 0.06724 0.121724 0.677267
3 0.0130116 0.467684 0.0259836 0.0702084 0.669178
4 0.652161 0.0633874 0.0391381 0.0750002 0.664015
3 0.0846703 0.659138 0.0665422 0.0975247 0.663518
3 0.0458241 0.524672 0.0582736 0.0915533 0.656158
3 0.418445 0.472984 0.0553032 0.102281 0.646378
3 0.718323 0.0839672 0.039117 0.0710882 0.641879
3 0.684165 0.0205033 0.0342151 0.0410066 0.622931
3 0.186924 0.851563 0.0629956 0.111619 0.606905
3 0.501082 0.488585 0.0520197 0.0971761 0.605587
4 0.421571 0.640471 0.0528666 0.103813 0.600254
4 0.323951 0.637552 0.0536543 0.0986416 0.574687
3 0.0116236 0.5284 0.0231138 0.0689139 0.544367
3 0.644805 0.224629 0.0454868 0.0902218 0.532841
3 0.324215 0.637308 0.0537908 0.101142 0.486271
3 0.421936 0.640942 0.0535825 0.103913 0.421335
4 0.186336 0.850787 0.0625661 0.108621 0.397313
