3 0.49805 0.888153 0.123355 0.0981519 0.922782
3 0.6445 0.68142 0.11019 0.0689444 0.90176
3 0.717195 0.461033 0.108384 0.0708341 0.897386
3 0.138907 0.533079 0.117805 0.0726709 0.896573
3 0.118428 0.126636 0.0960584 0.0645308 0.89109
3 0.453283 0.493305 0.104213 0.0679356 0.889249
3 0.867039 0.839952 0.132985 0.0738702 0.885443
4 0.666213 0.0373848 0.0822049 0.0715731 0.871876
3 0.0667422 0.205971 0.0961052 0.0700031 0.870617
3 0.471684 0.708315 0.122133 0.0832481 0.855797
3 0.601006 0.472668 0.104969 0.0700509 0.801802
3 0.900326 0.967191 0.152782 0.0656171 0.790438
0 0.0466667 0.808649 0.0419735 0.0250526 0.610368
9 0.290527 0.0559248 0.0316417 0.0457796 0.566532
4 0.601396 0.473277 0.105511 0.0710717 0.563759
0 0.127836 0.853088 0.0366303 0.0257729 0.454236
0 0.843111 0.687081 0.0313919 0.0220922 0.394703
6 0.341771 0.5023 0.082324 0.0600525 0.371556
6 0.471481 0.117415 0.0422825 0.0549596 0.298045
9 0.0958386 0.721619 0.0291115 0.0767576 0.29283
6 0.267723 0.508053 0.0509363 0.0706608 0.289119
0 0.0228488 0.755243 0.0206635 0.0274116 0.283057
9 0.252092 0.119934 0.0198008 0.0394641 0.282061
3 0.990013 0.597688 0.0199738 0.0727597 0.252988
0 0.0238994 0.761973 0.0232098 0.0371284 0.250657
