3 0.424153 0.316138 0.072833 0.120177 0.913781
3 0.423527 0.405722 0.0739758 0.0964498 0.905684
3 0.345276 0.382606 0.0449927 0.109952 0.893917
3 0.715036 0.437678 0.0911486 0.0642599 0.89316
3 0.619943 0.472223 0.064673 0.0830347 0.885217
3 0.49184 0.387521 0.0417798 0.0998781 0.881458
3 0.427585 0.766586 0.0866637 0.0604739 0.876555
3 0.276642 0.426397 0.053631 0.115255 0.840817
3 0.700635 0.568115 0.089551 0.0608683 0.820176
3 0.596173 0.364626 0.0383393 0.107275 0.763577
3 0.698551 0.507569 0.0901957 0.049898 0.518218
3 0.915448 0.404318 0.0766651 0.0884669 0.3692
