0 0.472139 0.158254 0.0089764 0.0295086 0.645767
0 0.409366 0.287909 0.00948295 0.0249416 0.577744
0 0.484794 0.78535 0.0129122 0.0171102 0.560606
0 0.407524 0.340334 0.00812378 0.0201357 0.55135
0 0.290363 0.309742 0.00915981 0.0214445 0.542984
0 0.846991 0.162093 0.0116262 0.0250315 0.531549
0 0.532443 0.453199 0.0101387 0.0279264 0.50648
0 0.539512 0.403659 0.00963431 0.0278191 0.499909
0 0.4949 0.142161 0.00926762 0.02602 0.475891
0 0.544505 0.623178 0.0163225 0.0294333 0.470525
0 0.405691 0.930735 0.0099602 0.0224945 0.467652
0 0.373239 0.31291 0.00908164 0.0319698 0.466223
0 0.472045 0.198732 0.00821686 0.026828 0.464044
0 0.491223 0.15092 0.0105813 0.035275 0.455805
0 0.425978 0.287658 0.0109823 0.0263432 0.440781
0 0.501422 0.16582 0.00973646 0.02481 0.440027
0 0.51433 0.324733 0.00963039 0.022109 0.435432
0 0.5016 0.171356 0.00937243 0.0320985 0.417732
0 0.408319 0.289639 0.0105808 0.0294744 0.414023
0 0.451514 0.54635 0.011431 0.0377427 0.393914
0 0.401424 0.793914 0.00970241 0.0198242 0.390006
0 0.525335 0.455266 0.00976571 0.0277077 0.387845
0 0.424074 0.287459 0.0113469 0.0275162 0.377417
0 0.419502 0.973572 0.0103618 0.0198896 0.376702
0 0.47273 0.0173327 0.00915222 0.0236058 0.363957
0 0.322812 0.222991 0.00813827 0.0156307 0.363311
9 0.53837 0.737943 0.0268039 0.0414413 0.35307
0 0.482485 0.199486 0.00786582 0.0244732 0.351567
0 0.393413 0.773109 0.00817466 0.0168953 0.345063
0 0.452351 0.541462 0.01354 0.0320726 0.342869
0 0.346905 0.337004 0.00725287 0.0170645 0.337255
0 0.372621 0.324279 0.00800882 0.0180635 0.335058
9 0.567178 0.756784 0.0129596 0.0381729 0.323671
0 0.468169 0.047894 0.0101974 0.019057 0.320256
0 0.567026 0.657247 0.0108229 0.0217674 0.31928
0 0.473996 0.198073 0.00890969 0.027974 0.31422
0 0.475263 0.160268 0.0120704 0.0300925 0.306985
9 0.535167 0.735288 0.0224455 0.0375009 0.302977
0 0.598437 0.102397 0.00937731 0.0222791 0.299144
0 0.49147 0.20431 0.00888441 0.0271588 0.295433
0 0.405734 0.303653 0.00897988 0.018311 0.294069
0 0.288989 0.279743 0.00957509 0.0188013 0.2817
0 0.426332 0.306916 0.0103192 0.0337159 0.27521
0 0.399361 0.792684 0.0113188 0.0228374 0.271208
9 0.543055 0.737227 0.0238978 0.0380418 0.263551
