3 0.66829 0.6708 0.0693556 0.0493083 0.865207
3 0.45546 0.489728 0.0209837 0.0420874 0.85608
3 0.583134 0.461941 0.0270186 0.043766 0.855831
3 0.507826 0.430238 0.0190958 0.034257 0.854086
3 0.738086 0.657274 0.0672396 0.042953 0.84847
3 0.866193 0.634805 0.0672761 0.0437964 0.838067
3 0.613916 0.45484 0.0271717 0.0440346 0.836976
3 0.639263 0.493607 0.0510405 0.0299202 0.82156
3 0.568782 0.423934 0.0418295 0.028003 0.812819
3 0.624587 0.417779 0.0231207 0.0359393 0.796743
4 0.604617 0.568186 0.0289368 0.0529925 0.778116
3 0.679236 0.452861 0.0297577 0.0348933 0.771225
3 0.468201 0.179211 0.00752106 0.0147544 0.751311
4 0.569406 0.374571 0.0336252 0.0234816 0.748039
3 0.564873 0.343953 0.0369953 0.023742 0.717938
0 0.601922 0.646572 0.00883205 0.0272096 0.712685
4 0.259758 0.207064 0.0180826 0.0225803 0.702627
3 0.754886 0.573816 0.049902 0.0525322 0.663856
3 0.682845 0.589423 0.0463979 0.0669482 0.655572
4 0.64301 0.448879 0.0303626 0.0580271 0.643043
4 0.648284 0.403824 0.0308853 0.0491672 0.627832
3 0.549348 0.286868 0.0306154 0.0191512 0.624138
3 0.721709 0.59328 0.0388928 0.0524297 0.615913
3 0.584643 0.218456 0.020515 0.0131986 0.600676
3 0.263248 0.176262 0.0116618 0.0136464 0.577217
0 0.626777 0.654674 0.0091347 0.0268436 0.573851
3 0.53945 0.219382 0.026919 0.0130447 0.564055
3 0.534007 0.193657 0.02089 0.0128531 0.553276
3 0.54471 0.257866 0.0298315 0.01519 0.545695
3 0.548064 0.280788 0.0282459 0.0148506 0.543214
3 0.541136 0.222222 0.0279024 0.0131703 0.535147
4 0.542179 0.234862 0.0281648 0.0145482 0.513725
3 0.111942 0.279391 0.0282127 0.0170006 0.513109
3 0.163496 0.238059 0.0263434 0.0166342 0.503978
3 0.549352 0.283836 0.0294245 0.0185823 0.503014
3 0.534486 0.177213 0.0182865 0.0108568 0.49788
3 0.544258 0.26097 0.0301155 0.0151717 0.49546
3 0.132067 0.26416 0.030736 0.0150498 0.491609
3 0.557184 0.193289 0.00950509 0.0138784 0.490487
3 0.111885 0.281908 0.0301515 0.0167839 0.477227
3 0.149355 0.251232 0.0286926 0.0158797 0.471574
0 0.624348 0.653746 0.0112814 0.0262716 0.469165
3 0.198391 0.204642 0.0239462 0.0134866 0.447716
3 0.10119 0.225102 0.0242505 0.0153842 0.446644
3 0.129683 0.26585 0.0313982 0.0158186 0.444967
8 0.482088 0.165698 0.00991608 0.0226923 0.44282
3 0.165916 0.233685 0.0301876 0.0161861 0.442078
3 0.15821 0.243412 0.0298866 0.0150096 0.424945
3 0.178966 0.225937 0.0269448 0.014462 0.423293
3 0.533871 0.184081 0.020092 0.0105731 0.423272
3 0.583118 0.204269 0.0158983 0.011459 0.420981
3 0.543822 0.251914 0.0297091 0.0141056 0.41354
3 0.247413 0.177852 0.00980634 0.0139575 0.412829
3 0.8013 0.847507 0.0718692 0.0650218 0.412021
3 0.152819 0.248045 0.0264314 0.0163852 0.401341
3 0.170396 0.230919 0.0290141 0.0146416 0.396971
3 0.0987723 0.226775 0.0218535 0.0165804 0.390814
3 0.182372 0.219075 0.0273915 0.0139917 0.381309
3 0.126366 0.267716 0.0327687 0.0156794 0.379894
3 0.142963 0.25592 0.0293277 0.0154424 0.366138
0 0.518915 0.260287 0.0049037 0.0138617 0.362315
3 0.543027 0.254007 0.0286979 0.0132233 0.359755
3 0.0773694 0.303253 0.0358378 0.0168945 0.353497
3 0.138558 0.257767 0.0272071 0.0146643 0.336204
3 0.575691 0.171043 0.0115114 0.0114914 0.320528
3 0.0902481 0.2959 0.034187 0.0188251 0.318892
3 0.537879 0.215706 0.0239502 0.0147956 0.311267
0 0.55204 0.555492 0.00890407 0.0259402 0.306292
3 0.0857596 0.314139 0.0372566 0.0212124 0.302228
3 0.235477 0.179312 0.0117389 0.0125035 0.291576
3 0.482063 0.165979 0.00981925 0.0223963 0.287204
9 0.479185 0.361918 0.00861367 0.0210093 0.285808
3 0.493626 0.0947037 0.00989668 0.00860877 0.274706
3 0.0806863 0.301498 0.0342482 0.0179692 0.27079
3 0.087063 0.297714 0.0373921 0.0186203 0.264909
