3 0.673404 0.921584 0.0411728 0.0973946 0.899033
3 0.471886 0.787219 0.0322781 0.085512 0.894414
3 0.644652 0.742592 0.0342192 0.0684728 0.880691
3 0.474038 0.886636 0.0351039 0.105237 0.875353
3 0.655972 0.828333 0.0347218 0.0790644 0.868898
3 0.603314 0.759422 0.0353642 0.0726746 0.861993
3 0.618445 0.876311 0.0403545 0.0989037 0.853038
3 0.602592 0.615715 0.0572121 0.0391286 0.848619
3 0.6285 0.669796 0.0361528 0.0668938 0.840932
3 0.591561 0.674446 0.0322275 0.070759 0.829873
3 0.477332 0.57686 0.0266759 0.0567766 0.823966
3 0.543733 0.311199 0.0182789 0.02386 0.801376
3 0.539578 0.280386 0.0263506 0.0247978 0.799951
3 0.476458 0.528285 0.0232858 0.0451351 0.761036
3 0.477454 0.487073 0.022179 0.0463016 0.75453
3 0.594901 0.488741 0.0229728 0.040902 0.751124
3 0.597364 0.364639 0.0412575 0.0257831 0.743826
3 0.478193 0.447433 0.0205624 0.0393983 0.741283
3 0.588674 0.343871 0.0406842 0.0234032 0.66767
3 0.589226 0.456105 0.0222683 0.0339041 0.644621
3 0.465898 0.383863 0.0356934 0.0235801 0.633425
9 0.616951 0.589767 0.0231036 0.0204768 0.632843
9 0.467036 0.982621 0.0463576 0.0247248 0.630973
9 0.764553 0.983469 0.0275639 0.0315655 0.62992
9 0.74364 0.945598 0.0224665 0.0378208 0.623656
3 0.474336 0.413717 0.0265901 0.0331309 0.612953
9 0.613847 0.804073 0.0289279 0.02323 0.612181
3 0.560312 0.259952 0.0153576 0.0181738 0.61043
9 0.470569 0.953482 0.0317555 0.0202579 0.606017
3 0.480727 0.252509 0.0147766 0.0209332 0.598658
9 0.57381 0.407875 0.0192066 0.0179274 0.566024
3 0.467665 0.339817 0.032943 0.0217349 0.527822
9 0.712231 0.873188 0.0323509 0.0237808 0.50795
3 0.543606 0.161168 0.0254528 0.0124982 0.505692
3 0.559137 0.181244 0.0147998 0.0163002 0.495729
3 0.489045 0.109172 0.0145567 0.012886 0.494451
9 0.717176 0.89245 0.027684 0.0297373 0.480421
3 0.480577 0.270328 0.0151607 0.0244611 0.478888
3 0.542759 0.262045 0.0182496 0.0199301 0.475823
3 0.565469 0.301333 0.015321 0.0212444 0.472153
3 0.469444 0.314084 0.0316456 0.0227065 0.449862
3 0.46487 0.358819 0.0352005 0.0220914 0.445634
3 0.568064 0.320002 0.0167694 0.0266995 0.428029
3 0.554254 0.230461 0.0140441 0.0190613 0.382754
3 0.485954 0.0763692 0.00956421 0.0123325 0.358604
3 0.551636 0.216152 0.0149823 0.0185125 0.354673
0 0.608509 0.433365 0.00588571 0.0182785 0.344324
9 0.498331 0.505316 0.00970433 0.030708 0.343165
3 0.552981 0.193495 0.0151716 0.0159504 0.337291
0 0.498322 0.359197 0.00916024 0.0182687 0.330958
3 0.466307 0.354551 0.0342814 0.0216607 0.32677
3 0.55533 0.233431 0.0146219 0.0186754 0.322074
3 0.466949 0.332977 0.0351433 0.0199784 0.303878
3 0.487361 0.0825556 0.00804958 0.0124306 0.303837
3 0.484898 0.0500884 0.00810063 0.0118871 0.302583
0 0.607953 0.435886 0.00606489 0.0220689 0.299786
9 0.586019 0.426719 0.0213709 0.021982 0.297119
0 0.569432 0.50674 0.0135336 0.0229116 0.284263
3 0.550467 0.197068 0.014319 0.0168448 0.281428
3 0.469189 0.318068 0.0319157 0.0194209 0.277089
3 0.484043 0.0311895 0.00782737 0.0125427 0.265373
3 0.469605 0.302689 0.028136 0.0205314 0.254926
3 0.537305 0.161095 0.0179882 0.0108383 0.254236
