0 0.307299 0.504362 0.011571 0.0271439 0.790141
0 0.332682 0.604446 0.01171 0.0389536 0.765649
0 0.343624 0.868832 0.0108463 0.0289242 0.743137
0 0.358356 0.505447 0.00915756 0.0374554 0.686039
0 0.337681 0.334036 0.0075555 0.0328735 0.650401
0 0.338843 0.394478 0.00983577 0.0309657 0.626395
0 0.378019 0.725771 0.0122283 0.0432993 0.622151
0 0.290155 0.499667 0.0124366 0.0330429 0.603402
9 0.248655 0.754685 0.0402905 0.0338943 0.578405
0 0.351229 0.46652 0.0107123 0.0295411 0.565492
0 0.344849 0.333231 0.00943671 0.0325784 0.565313
0 0.340761 0.48122 0.00932377 0.0339924 0.548692
9 0.254696 0.715421 0.0366435 0.0427433 0.543485
0 0.394709 0.955749 0.0143562 0.0347429 0.530063
0 0.386493 0.519047 0.00926383 0.032106 0.528822
0 0.357562 0.0749822 0.00849285 0.0361958 0.519867
9 0.24811 0.797974 0.0311735 0.0290062 0.519221
9 0.323158 0.40687 0.0103193 0.0419233 0.517571
0 0.359001 0.0726879 0.00897831 0.038196 0.512819
9 0.258702 0.687716 0.0276473 0.0297429 0.509098
0 0.310026 0.622534 0.0126159 0.0443522 0.505179
0 0.336581 0.334013 0.010662 0.0335942 0.495684
9 0.229823 0.960377 0.0331373 0.0317613 0.473347
0 0.361122 0.438897 0.00974553 0.0281273 0.445777
9 0.230975 0.908751 0.0314933 0.0283022 0.436053
9 0.241441 0.87108 0.0348875 0.0267223 0.431688
9 0.244609 0.777481 0.0346074 0.0304589 0.423324
0 0.376759 0.155589 0.00919364 0.0332926 0.412515
9 0.359642 0.618875 0.0121158 0.0482055 0.410307
9 0.257171 0.704016 0.0315715 0.0328998 0.405494
9 0.258897 0.674757 0.0280586 0.0270207 0.400237
0 0.358474 0.130901 0.00877566 0.0324794 0.377293
0 0.366526 0.497904 0.0103966 0.0308342 0.367254
0 0.385927 0.986566 0.00982849 0.0221788 0.361896
9 0.23244 0.934676 0.0312274 0.0295711 0.347333
0 0.368052 0.503873 0.00945997 0.0375075 0.341689
0 0.363026 0.442466 0.0116136 0.031418 0.33581
9 0.246889 0.790846 0.0319301 0.0287331 0.32669
0 0.359984 0.618048 0.0120195 0.0487307 0.313366
0 0.307284 0.187866 0.0102671 0.0373777 0.306248
0 0.379041 0.495805 0.00961796 0.032032 0.289959
0 0.371391 0.09377 0.00861101 0.0343865 0.283233
0 0.369674 0.0698834 0.00844358 0.0369417 0.281446
0 0.35882 0.188184 0.00891604 0.0321619 0.281221
1 0.32713 0.152314 0.00876271 0.0300213 0.276869
9 0.233255 0.904684 0.0337432 0.0274118 0.275405
0 0.367631 0.181028 0.00824448 0.0345758 0.272771
0 0.347137 0.0138915 0.0070723 0.0265984 0.270213
9 0.256565 0.695505 0.0307271 0.0269333 0.251639
