3 0.4251 0.597103 0.0570608 0.0425816 0.891551
3 0.531985 0.625958 0.060848 0.0480878 0.847842
3 0.406834 0.498818 0.0431724 0.0303354 0.838677
3 0.754889 0.474317 0.0312863 0.0245997 0.835395
3 0.683902 0.388599 0.0236159 0.0188345 0.828116
3 0.492369 0.493226 0.0448263 0.0330335 0.827971
3 0.785473 0.428589 0.0249735 0.0222338 0.827538
4 0.424803 0.691216 0.0666128 0.0581365 0.823258
3 0.631669 0.556196 0.0509413 0.0377004 0.821819
3 0.354473 0.516593 0.0479289 0.0325319 0.811557
3 0.19213 0.583028 0.0663338 0.0424291 0.804233
3 0.472647 0.473175 0.0385515 0.029548 0.800497
3 0.696916 0.516469 0.0390199 0.0312203 0.795867
3 0.282413 0.54767 0.0451684 0.0353697 0.792074
8 0.0584748 0.631124 0.116659 0.122464 0.783516
3 0.518739 0.454543 0.030237 0.0221563 0.775463
3 0.0377795 0.955362 0.0755559 0.0817691 0.739051
3 0.126502 0.560553 0.0511374 0.0352653 0.687667
3 0.586072 0.455419 0.0348444 0.0274958 0.686305
3 0.177005 0.859659 0.116035 0.0987404 0.683761
3 0.640481 0.407406 0.0222473 0.0201183 0.667656
3 0.602029 0.423367 0.0299316 0.0226844 0.64664
0 0.447948 0.755453 0.0145199 0.0428047 0.640054
4 0.211985 0.544146 0.0864006 0.0513057 0.565981
1 0.356248 0.701588 0.0154917 0.0332293 0.555582
3 0.614186 0.409293 0.0301935 0.0202148 0.542099
3 0.302336 0.774075 0.102026 0.0838937 0.534762
3 0.706334 0.378749 0.020204 0.017898 0.532023
3 0.610943 0.405503 0.0296715 0.0190779 0.53133
0 0.0699989 0.867648 0.0222203 0.0472475 0.522828
5 0.373936 0.484321 0.0465892 0.0288134 0.522468
4 0.302075 0.774471 0.104558 0.0849683 0.466145
9 0.619122 0.521892 0.024426 0.0249811 0.426065
0 0.285253 0.84638 0.0171717 0.0448255 0.403041
0 0.781511 0.473898 0.00832772 0.025053 0.390533
2 0.357805 0.710053 0.0277368 0.0306442 0.366818
4 0.176863 0.860155 0.116468 0.0994014 0.353917
3 0.275218 0.528649 0.0307604 0.0306675 0.324814
8 0.211461 0.54515 0.0866302 0.054069 0.323837
3 0.777222 0.364742 0.0198017 0.016364 0.291209
1 0.555518 0.647314 0.0138188 0.0300115 0.280366
0 0.572219 0.411843 0.00698569 0.0155713 0.275975
0 0.809949 0.479177 0.00743966 0.0206499 0.267966
2 0.555228 0.653317 0.0178558 0.0305325 0.261345
