5 0.136031 0.0856233 0.124149 0.0985745 0.830202
3 0.122259 0.853542 0.0827159 0.0915988 0.827483
0 0.595129 0.752074 0.0116188 0.0233497 0.714479
0 0.485885 0.579626 0.0108838 0.0321221 0.642561
0 0.556383 0.107116 0.0100335 0.0299249 0.573142
0 0.582462 0.733807 0.0107795 0.0197364 0.487201
0 0.496087 0.57116 0.0100611 0.0247425 0.471189
0 0.947067 0.973491 0.021566 0.0266199 0.440772
3 0.0960848 0.933129 0.131463 0.127443 0.439201
9 0.529429 0.0330865 0.0173709 0.0496825 0.363573
5 0.0982064 0.933463 0.134477 0.130656 0.355514
0 0.540043 0.590501 0.0112907 0.0235343 0.352979
0 0.531712 0.546079 0.0106583 0.0214927 0.310061
9 0.609268 0.0543862 0.013772 0.0513468 0.294763
4 0.116424 0.756066 0.113694 0.0911212 0.267392
0 0.496394 0.567158 0.0108746 0.0267804 0.251715
