3 0.468849 0.795608 0.0348805 0.0841848 0.859318
3 0.0988875 0.533248 0.0464128 0.0325256 0.829822
3 0.0634463 0.586342 0.0564465 0.0424854 0.829039
3 0.792261 0.625934 0.0647633 0.0385625 0.809922
3 0.0817772 0.557229 0.05489 0.0327632 0.790683
3 0.163317 0.540329 0.0317671 0.0486354 0.782774
4 0.41595 0.371361 0.0233652 0.056994 0.774287
3 0.0363037 0.620907 0.0584139 0.0444361 0.761594
4 0.429864 0.450129 0.0258665 0.0575317 0.761079
3 0.130586 0.477069 0.046977 0.0281045 0.733725
3 0.142173 0.457587 0.0430104 0.0226135 0.663541
9 0.845131 0.689008 0.0274098 0.0226971 0.66228
9 0.857535 0.653947 0.0174568 0.0209849 0.657118
3 0.55461 0.296182 0.0203234 0.0128273 0.654479
3 0.212749 0.351455 0.029222 0.0164874 0.63501
3 0.197135 0.372476 0.0284656 0.0169214 0.584411
3 0.443985 0.592996 0.026767 0.050717 0.536313
3 0.27974 0.253673 0.0101607 0.0141964 0.536169
3 0.183495 0.389305 0.0380733 0.0172742 0.531108
3 0.276438 0.271905 0.0110144 0.0152286 0.518531
4 0.15696 0.438084 0.0336709 0.0185412 0.489162
3 0.545499 0.281086 0.0213334 0.0144522 0.477192
4 0.482823 0.314816 0.0241711 0.0170514 0.448438
4 0.440671 0.22399 0.0133609 0.0180395 0.440803
3 0.41554 0.195931 0.00729309 0.0100136 0.415146
3 0.193161 0.374996 0.0346276 0.0187218 0.407999
3 0.181016 0.393846 0.038697 0.018634 0.391594
4 0.409375 0.238784 0.00923026 0.0199651 0.368208
3 0.455942 0.207327 0.0166811 0.00930465 0.36695
3 0.219586 0.335502 0.0227714 0.0161507 0.361328
3 0.156272 0.439785 0.0358745 0.0215641 0.359782
4 0.177638 0.402201 0.0355275 0.0204221 0.324918
4 0.443985 0.594525 0.0267198 0.0529872 0.31235
3 0.264171 0.254076 0.0118641 0.0155668 0.302382
0 0.490115 0.612377 0.0103001 0.0392043 0.296344
3 0.189721 0.378498 0.035851 0.0212247 0.292456
4 0.443158 0.25013 0.00937596 0.0170863 0.28681
3 0.226761 0.293016 0.0216887 0.0144927 0.283018
3 0.220266 0.332131 0.0243834 0.014671 0.277315
9 0.489896 0.613269 0.0106936 0.0384927 0.269436
3 0.26511 0.305808 0.0178813 0.0144217 0.26799
3 0.267502 0.17076 0.0139151 0.0086001 0.259331
3 0.231044 0.292576 0.0287525 0.0143623 0.251265
3 0.389859 0.14506 0.00560948 0.0100816 0.250859
3 0.297249 0.207074 0.00831421 0.013093 0.250213
