3 0.804222 0.840926 0.0415928 0.0647548 0.893375
3 0.752991 0.833782 0.0277629 0.0746572 0.879897
4 0.463414 0.824601 0.025368 0.0674413 0.877157
3 0.759863 0.713521 0.0308078 0.0510736 0.862642
3 0.456592 0.430367 0.0325176 0.0201018 0.849819
3 0.721546 0.824002 0.0256701 0.0668358 0.841358
3 0.465391 0.970566 0.0318354 0.0586426 0.838979
3 0.539562 0.278173 0.0112705 0.0207336 0.834967
5 0.509847 0.479827 0.0310518 0.127214 0.833287
3 0.467949 0.379542 0.0279847 0.0171103 0.828974
4 0.700984 0.702425 0.0345924 0.0514427 0.796658
3 0.546733 0.20999 0.00896262 0.0152133 0.793511
5 0.471442 0.521798 0.0244928 0.0637033 0.787209
3 0.608843 0.440564 0.0142431 0.0259248 0.775593
3 0.544145 0.240465 0.00980146 0.0142335 0.755866
9 0.831595 0.879443 0.0257507 0.0213205 0.752041
5 0.517792 0.859658 0.041925 0.205809 0.726951
3 0.904332 0.307038 0.019894 0.0204164 0.704356
0 0.439676 0.763525 0.00818307 0.0210795 0.625664
3 0.601466 0.39485 0.0125463 0.0245539 0.623483
9 0.810461 0.792981 0.0242872 0.0214548 0.614357
3 0.526323 0.386842 0.0136254 0.0320829 0.605397
9 0.806829 0.774958 0.0188491 0.0185939 0.582247
9 0.838962 0.897994 0.0228243 0.0208326 0.581865
4 0.540636 0.331642 0.0135956 0.0311993 0.57333
3 0.676271 0.298202 0.0238914 0.0143372 0.570817
0 0.430702 0.762391 0.00732583 0.0202581 0.555715
5 0.547072 0.167573 0.0106381 0.0282007 0.519993
9 0.844458 0.93737 0.021426 0.0236837 0.49687
9 0.432226 0.443007 0.0181072 0.0115324 0.483217
5 0.548592 0.142705 0.0100041 0.0189557 0.397701
9 0.855011 0.958146 0.0251614 0.0278967 0.331771
3 0.554466 0.0769176 0.00668976 0.0120367 0.323462
3 0.560638 0.106661 0.00878013 0.00958735 0.322449
3 0.531247 0.120654 0.00795489 0.00975196 0.320042
3 0.582218 0.126631 0.0106531 0.00840508 0.318429
9 0.856784 0.968775 0.0240376 0.0187427 0.297999
3 0.553316 0.0908901 0.00632124 0.00953687 0.293531
5 0.549037 0.128042 0.0106501 0.0235604 0.279838
3 0.58228 0.0619502 0.00712376 0.00865412 0.256536
2 0.797086 0.736539 0.0167276 0.0200475 0.254163
