3 0.301916 0.826247 0.0920133 0.063655 0.889284
3 0.31587 0.770605 0.0834777 0.0518103 0.87393
3 0.335431 0.717288 0.0713962 0.0516084 0.859662
3 0.360604 0.560745 0.0641029 0.0365201 0.854125
3 0.467231 0.258419 0.0115709 0.0191468 0.787221
3 0.850644 0.338155 0.0362997 0.0219384 0.773564
3 0.383638 0.333694 0.0182818 0.0290002 0.7479
3 0.392953 0.415274 0.0329825 0.0300672 0.746923
4 0.365372 0.529355 0.0543311 0.0352207 0.732392
3 0.374803 0.508556 0.0530638 0.0312501 0.731614
3 0.489938 0.250838 0.0115158 0.0194322 0.727945
3 0.44105 0.263753 0.0148589 0.0218722 0.724453
5 0.509906 0.472325 0.0264371 0.0835988 0.705227
3 0.864235 0.31556 0.0338777 0.0173844 0.685552
9 0.292091 0.494409 0.0191759 0.019649 0.68421
3 0.370978 0.304433 0.0169782 0.0256112 0.677372
3 0.415458 0.333644 0.0379297 0.0201586 0.672185
3 0.87357 0.358973 0.0389721 0.0208228 0.663126
3 0.909502 0.357998 0.037318 0.0209735 0.651885
3 0.523393 0.171514 0.019682 0.0126629 0.650226
5 0.412458 0.360317 0.0582313 0.0390124 0.640785
5 0.403349 0.394378 0.0523253 0.0392625 0.628617
4 0.390594 0.445468 0.0476944 0.0488819 0.619256
3 0.498114 0.232313 0.0101596 0.0170009 0.609035
3 0.361183 0.333261 0.0161229 0.0295427 0.605168
3 0.502079 0.157186 0.00912096 0.0139568 0.598473
4 0.355855 0.589075 0.0578226 0.0396962 0.598379
3 0.497664 0.202522 0.0104359 0.0160076 0.597108
3 0.364004 0.529906 0.0562316 0.0344289 0.565785
3 0.500243 0.232301 0.0120923 0.0173327 0.563731
8 0.463988 0.207215 0.0152258 0.0358596 0.534324
9 0.278179 0.541958 0.0207156 0.0203405 0.523661
0 0.414606 0.519358 0.00875035 0.0257563 0.497853
3 0.497559 0.30228 0.0134297 0.0265568 0.482414
4 0.491261 0.38624 0.0182707 0.0396802 0.447007
3 0.356152 0.588142 0.0570485 0.039407 0.426202
3 0.488741 0.17375 0.0104235 0.0145601 0.422755
0 0.430088 0.295699 0.00627232 0.0193513 0.416595
3 0.49751 0.199241 0.00949289 0.0175365 0.406886
3 0.477273 0.189859 0.00862797 0.0144404 0.389154
9 0.483775 0.34467 0.00752829 0.0195491 0.372706
3 0.485548 0.156671 0.00873413 0.0121072 0.354443
0 0.483168 0.343354 0.00558437 0.01932 0.338574
3 0.425905 0.138642 0.0169145 0.00943673 0.307793
4 0.392863 0.414886 0.033992 0.0299403 0.300871
3 0.879129 0.357958 0.0477242 0.0237018 0.276088
3 0.42304 0.144481 0.0169958 0.0100589 0.268275
8 0.485251 0.134979 0.0119423 0.0261359 0.268005
3 0.459565 0.135214 0.00762891 0.0129446 0.256444
