0 0.256383 0.491861 0.00812221 0.0161264 0.602919
0 0.285377 0.604974 0.00857152 0.0139999 0.589856
0 0.355162 0.727702 0.0061378 0.0166222 0.534293
0 0.255063 0.448041 0.00670977 0.0123388 0.530582
0 0.256215 0.466348 0.00822039 0.0153175 0.51664
0 0.332277 0.375767 0.0126244 0.0159494 0.498056
0 0.272092 0.602876 0.00801688 0.0140138 0.463846
9 0.356867 0.149336 0.0142118 0.0253138 0.412172
0 0.568749 0.556661 0.00692444 0.0161398 0.409383
0 0.271071 0.622767 0.00986572 0.0161517 0.397301
0 0.577338 0.554556 0.00785444 0.0151097 0.374641
0 0.232643 0.333735 0.00938681 0.0225507 0.355322
9 0.361944 0.200765 0.0157479 0.0213384 0.327546
0 0.347397 0.238464 0.00908175 0.0184517 0.306372
9 0.35754 0.22679 0.0217346 0.0236461 0.298555
0 0.328473 0.374691 0.00932776 0.0169777 0.275961
0 0.375942 0.16013 0.0106616 0.0220452 0.269291
0 0.701238 0.451632 0.0103677 0.0152718 0.259934
0 0.697601 0.45956 0.00931911 0.0144651 0.254462
0 0.541039 0.827045 0.00613787 0.0121508 0.250056
