0 0.185099 0.905348 0.0163272 0.0372048 0.642656
0 0.267197 0.0247918 0.00853006 0.0280896 0.596771
0 0.115925 0.775825 0.0163097 0.0410279 0.58086
0 0.442204 0.698917 0.0130022 0.0312593 0.568763
0 0.214411 0.13916 0.0112689 0.0328814 0.445729
0 0.249098 0.129891 0.0106995 0.0368073 0.363727
0 0.215814 0.142685 0.0100896 0.0313955 0.350037
0 0.656108 0.371669 0.0110365 0.0384268 0.342902
0 0.21186 0.135836 0.01125 0.0311275 0.298504
0 0.250936 0.130795 0.0106929 0.0371844 0.268796
0 0.135697 0.379734 0.0116243 0.0264365 0.253215
