3 0.477288 0.65586 0.110538 0.241859 0.919164
3 0.619563 0.431878 0.0783978 0.0933572 0.917312
3 0.618942 0.645502 0.135621 0.235953 0.910627
4 0.769187 0.600096 0.200678 0.280785 0.90201
3 0.360365 0.576926 0.0770488 0.160875 0.901951
3 0.531673 0.418216 0.0660934 0.0997571 0.890118
3 0.381836 0.427704 0.0549295 0.0898287 0.865848
3 0.454871 0.379007 0.0448787 0.0686848 0.832853
3 0.448161 0.295153 0.0338883 0.0428516 0.74174
1 0.172546 0.621616 0.0457611 0.0930499 0.623855
3 0.448906 0.329908 0.0320751 0.0439472 0.589958
3 0.417475 0.23666 0.0203497 0.0293142 0.523953
3 0.443501 0.246134 0.0254318 0.0315551 0.522656
3 0.439881 0.220365 0.019006 0.0237595 0.501472
1 0.179154 0.627222 0.0461604 0.0850349 0.369141
2 0.174349 0.645594 0.0598516 0.105239 0.352288
9 0.176788 0.652412 0.0551393 0.0944719 0.293246
