5 0.813924 0.588629 0.104488 0.0625212 0.900492
5 0.823213 0.718397 0.11802 0.0597703 0.898042
5 0.837432 0.785625 0.116251 0.0569448 0.88286
3 0.823621 0.542092 0.0542303 0.0319824 0.84977
3 0.158709 0.808635 0.0733718 0.0425058 0.847356
3 0.331309 0.792946 0.0575784 0.0360143 0.832486
3 0.344738 0.957339 0.0352052 0.0850974 0.832235
3 0.98667 0.822592 0.0266595 0.0910131 0.810416
3 0.38374 0.956723 0.0298775 0.0848976 0.787995
3 0.0491693 0.275775 0.0486023 0.0280724 0.705761
4 0.599911 0.971548 0.0300177 0.0565738 0.548222
9 0.43876 0.244896 0.0184548 0.0169196 0.332481
