3 0.383361 0.573717 0.0238864 0.0824349 0.865725
3 0.396366 0.829654 0.0280555 0.103766 0.843696
3 0.419988 0.019953 0.0165967 0.0399006 0.832649
3 0.417822 0.568226 0.0224468 0.0801684 0.831534
4 0.419842 0.874826 0.0297911 0.119135 0.829702
3 0.381757 0.967676 0.0257204 0.0598005 0.826944
3 0.437337 0.676451 0.023176 0.0886476 0.819224
4 0.35344 0.724593 0.029068 0.106803 0.812846
3 0.408 0.677173 0.0270772 0.0901364 0.807443
5 0.393929 0.443593 0.0319788 0.130681 0.800306
4 0.349348 0.592966 0.0233348 0.0812122 0.78481
3 0.323708 0.83544 0.0265666 0.0863606 0.773832
3 0.445147 0.568887 0.0228128 0.084552 0.76446
3 0.384699 0.309944 0.0197733 0.0576766 0.760362
4 0.338533 0.486627 0.0265426 0.0976981 0.720117
3 0.456755 0.0341205 0.0188719 0.0491732 0.712004
3 0.448898 0.490263 0.0205851 0.068613 0.699914
3 0.415817 0.976946 0.0247841 0.0410231 0.683903
4 0.363044 0.5085 0.0237459 0.0840312 0.65533
3 0.425382 0.453856 0.0220997 0.0837456 0.517966
3 0.430618 0.773802 0.024222 0.0916369 0.44924
3 0.450552 0.423749 0.0151266 0.0430498 0.377562
0 0.439765 0.0220907 0.0080801 0.0299009 0.338847
