4 0.190085 0.558858 0.0649691 0.0789458 0.904811
4 0.793713 0.533842 0.0684222 0.0585774 0.882774
4 0.35937 0.532966 0.0647738 0.0536335 0.854179
3 0.815735 0.40732 0.0364532 0.0499251 0.82508
3 0.853971 0.459688 0.0355123 0.0473232 0.814354
4 0.705308 0.536594 0.0654171 0.0575952 0.81192
3 0.915626 0.34431 0.0363742 0.0341995 0.804368
3 0.562954 0.537713 0.0489004 0.0433251 0.792451
3 0.840397 0.360868 0.0397507 0.0319969 0.788203
3 0.957436 0.475178 0.0417539 0.0414015 0.774374
3 0.496089 0.534983 0.0634689 0.0461549 0.766017
4 0.628821 0.532616 0.0649057 0.0562483 0.695737
0 0.543937 0.680888 0.00972281 0.0380278 0.694375
3 0.476003 0.485311 0.0342203 0.034951 0.663578
3 0.318915 0.400491 0.0270394 0.0399398 0.654942
4 0.985342 0.501759 0.0293156 0.0615692 0.641226
5 0.214526 0.47505 0.0620612 0.108784 0.636429
3 0.647314 0.161704 0.014517 0.0281417 0.59022
3 0.0683798 0.674598 0.0727022 0.0622945 0.589783
3 0.952829 0.321644 0.0394695 0.0356914 0.578937
3 0.630724 0.487616 0.0566174 0.0339953 0.562724
3 0.391941 0.482033 0.0574583 0.0380464 0.551909
3 0.813475 0.337903 0.0348095 0.0393851 0.550307
3 0.741157 0.327291 0.0203152 0.0379162 0.537512
8 0.0596204 0.614164 0.0776351 0.0845948 0.528861
3 0.773644 0.415206 0.0209104 0.0438943 0.507196
5 0.668733 0.133827 0.0227202 0.0480998 0.485445
3 0.626833 0.114608 0.0119749 0.0223201 0.454339
8 0.214937 0.476349 0.0612323 0.106697 0.451802
9 0.552871 0.487146 0.026685 0.0265471 0.422853
3 0.719504 0.223192 0.0231642 0.038345 0.422085
3 0.673898 0.206255 0.0203433 0.0338666 0.360978
3 0.704199 0.198422 0.0180457 0.0295425 0.3575
9 0.585444 0.486999 0.0234032 0.0249887 0.341138
3 0.71669 0.219195 0.022761 0.0402719 0.333868
4 0.644978 0.105107 0.0118669 0.0356063 0.332214
0 0.570678 0.710366 0.0090744 0.0298506 0.329783
4 0.0612543 0.612249 0.073405 0.0806028 0.329428
4 0.673811 0.205338 0.0205219 0.035929 0.326473
0 0.584119 0.712751 0.00931357 0.0295788 0.312588
4 0.66873 0.133963 0.0225415 0.0477567 0.284947
3 0.264414 0.355242 0.0224566 0.0373479 0.271937
3 0.284458 0.32356 0.0226213 0.0313635 0.263328
9 0.508006 0.486356 0.0125628 0.0268095 0.257002
