9 0.229843 0.637149 0.0159214 0.0416008 0.576175
0 0.515653 0.106556 0.00706347 0.033483 0.568777
0 0.511498 0.897533 0.0111626 0.0200546 0.546413
0 0.379496 0.647659 0.0120144 0.0197477 0.534957
7 0.575205 0.367261 0.0437317 0.0391024 0.515552
9 0.432313 0.273529 0.00991211 0.0414324 0.507853
0 0.601748 0.452458 0.00905169 0.0221076 0.505554
0 0.526772 0.108483 0.00777514 0.0266702 0.486925
0 0.435741 0.710793 0.00978145 0.024769 0.475043
0 0.44614 0.639362 0.012158 0.0156015 0.468257
0 0.484533 0.885021 0.00836714 0.0174267 0.442711
0 0.459138 0.640328 0.011155 0.019029 0.442185
7 0.585487 0.327026 0.043772 0.0407305 0.43201
0 0.554756 0.491553 0.00751971 0.0191375 0.407667
9 0.242119 0.640702 0.012919 0.0383244 0.404078
0 0.572902 0.415163 0.0083231 0.0188938 0.403633
9 0.254021 0.643364 0.0112185 0.0386071 0.378891
9 0.284019 0.574155 0.0178086 0.0203752 0.360546
0 0.305655 0.633647 0.0116094 0.0208594 0.359434
9 0.0086743 0.931212 0.0173486 0.0314603 0.358834
0 0.532211 0.124565 0.00772858 0.0321444 0.35711
4 0.884705 0.273938 0.0310225 0.0385921 0.345969
9 0.418672 0.262355 0.00881252 0.0344073 0.335987
0 0.534384 0.12352 0.00749712 0.0280171 0.332057
9 0.267298 0.647064 0.0124048 0.0343107 0.321914
9 0.295759 0.571359 0.0178658 0.0241052 0.319004
4 0.592867 0.558178 0.0739813 0.11005 0.31735
9 0.431754 0.279405 0.00893555 0.0376609 0.280108
0 0.419162 0.431339 0.00661686 0.018775 0.275325
0 0.432283 0.741856 0.0113009 0.0206229 0.275098
0 0.381244 0.649475 0.0129844 0.0181881 0.270754
0 0.304903 0.631204 0.0105358 0.0187649 0.266572
9 0.76796 0.305035 0.0154787 0.0417968 0.258664
9 0.265616 0.651593 0.0143577 0.0391612 0.256219
0 0.53929 0.449894 0.00926714 0.0214357 0.25219
