3 0.304164 0.969219 0.0826247 0.0615611 0.88994
3 0.192822 0.95985 0.0750087 0.0624322 0.884935
3 0.532211 0.904245 0.0772867 0.0494616 0.868934
3 0.156941 0.827584 0.0503422 0.0437897 0.860314
3 0.402391 0.789092 0.0532476 0.0305629 0.856185
3 0.268217 0.833787 0.0612886 0.0429705 0.847162
3 0.841692 0.762127 0.0216659 0.0306497 0.839458
3 0.0791475 0.895836 0.0598548 0.0515836 0.838912
3 0.0432811 0.827098 0.0467671 0.0393237 0.822877
3 0.619612 0.712422 0.0236062 0.0271499 0.820044
3 0.102538 0.749206 0.0473417 0.0305575 0.801426
3 0.107671 0.808069 0.0515187 0.0401409 0.793346
3 0.0656631 0.793586 0.0464795 0.0380078 0.777067
3 0.115954 0.778477 0.0479884 0.032885 0.768458
3 0.0166236 0.735948 0.0320463 0.0284081 0.710456
5 0.711096 0.950758 0.112548 0.0924231 0.702042
3 0.0295425 0.778798 0.0333568 0.0329332 0.656789
3 0.00819676 0.842305 0.016358 0.0461622 0.595589
3 0.782351 0.570822 0.00783238 0.00946754 0.523389
3 0.00813101 0.7958 0.016262 0.0422791 0.428411
3 0.615806 0.6412 0.0142374 0.0178195 0.410763
3 0.773216 0.637191 0.0119083 0.0138046 0.402508
9 0.47811 0.854971 0.0180217 0.0245455 0.402471
3 0.897622 0.992657 0.0945473 0.0146851 0.397004
3 0.768911 0.614167 0.010021 0.0117208 0.384928
1 0.478746 0.845585 0.0127371 0.0242381 0.379898
3 0.773433 0.634364 0.0130597 0.0139745 0.367045
1 0.477592 0.842246 0.0100722 0.0208086 0.33739
1 0.926224 0.707919 0.0067034 0.0166758 0.333323
3 0.742762 0.585088 0.0109915 0.013268 0.263902
3 0.848608 0.608621 0.00973781 0.011467 0.259864
3 0.77756 0.554081 0.00754089 0.00892537 0.255971
