3 0.312019 0.878631 0.0307845 0.079602 0.87789
3 0.333666 0.692449 0.0273523 0.070393 0.872846
3 0.512219 0.558811 0.0281206 0.0644528 0.863556
3 0.512168 0.799271 0.023451 0.0671427 0.857768
3 0.547068 0.57708 0.0234277 0.0643178 0.85559
3 0.354695 0.417245 0.0234799 0.0597153 0.841017
3 0.551026 0.426844 0.0217163 0.0596991 0.831286
3 0.412081 0.673317 0.0240715 0.076311 0.828501
3 0.549187 0.0732059 0.0192423 0.0440853 0.824705
4 0.505403 0.946338 0.0221643 0.0707397 0.817365
3 0.544889 0.779212 0.0249517 0.0757515 0.754296
3 0.443217 0.981595 0.0268442 0.0357231 0.736441
3 0.545531 0.96973 0.0260895 0.0597978 0.717341
3 0.543502 0.882445 0.023766 0.075413 0.648608
3 0.342489 0.578869 0.0278867 0.0765394 0.621818
3 0.560309 0.030642 0.0188494 0.0414472 0.572227
4 0.342031 0.578556 0.0273271 0.076705 0.542625
3 0.349293 0.491744 0.0250271 0.0776989 0.524785
0 0.554772 0.638313 0.00880258 0.0179013 0.430077
0 0.236865 0.713323 0.00758837 0.0155632 0.383908
2 0.48555 0.83708 0.0147637 0.022221 0.336754
0 0.569018 0.635838 0.00833051 0.01762 0.331099
3 0.367018 0.299056 0.0232597 0.0567509 0.32265
0 0.493498 0.636917 0.0117428 0.0181447 0.255167
