0 0.634902 0.401908 0.0134871 0.014928 0.743898
0 0.64587 0.353559 0.0113485 0.0176343 0.723457
0 0.292851 0.78631 0.010993 0.0180685 0.577083
0 0.292384 0.828958 0.00879536 0.0157967 0.503326
0 0.640061 0.45991 0.0121201 0.0154491 0.468792
0 0.377846 0.740256 0.00860818 0.0148431 0.444209
0 0.420288 0.630434 0.0076607 0.0172149 0.425942
0 0.429235 0.650484 0.00830697 0.0134855 0.416711
0 0.379024 0.656338 0.00863159 0.0204157 0.406405
0 0.34396 0.651429 0.00669697 0.0150924 0.378906
0 0.506821 0.66845 0.0153236 0.0163965 0.345336
0 0.409457 0.385146 0.00955636 0.0237475 0.337453
0 0.419784 0.635117 0.00697004 0.0178713 0.33668
0 0.635169 0.399028 0.0128735 0.0208364 0.315356
0 0.410173 0.379722 0.00916805 0.0208056 0.293976
0 0.222786 0.663046 0.00817289 0.0123978 0.290971
0 0.377898 0.744891 0.00896689 0.0204032 0.277147
0 0.379657 0.6523 0.00834455 0.0165454 0.266101
