3 0.683139 0.297651 0.0216831 0.0176152 0.834956
3 0.965998 0.377845 0.0495657 0.0220758 0.82795
0 0.632068 0.753518 0.014583 0.0471967 0.772016
0 0.654713 0.682594 0.013211 0.0389984 0.742765
3 0.639611 0.387285 0.0476293 0.0247568 0.735861
0 0.0178789 0.531755 0.0180974 0.0317825 0.717329
0 0.149278 0.542985 0.0135489 0.0328355 0.700806
0 0.443868 0.770899 0.0135359 0.0504525 0.687984
0 0.284512 0.48199 0.0104648 0.0313448 0.683627
0 0.535406 0.782784 0.0197458 0.0416176 0.675684
0 0.64126 0.675174 0.0131891 0.0390761 0.651634
0 0.3375 0.41612 0.00701595 0.0224441 0.59451
0 0.255241 0.394691 0.00696812 0.0199314 0.578037
4 0.925838 0.349464 0.0363765 0.0228175 0.553001
0 0.753263 0.432974 0.00865322 0.0263813 0.551017
0 0.309783 0.416387 0.00714192 0.0223046 0.544162
0 0.162532 0.409654 0.00698838 0.0229818 0.538211
3 0.194342 0.291903 0.0133793 0.0141034 0.522563
0 0.844482 0.443769 0.00893171 0.0235171 0.522218
0 0.169593 0.409985 0.0070105 0.0226774 0.519588
0 0.118976 0.559408 0.0169857 0.0358687 0.516566
0 0.246389 0.395408 0.0069538 0.0201187 0.516485
0 0.23322 0.377328 0.00736847 0.0200555 0.477105
0 0.197705 0.497929 0.00885489 0.0233325 0.473812
0 0.194462 0.315543 0.0046271 0.0144798 0.461924
3 0.6309 0.359435 0.0366054 0.0220488 0.459656
8 0.62075 0.317866 0.042251 0.0301482 0.455375
0 0.240357 0.372606 0.00686249 0.0165216 0.44617
0 0.221121 0.378527 0.00731831 0.0186437 0.432398
0 0.16076 0.408206 0.00902605 0.0241704 0.424571
3 0.939449 0.360204 0.0389498 0.0211069 0.416391
3 0.885953 0.33224 0.0327143 0.0176076 0.41475
4 0.939461 0.360668 0.0387142 0.0207268 0.413539
3 0.785476 0.328528 0.0305536 0.0190535 0.412572
0 0.739359 0.428847 0.0090938 0.0286589 0.399524
0 0.222458 0.351382 0.00791663 0.016161 0.398628
0 0.197416 0.515276 0.00938317 0.0277459 0.386341
0 0.181005 0.509459 0.00993805 0.0243512 0.378363
0 0.234688 0.375811 0.00605225 0.0177231 0.377543
3 0.632568 0.352165 0.035736 0.0204443 0.374998
0 0.736432 0.429663 0.0103695 0.0243463 0.366932
0 0.191127 0.519978 0.00869509 0.0274562 0.348249
0 0.231418 0.383833 0.00770806 0.0199384 0.321214
0 0.765145 0.424665 0.00830479 0.0225564 0.317254
0 0.580871 0.393656 0.00630341 0.0198733 0.310855
0 0.121883 0.288927 0.00627088 0.0109281 0.30404
0 0.33638 0.416891 0.0102634 0.021224 0.280883
0 0.227169 0.352566 0.0081905 0.0156771 0.278372
0 0.193832 0.317673 0.00484052 0.0148761 0.271231
4 0.620902 0.317109 0.0415294 0.0295723 0.268254
0 0.338706 0.416907 0.0100938 0.0224768 0.25774
