4 0.59345 0.854257 0.0416155 0.110304 0.837874
3 0.500361 0.356279 0.0177042 0.0308668 0.77869
3 0.119544 0.3565 0.0365492 0.0239044 0.754473
7 0.391494 0.882859 0.0223289 0.0559005 0.723357
3 0.507719 0.2069 0.00801104 0.0145126 0.683432
3 0.659438 0.408292 0.0182223 0.032325 0.662106
3 0.15476 0.377786 0.027424 0.0222436 0.621685
3 0.474233 0.231534 0.0109891 0.0175969 0.529142
9 0.613851 0.682915 0.0111904 0.0340863 0.52288
4 0.200229 0.314112 0.042445 0.0289001 0.503362
9 0.631448 0.688313 0.0162142 0.0351669 0.364448
9 0.628576 0.684175 0.0139687 0.030483 0.352393
3 0.525203 0.172293 0.0132165 0.0100878 0.344035
3 0.527583 0.175119 0.0161176 0.0110451 0.335375
9 0.604478 0.979295 0.0403139 0.0291597 0.325064
3 0.526111 0.119475 0.0140339 0.0110796 0.307815
3 0.527452 0.158284 0.0166902 0.0103254 0.299875
5 0.201107 0.314176 0.0434344 0.0292589 0.291145
3 0.526891 0.139763 0.0141986 0.00936287 0.26393
4 0.491953 0.113713 0.0071926 0.0124152 0.255823
