5 0.303391 0.295508 0.108601 0.111994 0.906657
3 0.281202 0.75403 0.0662688 0.110529 0.904168
3 0.600466 0.60767 0.0637176 0.0738133 0.900137
3 0.634267 0.806985 0.0576525 0.119863 0.894439
3 0.547833 0.386652 0.0429328 0.0448471 0.88711
3 0.183867 0.431671 0.0316171 0.0501906 0.873428
5 0.293784 0.476699 0.0816627 0.0936217 0.860965
3 0.554739 0.639679 0.0540317 0.0658507 0.854337
3 0.326512 0.229494 0.02937 0.030371 0.853865
3 0.393943 0.654813 0.0581009 0.0914276 0.841134
5 0.569201 0.792614 0.0604242 0.129501 0.818891
4 0.250869 0.448943 0.0525251 0.05864 0.817503
4 0.186339 0.35617 0.0502507 0.0527769 0.808848
3 0.0203411 0.368719 0.0406822 0.0468194 0.799136
4 0.283924 0.193822 0.0298253 0.0343756 0.747549
3 0.192578 0.626193 0.0581408 0.0595435 0.746711
4 0.435632 0.300676 0.0356068 0.0403415 0.730109
3 0.112203 0.300483 0.0427246 0.037764 0.726149
9 0.356887 0.930509 0.0281032 0.0455478 0.711624
3 0.144073 0.327134 0.0432235 0.0373269 0.699863
3 0.0368706 0.199438 0.0366142 0.0304442 0.674505
4 0.0799994 0.251663 0.0444028 0.0472076 0.657794
7 0.250932 0.740073 0.0450635 0.0832349 0.657575
3 0.0090272 0.0595855 0.0178833 0.0275475 0.657348
6 0.212204 0.446862 0.0327959 0.0524594 0.653804
7 0.318139 0.653862 0.0345465 0.0735742 0.649821
3 0.231031 0.859438 0.0611875 0.0758405 0.644506
3 0.950936 0.0658731 0.0296078 0.020898 0.641578
4 0.586654 0.320397 0.0443153 0.0469275 0.640379
7 0.0542178 0.385927 0.0252646 0.0429088 0.64018
3 0.22621 0.722225 0.0463871 0.0842324 0.613554
7 0.350867 0.653736 0.042953 0.0793861 0.605058
4 0.133349 0.307359 0.0459382 0.0450856 0.600564
0 0.231809 0.601118 0.00953345 0.0398699 0.597478
0 0.221568 0.600339 0.00835381 0.037673 0.595148
6 0.745638 0.417655 0.0206903 0.0369497 0.574019
9 0.874298 0.429781 0.0326439 0.0373759 0.567872
5 0.0294951 0.122101 0.0307134 0.0457651 0.53881
3 0.978833 0.0599605 0.0297667 0.0230059 0.534171
3 0.0205043 0.18434 0.0373134 0.0293202 0.524987
4 0.0819077 0.181111 0.0240499 0.0362564 0.523798
3 0.401912 0.169642 0.02568 0.0244071 0.523339
3 0.0310123 0.192987 0.0405314 0.0317296 0.517908
3 0.165921 0.345269 0.0450168 0.0451357 0.515399
3 0.105701 0.276772 0.0459878 0.0321873 0.500348
6 0.12602 0.104949 0.0125893 0.0242286 0.493585
0 0.328546 0.90378 0.0118421 0.048728 0.486882
6 0.133479 0.518756 0.0342291 0.0480467 0.478491
6 0.143923 0.568634 0.0367209 0.0477935 0.478008
3 0.0143648 0.402356 0.0287295 0.041598 0.474526
9 0.0522828 0.416336 0.0193968 0.0287814 0.467776
6 0.874139 0.430273 0.0333511 0.0360439 0.464867
6 0.166515 0.584387 0.0407814 0.0681076 0.450998
9 0.109263 0.486838 0.0178252 0.0439513 0.440433
3 0.0991591 0.272058 0.0463725 0.0387765 0.418297
4 0.501168 0.270185 0.0332935 0.0431795 0.41769
0 0.324878 0.913457 0.0124236 0.0447267 0.39831
1 0.238557 0.176723 0.00660495 0.0211785 0.396521
7 0.690281 0.375733 0.02453 0.0436044 0.392758
9 0.0964849 0.451493 0.0207831 0.0329546 0.389056
7 0.730614 0.410718 0.0214291 0.0392322 0.386199
3 0.207293 0.66356 0.0529198 0.0724847 0.375769
3 0.860938 0.0496724 0.0159081 0.0203609 0.371916
3 0.21556 0.0844601 0.0262677 0.0265737 0.36978
7 0.305977 0.642132 0.045016 0.0749207 0.367126
1 0.190441 0.141802 0.00672492 0.0186104 0.366129
6 0.0540369 0.386315 0.0251003 0.0431001 0.358917
7 0.166002 0.584174 0.041678 0.0687644 0.353124
6 0.0820997 0.417444 0.0162816 0.0385571 0.352754
6 0.110025 0.560714 0.0305867 0.043022 0.350575
3 0.00503071 0.352218 0.0100193 0.0419858 0.337698
0 0.326118 0.907712 0.014108 0.0544494 0.336085
9 0.978982 0.419485 0.0224394 0.0255649 0.335883
9 0.959851 0.302861 0.0177383 0.0199251 0.332731
3 0.0168307 0.181258 0.0334067 0.0298052 0.33011
5 0.165973 0.103251 0.0477453 0.0586008 0.323649
6 0.0195099 0.0274965 0.00879011 0.0165649 0.319585
7 0.154092 0.387725 0.0331876 0.0428985 0.315807
3 0.081555 0.180954 0.0239592 0.0368583 0.315688
4 0.303961 0.638663 0.0420083 0.0705887 0.303431
7 0.209037 0.661708 0.0491491 0.067243 0.295076
9 0.101592 0.496666 0.0214973 0.0378447 0.291448
9 0.0775063 0.47767 0.0240163 0.0337255 0.289088
9 0.477616 0.830356 0.0174463 0.0509417 0.284906
7 0.813501 0.0658762 0.0151233 0.022099 0.284001
9 0.190496 0.145701 0.00662789 0.0196639 0.282175
9 0.112857 0.480785 0.0119271 0.0358048 0.278935
3 0.00664344 0.356142 0.0132869 0.0420721 0.278341
3 0.0920634 0.264706 0.0404763 0.0377493 0.277271
7 0.815034 0.312426 0.0144016 0.033299 0.27417
9 0.0951296 0.457002 0.0228961 0.0377564 0.26819
7 0.70581 0.395774 0.0289637 0.0552527 0.267733
9 0.0492213 0.518612 0.0314984 0.0337487 0.267425
9 0.558741 0.909172 0.0273881 0.0424378 0.262126
9 0.992958 0.436709 0.0132612 0.0262163 0.262111
9 0.0939329 0.538533 0.0208281 0.0423655 0.260497
6 0.937249 0.441343 0.0370964 0.061755 0.258773
9 0.993196 0.486989 0.013607 0.038995 0.253527
