5 0.550601 0.669741 0.0336441 0.103048 0.877432
4 0.417229 0.758251 0.0257191 0.066432 0.87219
3 0.528956 0.793948 0.0270662 0.0624854 0.858754
3 0.442063 0.494303 0.0146307 0.0203834 0.837188
3 0.50162 0.573475 0.0156941 0.0318911 0.831412
3 0.435978 0.582245 0.0176798 0.028198 0.83089
3 0.453202 0.406421 0.0109545 0.0184048 0.773638
3 0.445909 0.460789 0.0105417 0.0203575 0.762897
3 0.456872 0.538183 0.0152523 0.0304363 0.755416
3 0.453135 0.379688 0.00929068 0.0167888 0.727392
3 0.499787 0.538663 0.0149342 0.0282854 0.709225
3 0.485746 0.39474 0.010774 0.0196349 0.707705
3 0.482288 0.363669 0.00843061 0.0167983 0.633136
4 0.523464 0.533446 0.0152502 0.0387305 0.628713
3 0.497813 0.500417 0.014987 0.0310261 0.599246
3 0.481177 0.324767 0.00921191 0.0167666 0.561175
3 0.458068 0.693735 0.0219959 0.0557897 0.41262
3 0.447528 0.336053 0.0080225 0.0148568 0.350825
3 0.444146 0.285011 0.00994951 0.0131408 0.328576
3 0.448557 0.350395 0.00968 0.0187557 0.313673
5 0.458097 0.693279 0.0225714 0.0556765 0.282678
3 0.450804 0.351684 0.0109195 0.0172539 0.256754
