3 0.741199 0.789588 0.107536 0.130968 0.92831
3 0.713947 0.475485 0.108521 0.113091 0.922572
3 0.743098 0.543404 0.102285 0.128569 0.920033
3 0.689471 0.396539 0.118929 0.111172 0.912357
3 0.455665 0.585447 0.113396 0.0804846 0.906666
3 0.450217 0.491773 0.126817 0.0771304 0.896471
3 0.396829 0.143419 0.123979 0.0848651 0.883692
3 0.671746 0.0358475 0.117067 0.071695 0.87655
4 0.421382 0.320082 0.108286 0.0778305 0.871065
3 0.47219 0.677016 0.117755 0.0896746 0.853813
4 0.411406 0.228358 0.13916 0.0908682 0.852292
3 0.941833 0.57428 0.115482 0.0834195 0.790383
3 0.495794 0.92829 0.111962 0.0853109 0.76758
3 0.753446 0.890618 0.102888 0.11348 0.750492
0 0.591701 0.744635 0.0165308 0.0332329 0.708174
3 0.69214 0.303037 0.112444 0.118833 0.6576
4 0.752517 0.649411 0.100183 0.136535 0.64619
3 0.507562 0.976384 0.10933 0.0472314 0.635064
3 0.776002 0.967484 0.120829 0.0650328 0.57418
3 0.425384 0.048411 0.116342 0.0747004 0.541217
3 0.497661 0.774412 0.129612 0.0612966 0.489531
3 0.263728 0.694714 0.0640127 0.133485 0.477937
3 0.343759 0.0149521 0.13949 0.0296791 0.438448
3 0.752101 0.648586 0.101024 0.138271 0.416839
4 0.652989 0.200382 0.0453224 0.0828201 0.344373
3 0.3574 0.0186624 0.155574 0.0373248 0.326711
3 0.934786 0.476506 0.124451 0.0755962 0.265183
