0 0.531979 0.428887 0.0119348 0.0281261 0.753475
0 0.545403 0.426796 0.0102157 0.0280475 0.732291
6 0.102158 0.116449 0.100254 0.0787158 0.719644
0 0.539205 0.246393 0.010576 0.0340392 0.69951
0 0.561598 0.085957 0.0129042 0.0366457 0.670028
3 0.211134 0.809493 0.100227 0.10004 0.651563
0 0.574123 0.353571 0.0134442 0.0320753 0.621088
0 0.559057 0.182027 0.0130838 0.0324246 0.61054
0 0.53844 0.371061 0.018129 0.029425 0.583861
0 0.552799 0.345572 0.0120213 0.0312158 0.5838
0 0.531409 0.890815 0.0110042 0.0356526 0.553235
3 0.0604261 0.323035 0.0908572 0.10556 0.547828
0 0.564371 0.128309 0.0128282 0.0474899 0.518291
0 0.578205 0.185443 0.00950296 0.0377338 0.488159
0 0.570562 0.087613 0.0136954 0.0393562 0.461421
0 0.502313 0.444183 0.0125438 0.0301435 0.416442
6 0.338016 0.0828362 0.0765943 0.0664858 0.414303
9 0.5697 0.770349 0.0170527 0.0507901 0.411634
0 0.586472 0.841345 0.0234293 0.0415746 0.405208
2 0.543736 0.64692 0.0152283 0.0463026 0.402532
4 0.289719 0.553374 0.0685249 0.0641244 0.387445
0 0.573642 0.0883062 0.0112224 0.0400109 0.387225
0 0.528876 0.0844842 0.0102826 0.0471164 0.386728
0 0.581333 0.463326 0.0167346 0.0259466 0.381616
3 0.0123933 0.951699 0.0247817 0.0859789 0.356287
9 0.543443 0.646927 0.0152296 0.0459889 0.347876
0 0.569515 0.478449 0.0175722 0.0351483 0.343674
0 0.579688 0.0521422 0.0106215 0.0442698 0.340099
9 0.567469 0.628765 0.0131824 0.0521111 0.338517
0 0.553602 0.793667 0.0184032 0.032079 0.334401
0 0.545235 0.533676 0.0178276 0.0417527 0.331587
0 0.494508 0.440019 0.0122907 0.0251289 0.326581
0 0.528924 0.543139 0.0108562 0.0230806 0.325082
6 0.0980874 0.180347 0.0960777 0.0723244 0.319667
0 0.51603 0.0737506 0.0112972 0.035598 0.319323
0 0.573934 0.251084 0.0120222 0.0321853 0.310933
9 0.586782 0.841354 0.02318 0.0408655 0.304879
9 0.567461 0.284898 0.0130511 0.0468771 0.302851
9 0.522021 0.5744 0.0120701 0.0480255 0.296091
0 0.492336 0.417389 0.0132544 0.0238268 0.278107
0 0.48526 0.41617 0.0123262 0.0220177 0.264279
6 0.349873 0.344209 0.0494053 0.0694965 0.257486
0 0.551557 0.0150563 0.00948046 0.0261462 0.254072
0 0.582141 0.223722 0.0114251 0.0306884 0.253851
