2 0.416699 0.925107 0.0591844 0.0577136 0.822366
0 0.345827 0.412505 0.00824389 0.0270414 0.786778
0 0.617309 0.542319 0.0133253 0.041744 0.742631
0 0.654379 0.493401 0.00987588 0.0305351 0.732942
0 0.659826 0.544436 0.0159307 0.0416255 0.730947
2 0.480694 0.527651 0.0287174 0.0239246 0.720429
0 0.791073 0.390065 0.00775033 0.021361 0.717423
0 0.646508 0.471564 0.010647 0.0288578 0.709345
0 0.156089 0.342795 0.00669535 0.017827 0.697124
0 0.609175 0.492881 0.0108962 0.0330494 0.684209
0 0.672951 0.419923 0.00891859 0.026836 0.665337
0 0.805466 0.395444 0.00857814 0.0240395 0.662084
0 0.658176 0.392099 0.00691973 0.0233441 0.661092
0 0.744581 0.387736 0.00729213 0.0237266 0.657071
0 0.779869 0.394656 0.00840777 0.0254093 0.648296
0 0.63702 0.380725 0.00649344 0.021865 0.643945
0 0.568006 0.359092 0.00585863 0.0202783 0.641561
0 0.702042 0.390624 0.00884561 0.0254625 0.638381
0 0.728107 0.392552 0.00658168 0.022779 0.62841
0 0.561227 0.485377 0.00991974 0.0394455 0.623248
0 0.753424 0.393253 0.00652849 0.0245049 0.609862
0 0.602624 0.37288 0.00728969 0.0221335 0.606477
0 0.595458 0.377259 0.00581482 0.0242265 0.604346
0 0.302207 0.358817 0.00841642 0.0231641 0.604036
0 0.38841 0.426202 0.00885651 0.0294877 0.590997
0 0.689793 0.378658 0.00800594 0.0214005 0.58469
0 0.761669 0.384312 0.00768607 0.024183 0.544529
0 0.631144 0.438948 0.00858821 0.03218 0.544489
0 0.58241 0.375823 0.00765608 0.024808 0.543699
0 0.604964 0.472852 0.00997314 0.0309278 0.534899
0 0.580758 0.386618 0.00573521 0.0204302 0.525569
0 0.618601 0.413334 0.00811938 0.0289807 0.525486
0 0.610036 0.395082 0.00758554 0.0232082 0.525424
0 0.243547 0.34055 0.0061598 0.021107 0.516043
0 0.673034 0.377688 0.00857827 0.0227841 0.500823
0 0.619858 0.377123 0.00672782 0.0232086 0.499089
0 0.432491 0.298506 0.00465755 0.0147233 0.496856
0 0.688652 0.383714 0.00814427 0.0244399 0.496726
0 0.627863 0.382769 0.00721933 0.0227188 0.488471
0 0.555349 0.379066 0.0088218 0.0237707 0.477343
0 0.685405 0.392114 0.00839416 0.0216905 0.471506
0 0.656243 0.377362 0.00833344 0.0215939 0.455434
0 0.636809 0.452539 0.0088116 0.0274863 0.448971
0 0.674578 0.376664 0.0076103 0.0221443 0.445747
0 0.630155 0.433427 0.00907907 0.0296387 0.442791
0 0.594029 0.429218 0.00901385 0.0275678 0.44135
0 0.597524 0.442093 0.00942592 0.0339039 0.437695
0 0.560449 0.480033 0.0108793 0.0400516 0.428017
0 0.659382 0.383599 0.00668374 0.0221718 0.426269
0 0.408316 0.300581 0.00547546 0.0156325 0.42464
2 0.505623 0.460347 0.0195332 0.0228824 0.423925
0 0.55971 0.440462 0.00867671 0.035183 0.42295
0 0.408104 0.298766 0.00438673 0.0145407 0.418081
0 0.272247 0.314587 0.00700184 0.0150809 0.407293
0 0.621611 0.415845 0.00817017 0.0312541 0.403811
3 0.704552 0.283835 0.0172426 0.0115867 0.402292
2 0.453363 0.85316 0.0219918 0.0628587 0.400226
3 0.703653 0.281506 0.0155415 0.0130319 0.391853
0 0.600715 0.444986 0.011244 0.027589 0.380472
0 0.598121 0.452466 0.00937308 0.0346215 0.379106
0 0.421685 0.301672 0.00590707 0.0137919 0.374507
0 0.688624 0.387179 0.0103447 0.0244347 0.373416
0 0.423512 0.300288 0.00497114 0.0157823 0.361592
0 0.560612 0.418201 0.00911499 0.0278474 0.357059
0 0.558934 0.461378 0.00916478 0.0339367 0.355668
0 0.585838 0.386088 0.00702645 0.0224861 0.342913
0 0.453331 0.852942 0.0212959 0.0620836 0.33336
0 0.588078 0.4197 0.00901249 0.0297958 0.326101
0 0.58646 0.410621 0.0104223 0.027713 0.325815
0 0.558532 0.428022 0.00915109 0.0334923 0.321376
0 0.645401 0.468233 0.0105436 0.0253424 0.31856
0 0.385425 0.298021 0.0083534 0.0138584 0.318124
0 0.624612 0.376829 0.00733664 0.021687 0.311793
0 0.565681 0.373086 0.00697471 0.0218829 0.308944
0 0.675817 0.377605 0.010882 0.0227397 0.303547
0 0.628667 0.435232 0.00880223 0.0273637 0.303401
0 0.675483 0.419782 0.0115403 0.025687 0.300705
0 0.277272 0.314438 0.00796474 0.0149832 0.299345
0 0.062344 0.349964 0.00716367 0.0178675 0.293049
0 0.55646 0.384147 0.00836125 0.0255 0.290624
3 0.733015 0.286474 0.0214014 0.0113617 0.288476
0 0.304164 0.347954 0.0069337 0.0165226 0.288218
0 0.588636 0.411492 0.010334 0.0262262 0.28647
0 0.560176 0.409632 0.0096841 0.0270838 0.282068
0 0.247937 0.384267 0.00839549 0.0174118 0.274969
0 0.389363 0.297061 0.00894461 0.0125425 0.2743
0 0.611641 0.388611 0.00644047 0.021358 0.271917
0 0.638243 0.381921 0.0110166 0.0212891 0.270079
0 0.562979 0.482537 0.0116524 0.0414702 0.269926
0 0.638429 0.453019 0.0107155 0.0271582 0.26588
3 0.611188 0.278939 0.0155598 0.0122007 0.261982
0 0.432987 0.299988 0.00510768 0.016896 0.260184
3 0.0721818 0.304556 0.0131052 0.0131009 0.255102
0 0.501271 0.502157 0.0134089 0.0312673 0.252425
3 0.731834 0.288487 0.0211288 0.0113988 0.251233
