3 0.596729 0.626767 0.0337002 0.02879 0.850876
3 0.355558 0.660533 0.026589 0.0366567 0.845369
3 0.322789 0.746752 0.021652 0.051429 0.783483
3 0.389432 0.411922 0.022146 0.0161638 0.746575
3 0.364316 0.505733 0.0287833 0.0180922 0.721992
3 0.408841 0.35515 0.0209974 0.0121368 0.692123
3 0.656688 0.674037 0.0273298 0.0402504 0.650272
3 0.356506 0.518654 0.0257657 0.0178187 0.577953
3 0.470326 0.252284 0.00705366 0.0121513 0.572387
5 0.387313 0.453922 0.0228833 0.0314576 0.561778
3 0.396195 0.396041 0.0207665 0.0163879 0.529643
3 0.595904 0.297805 0.00960759 0.0124633 0.524316
3 0.384243 0.431095 0.0181919 0.0166322 0.485491
3 0.651079 0.978953 0.0265036 0.0410011 0.47959
4 0.651941 0.979322 0.0288982 0.0413555 0.479195
3 0.292593 0.775362 0.0279763 0.0568925 0.450766
3 0.433214 0.285489 0.0152769 0.0113554 0.431741
3 0.427852 0.300711 0.018122 0.0100967 0.413899
9 0.230071 0.87171 0.0168938 0.0166906 0.412369
4 0.402478 0.37669 0.022706 0.0148017 0.403751
4 0.292078 0.776129 0.0293577 0.0576393 0.398436
9 0.266219 0.790374 0.0182481 0.0164353 0.367952
3 0.433431 0.28101 0.0148348 0.0120525 0.348117
9 0.266058 0.785073 0.0161431 0.0172302 0.344069
9 0.267046 0.77545 0.0159017 0.0167152 0.340831
3 0.423764 0.313558 0.0189542 0.0123097 0.312433
4 0.379203 0.486565 0.0213208 0.0190503 0.305547
3 0.431975 0.29084 0.0172426 0.0122439 0.294456
3 0.420019 0.328993 0.0156155 0.0132322 0.294051
3 0.426075 0.303155 0.0177625 0.011216 0.27381
9 0.23654 0.850678 0.0177873 0.0219808 0.270117
3 0.435674 0.352948 0.00885489 0.0147594 0.269634
3 0.137991 0.344756 0.0156284 0.0120565 0.268984
3 0.383637 0.434153 0.0187619 0.0152752 0.254685
