3 0.590072 0.919608 0.0368125 0.026352 0.850585
5 0.473604 0.388024 0.0112138 0.0463294 0.803419
3 0.59316 0.729456 0.0312997 0.0229673 0.775785
3 0.541444 0.548917 0.0234845 0.0152219 0.762482
5 0.472544 0.915988 0.0337677 0.166843 0.759639
3 0.559498 0.714729 0.0137679 0.0345192 0.692603
3 0.419266 0.410929 0.015793 0.00968776 0.659104
5 0.474067 0.470746 0.0145041 0.0522573 0.653186
7 0.604726 0.945923 0.0283586 0.0265124 0.645396
4 0.540076 0.619841 0.0289407 0.0209219 0.645245
3 0.43837 0.419125 0.0181461 0.0118442 0.636231
3 0.55551 0.630583 0.0245851 0.0191404 0.611466
5 0.471555 0.675235 0.0222948 0.127276 0.595886
3 0.410693 0.443009 0.0145141 0.0118708 0.585227
8 0.47131 0.676162 0.0225461 0.12786 0.554359
5 0.500882 0.705826 0.0263219 0.138562 0.548463
3 0.414422 0.426941 0.0157131 0.0104187 0.538566
3 0.391229 0.442945 0.0165547 0.0124214 0.529833
3 0.391811 0.483381 0.020111 0.0118238 0.529238
9 0.580159 0.829283 0.0156118 0.0134965 0.513766
3 0.406745 0.325717 0.0137352 0.00941072 0.480945
5 0.473144 0.543064 0.0111572 0.0275547 0.480207
3 0.395295 0.47764 0.0224566 0.0128426 0.443453
3 0.389883 0.484519 0.0190748 0.0143726 0.443341
3 0.390641 0.446003 0.0166903 0.0109461 0.422646
3 0.319798 0.391773 0.0133494 0.0117083 0.408171
9 0.379874 0.788402 0.0102198 0.0141181 0.404941
5 0.43481 0.584684 0.0184231 0.0269622 0.391943
3 0.425801 0.296308 0.00954856 0.00827663 0.382709
6 0.390403 0.839549 0.0245929 0.0223062 0.375721
3 0.461441 0.421973 0.007675 0.0149077 0.366699
3 0.490097 0.401417 0.00740252 0.0142203 0.361901
3 0.411254 0.344226 0.0112138 0.0111228 0.354927
3 0.433611 0.398219 0.0102056 0.0131481 0.348967
9 0.539239 0.907713 0.00553829 0.0201383 0.345101
3 0.410109 0.345402 0.01211 0.0103764 0.335637
9 0.393662 0.73079 0.0122701 0.0141004 0.33488
3 0.353424 0.334921 0.0117776 0.013503 0.318113
3 0.424762 0.368823 0.0142044 0.012367 0.302346
3 0.472523 0.347326 0.00755519 0.0120584 0.285009
5 0.481022 0.264573 0.00521947 0.0124967 0.282657
3 0.426374 0.29406 0.00976964 0.00773801 0.27052
5 0.533044 0.470511 0.0257784 0.0183963 0.264814
