3 0.0455107 0.94312 0.0891874 0.11376 0.909388
3 0.361725 0.393941 0.0480769 0.0622953 0.877151
3 0.424444 0.290158 0.0370483 0.0506629 0.875316
3 0.158045 0.725937 0.0635312 0.0889868 0.871409
3 0.453949 0.309771 0.044021 0.0507873 0.871268
3 0.58623 0.234245 0.0291276 0.0414012 0.869496
3 0.510786 0.19354 0.0265204 0.0388777 0.866659
3 0.294948 0.518277 0.0684419 0.0717883 0.860819
3 0.685137 0.203704 0.0285339 0.034522 0.849288
3 0.479468 0.196588 0.0302671 0.0401196 0.839089
3 0.549612 0.0814948 0.0219555 0.0299166 0.825693
3 0.691098 0.0707722 0.017962 0.0261323 0.822664
3 0.501435 0.162406 0.0272776 0.0361121 0.791645
3 0.396407 0.33529 0.0381086 0.05254 0.765951
4 0.538732 0.143604 0.0252083 0.0408639 0.765356
3 0.657764 0.282066 0.0328583 0.043511 0.761803
3 0.535251 0.101545 0.0228411 0.031734 0.727958
3 0.626094 0.401425 0.0360852 0.0523219 0.7014
1 0.531524 0.228634 0.00823133 0.0210853 0.629093
9 0.450402 0.17959 0.0191986 0.0170041 0.618186
3 0.51702 0.128239 0.0217114 0.0361953 0.567085
3 0.656858 0.290218 0.0344172 0.0597319 0.540012
3 0.643454 0.34664 0.0331189 0.051221 0.479838
3 0.713428 0.0349046 0.0259037 0.0297619 0.475034
9 0.529364 0.236573 0.0143637 0.0209916 0.420116
3 0.655677 0.301506 0.0358557 0.0458505 0.397066
3 0.544217 0.0316249 0.0162339 0.0186982 0.337024
