7 0.637824 0.71144 0.0621541 0.0846538 0.923369
3 0.123241 0.756432 0.0855993 0.173454 0.916455
3 0.237641 0.480822 0.0505869 0.0907193 0.886702
3 0.117647 0.57361 0.0996276 0.0736976 0.884569
3 0.386339 0.576316 0.0442948 0.110302 0.883714
6 0.393402 0.799036 0.0355913 0.132556 0.83587
3 0.545324 0.181759 0.0418676 0.033401 0.807776
7 0.384965 0.276273 0.0163002 0.0469728 0.791159
6 0.475577 0.471573 0.0164056 0.0520272 0.703557
6 0.506028 0.931386 0.033412 0.109286 0.675943
6 0.669077 0.583149 0.0317339 0.0802937 0.645911
9 0.0418342 0.469219 0.0311596 0.0386591 0.636435
7 0.366307 0.358277 0.0237346 0.0668721 0.633053
9 0.786774 0.871602 0.0383696 0.0396528 0.615541
3 0.546858 0.158282 0.037802 0.0273066 0.601838
9 0.781318 0.845197 0.0345582 0.0373112 0.51762
6 0.366677 0.359126 0.0225469 0.0682552 0.453514
9 0.280741 0.169551 0.0174966 0.021351 0.440967
3 0.550146 0.165854 0.0398201 0.0268757 0.439134
6 0.475913 0.300888 0.0168695 0.0459944 0.418939
1 0.40969 0.322539 0.0124339 0.0315497 0.414916
9 0.564169 0.637437 0.0333214 0.0504629 0.410719
9 0.409965 0.338077 0.0115321 0.0350831 0.406426
1 0.418628 0.233036 0.00903473 0.024859 0.398718
6 0.418957 0.237142 0.0106035 0.0304917 0.395784
1 0.401896 0.160275 0.00871334 0.0217076 0.36763
9 0.660051 0.511322 0.027376 0.0361493 0.367523
9 0.76201 0.77497 0.0276079 0.0411045 0.34286
0 0.144526 0.320863 0.0113418 0.0355992 0.325507
9 0.612617 0.644458 0.0326783 0.0343375 0.30713
1 0.50843 0.897134 0.0218672 0.0437475 0.300396
5 0.247911 0.204452 0.0434926 0.0418427 0.292067
0 0.572002 0.286103 0.00831442 0.0336215 0.28202
3 0.545012 0.237549 0.0315396 0.0358592 0.279027
9 0.428871 0.0474554 0.0049536 0.0174337 0.278387
9 0.296313 0.168153 0.013536 0.0202064 0.265528
9 0.783129 0.835373 0.0359888 0.0456512 0.263277
9 0.682082 0.490174 0.0166124 0.0344536 0.261542
9 0.284551 0.168515 0.0239402 0.0209793 0.261272
1 0.419485 0.0736563 0.0047989 0.0177448 0.256255
