0 0.588883 0.608571 0.00817841 0.0279626 0.65742
0 0.563611 0.862902 0.0103929 0.0276788 0.6345
0 0.571659 0.510818 0.00776367 0.028047 0.625522
0 0.471192 0.394267 0.00847242 0.0264075 0.623499
9 0.903209 0.180415 0.026886 0.0252961 0.587376
0 0.576111 0.86967 0.0103476 0.0211317 0.555267
0 0.454123 0.467901 0.0087347 0.0320258 0.554101
0 0.487325 0.395772 0.00750466 0.0257362 0.533966
0 0.599363 0.812618 0.0113575 0.026224 0.510927
0 0.4772 0.796077 0.00865936 0.0322468 0.50018
0 0.579501 0.515531 0.00846928 0.0239706 0.494815
0 0.474349 0.798336 0.00916042 0.0310946 0.492406
0 0.472391 0.797747 0.0080988 0.0300305 0.492244
9 0.910541 0.245937 0.0271446 0.0265187 0.425022
9 0.910327 0.206311 0.027068 0.024826 0.419061
0 0.488628 0.39701 0.0102463 0.0256278 0.415521
9 0.909609 0.202706 0.0258764 0.0223095 0.412712
0 0.601013 0.800054 0.0105045 0.0227534 0.385982
0 0.610686 0.784236 0.00893834 0.0271926 0.383935
0 0.591796 0.7914 0.00881082 0.0170809 0.382885
0 0.611358 0.791967 0.00806675 0.0221827 0.382714
0 0.43564 0.0599773 0.00878897 0.0283346 0.379011
0 0.484921 0.421574 0.00908142 0.0256609 0.374972
0 0.487066 0.423437 0.00776921 0.0234516 0.367847
0 0.626688 0.810346 0.0100999 0.0299389 0.34064
9 0.910637 0.216096 0.0283182 0.0249791 0.304969
0 0.457862 0.473778 0.00932656 0.0279324 0.292208
0 0.431833 0.112915 0.00686035 0.0309052 0.283159
0 0.802291 0.305971 0.0082932 0.0291266 0.280454
0 0.488638 0.424585 0.0102333 0.0206998 0.280194
0 0.628049 0.774832 0.0093733 0.023394 0.279579
0 0.436368 0.0637493 0.0062582 0.029807 0.276984
