5 0.173629 0.690578 0.159318 0.150762 0.757899
5 0.295426 0.920735 0.132927 0.15141 0.713669
7 0.357026 0.804152 0.0595758 0.0589248 0.680651
7 0.26534 0.526618 0.0825958 0.0751799 0.66301
3 0.0339744 0.682359 0.0679489 0.0894153 0.625162
5 0.0348534 0.795093 0.0696105 0.0969995 0.615029
5 0.30814 0.954711 0.131039 0.0890226 0.614975
6 0.305018 0.729458 0.0866005 0.0716495 0.60091
7 0.267819 0.480383 0.0803325 0.0787893 0.549597
7 0.0917154 0.568719 0.0443827 0.136346 0.435884
0 0.578524 0.601637 0.00992658 0.0347447 0.4304
3 0.283432 0.849564 0.0975379 0.075994 0.408046
3 0.0272793 0.62406 0.0545586 0.075354 0.38
3 0.0332348 0.739313 0.0664696 0.0925829 0.373828
5 0.0760539 0.897558 0.1282 0.107772 0.363387
0 0.977223 0.924654 0.0235886 0.0230845 0.357765
6 0.356617 0.803841 0.0601943 0.0587714 0.346539
6 0.293265 0.627282 0.058072 0.0545675 0.332539
4 0.89706 0.485815 0.0537106 0.134287 0.318553
7 0.163734 0.58443 0.0898343 0.0820497 0.290418
3 0.0915983 0.95371 0.12291 0.0900975 0.289867
7 0.0272366 0.623203 0.0542826 0.0734033 0.254475
