3 0.296219 0.131093 0.0321487 0.0452499 0.880708
3 0.378604 0.364793 0.0208186 0.0545695 0.870469
3 0.475185 0.561513 0.0518867 0.0319359 0.860708
3 0.39706 0.178438 0.0300318 0.0460913 0.860034
3 0.468766 0.334653 0.0430845 0.0315154 0.856704
3 0.935852 0.534702 0.0462742 0.0638832 0.852832
3 0.47111 0.520049 0.0490416 0.0368402 0.851565
3 0.466795 0.446614 0.0509353 0.0335838 0.85074
3 0.379782 0.19228 0.0333833 0.0412789 0.847546
3 0.164529 0.746188 0.0339584 0.0813733 0.846083
3 0.303089 0.322627 0.0463861 0.0299628 0.846053
3 0.302018 0.42908 0.050014 0.0334298 0.837941
3 0.268531 0.155437 0.0301086 0.044348 0.832924
3 0.470138 0.48343 0.0524 0.0352652 0.832549
3 0.110803 0.0449745 0.0418092 0.0258981 0.82967
3 0.0649126 0.0485528 0.0379418 0.026989 0.825366
3 0.0787422 0.0133227 0.0395984 0.0257983 0.818647
3 0.100446 0.0713837 0.0372792 0.026586 0.802378
3 0.303642 0.466487 0.0475146 0.0299109 0.786157
3 0.301914 0.355388 0.0505562 0.0280863 0.770091
4 0.104459 0.750845 0.0333721 0.0619415 0.736683
5 0.235125 0.167399 0.0406513 0.0537748 0.727243
3 0.983694 0.395999 0.0326113 0.0528889 0.720008
3 0.98238 0.581767 0.0344187 0.0610435 0.674956
4 0.474055 0.295254 0.0340159 0.0260159 0.625497
5 0.160875 0.220177 0.0621849 0.0378832 0.564241
3 0.99422 0.426899 0.0115597 0.0396818 0.461825
3 0.136559 0.0917948 0.0259482 0.0358994 0.399043
4 0.983689 0.395204 0.032621 0.0504412 0.394623
0 0.508975 0.258304 0.0065754 0.0169006 0.339567
0 0.504498 0.229763 0.00777932 0.015763 0.280632
3 0.996406 0.62472 0.00718898 0.0511645 0.276904
3 0.129848 0.00422825 0.0425653 0.00845651 0.26525
