5 0.37898 0.877589 0.0168232 0.0645346 0.872605
3 0.324544 0.958893 0.0166312 0.0449601 0.787193
3 0.353986 0.702233 0.0114045 0.0255382 0.779686
3 0.349245 0.987283 0.0137377 0.0249033 0.775797
5 0.365777 0.794876 0.0170412 0.0681203 0.774292
5 0.38187 0.60985 0.0174983 0.0633605 0.754523
3 0.358237 0.664904 0.00992316 0.0307454 0.73066
3 0.405396 0.565781 0.00890904 0.0203642 0.725328
5 0.385238 0.780276 0.0172978 0.0740944 0.711149
5 0.444505 0.718423 0.013788 0.0439952 0.698779
3 0.37603 0.684889 0.0105769 0.0291519 0.690355
5 0.398286 0.610225 0.0145672 0.0627658 0.672626
3 0.895704 0.61803 0.020295 0.0144033 0.671914
5 0.357 0.90648 0.0210846 0.0899195 0.669285
5 0.402336 0.389748 0.0104306 0.037284 0.668734
5 0.433265 0.490218 0.0117895 0.0369265 0.666465
3 0.409546 0.463047 0.00880166 0.0179692 0.633399
3 0.421893 0.525992 0.00667132 0.0164963 0.625923
3 0.751607 0.568767 0.0193284 0.0131526 0.623317
3 0.884515 0.595009 0.0231122 0.0138822 0.61118
3 0.43195 0.550342 0.0071616 0.0224938 0.607254
3 0.387218 0.410262 0.00741725 0.0157316 0.606292
5 0.378077 0.549433 0.0108129 0.0276803 0.582658
5 0.393608 0.692033 0.0184163 0.0940041 0.57947
5 0.417037 0.345584 0.00909023 0.0464554 0.568587
3 0.370466 0.729201 0.0113453 0.0310964 0.557769
3 0.395144 0.336864 0.00600917 0.0114552 0.541564
5 0.379344 0.650117 0.0148419 0.0284899 0.541497
5 0.407015 0.519044 0.0124884 0.0555221 0.53086
3 0.410219 0.49259 0.00815774 0.0149339 0.528347
3 0.364635 0.611301 0.00779768 0.0232489 0.527755
3 0.890956 0.604598 0.0232582 0.0133793 0.521442
3 0.408373 0.325115 0.00622079 0.0132763 0.517981
3 0.39823 0.422913 0.00895996 0.0142709 0.509238
3 0.360868 0.634976 0.0102685 0.025072 0.505067
3 0.453003 0.683614 0.00977421 0.0231688 0.488349
3 0.405042 0.357871 0.00910775 0.017234 0.481576
3 0.395867 0.457542 0.00719879 0.0200406 0.479378
3 0.390632 0.37512 0.00634792 0.0150078 0.476078
3 0.344666 0.778327 0.0126079 0.036366 0.475552
3 0.991794 0.68585 0.0161045 0.0178515 0.473633
3 0.0442938 0.580813 0.0246419 0.0179154 0.467663
3 0.397748 0.446497 0.00815277 0.0150118 0.43655
3 0.901158 0.635485 0.0201419 0.0135697 0.429505
3 0.320562 0.994191 0.0190255 0.0116183 0.422662
5 0.415436 0.38901 0.00825348 0.0406455 0.416173
5 0.422719 0.28001 0.00796116 0.0226118 0.397044
3 0.38572 0.411014 0.00895564 0.0164976 0.384506
4 0.729145 0.559959 0.0183459 0.0163531 0.375452
3 0.415924 0.174374 0.00571481 0.00932398 0.356107
3 0.409859 0.310698 0.00723323 0.0114 0.35431
3 0.838801 0.464155 0.0127247 0.013048 0.333192
3 0.4534 0.542266 0.00980979 0.012988 0.332954
3 0.454902 0.652506 0.0126362 0.0167814 0.318548
4 0.370705 0.729006 0.0110285 0.0310221 0.313973
5 0.427753 0.195089 0.00725765 0.0209065 0.305702
3 0.403868 0.262368 0.00530714 0.0100103 0.301613
3 0.88688 0.597672 0.022331 0.0152944 0.298512
3 0.420786 0.302963 0.00630838 0.0110105 0.29063
3 0.850378 0.479567 0.0119457 0.0110874 0.287688
5 0.422335 0.23233 0.00744476 0.0228638 0.285569
5 0.428879 0.0948537 0.00500946 0.0100437 0.279475
3 0.992195 0.656818 0.0152226 0.0212744 0.275474
5 0.37315 0.95725 0.0226336 0.0842803 0.270066
3 0.406082 0.34487 0.00845376 0.017511 0.266578
5 0.391316 0.609314 0.0108145 0.0630908 0.266235
3 0.388877 0.41063 0.00976266 0.0146832 0.260972
5 0.413965 0.347887 0.0117919 0.0438418 0.26023
