3 0.477015 0.741247 0.0537367 0.113537 0.900004
4 0.932341 0.195799 0.0541576 0.0735863 0.897524
4 0.702096 0.511172 0.0626472 0.0828601 0.893449
3 0.900266 0.341564 0.0547207 0.0683894 0.885895
3 0.347571 0.777072 0.0403647 0.107228 0.884298
4 0.839134 0.393249 0.0601127 0.0752647 0.881705
3 0.773771 0.449208 0.0591165 0.0699904 0.877698
3 0.333171 0.574365 0.0422895 0.0947074 0.8737
3 0.82553 0.287257 0.0598083 0.0776112 0.861679
3 0.200187 0.0861284 0.051056 0.0488477 0.858109
3 0.189506 0.165866 0.0562885 0.0500285 0.857946
3 0.318877 0.659705 0.0444153 0.114518 0.855354
3 0.504388 0.55215 0.0570257 0.0749714 0.854197
3 0.565883 0.495965 0.0685948 0.0915484 0.851579
3 0.62396 0.455546 0.054085 0.0715739 0.842902
3 0.214105 0.274346 0.0360777 0.0732393 0.841678
5 0.319975 0.828485 0.0530249 0.1576 0.840492
3 0.270011 0.333808 0.0291863 0.0733089 0.838198
3 0.878147 0.241419 0.0497689 0.067368 0.836906
4 0.129912 0.125037 0.0590938 0.051273 0.82959
3 0.177565 0.216212 0.04961 0.0651447 0.825058
3 0.166597 0.256363 0.0481324 0.0620369 0.813903
3 0.202786 0.325974 0.0344252 0.0715403 0.807663
4 0.638998 0.565745 0.0629045 0.082509 0.793672
3 0.948413 0.297491 0.0536046 0.0627663 0.772521
3 0.292862 0.702386 0.0411475 0.111531 0.767243
3 0.239312 0.348939 0.0378101 0.0890757 0.756505
3 0.353513 0.963262 0.0391959 0.0677929 0.751653
4 0.220818 0.39545 0.0347349 0.0834189 0.720221
3 0.991064 0.248996 0.0178714 0.0541055 0.718105
3 0.694435 0.395017 0.0517899 0.0688436 0.715761
3 0.534852 0.656871 0.0592768 0.0858065 0.703473
4 0.448311 0.594772 0.0547116 0.076369 0.695379
3 0.26679 0.597874 0.043262 0.121851 0.631834
4 0.246716 0.481537 0.0478531 0.0998385 0.610863
3 0.971592 0.161679 0.0374099 0.0531725 0.529157
3 0.448729 0.594664 0.0550358 0.0758933 0.513167
0 0.140389 0.175059 0.00703993 0.0286439 0.48973
4 0.694593 0.395057 0.0517765 0.0684727 0.429743
3 0.246822 0.481387 0.0472184 0.0992986 0.373647
0 0.856557 0.448084 0.0120192 0.0182714 0.372387
0 0.13021 0.171533 0.00829439 0.0295751 0.282741
9 0.994708 0.129574 0.0105841 0.0297086 0.277679
0 0.0312507 0.335692 0.0132395 0.0269281 0.275168
0 0.369137 0.562463 0.00892657 0.0252746 0.261684
