3 0.698833 0.931848 0.0604498 0.0625906 0.559905
0 0.454653 0.739907 0.00597399 0.0170546 0.556171
0 0.478249 0.35068 0.00725887 0.0186239 0.385558
9 0.518979 0.671939 0.0189581 0.015317 0.367331
0 0.469304 0.625682 0.00754194 0.0207708 0.359389
0 0.43074 0.953703 0.0110361 0.0193211 0.353721
0 0.477731 0.683772 0.00759317 0.0157693 0.339605
0 0.45977 0.446946 0.00775796 0.0270268 0.317154
0 0.468476 0.363361 0.00866664 0.0192713 0.306845
0 0.490046 0.756386 0.00754028 0.0203878 0.294337
0 0.472009 0.755802 0.00671387 0.0197886 0.286708
9 0.521356 0.703781 0.0194433 0.0149275 0.279733
