3 0.105087 0.457196 0.101643 0.100443 0.836607
3 0.102232 0.391184 0.0959509 0.0857534 0.823557
3 0.104776 0.329357 0.0897447 0.0661012 0.813919
0 0.347497 0.428725 0.0128045 0.0296276 0.782987
0 0.483681 0.418764 0.011793 0.0268641 0.771934
0 0.323499 0.790432 0.0189921 0.0250371 0.758432
0 0.512033 0.02396 0.00940905 0.0342765 0.753161
0 0.341052 0.620876 0.0157994 0.0293153 0.750446
0 0.330777 0.700451 0.0198922 0.0267494 0.745516
0 0.334081 0.553465 0.0142327 0.0236471 0.736722
0 0.561177 0.660052 0.0110266 0.024329 0.730241
4 0.120776 0.0728749 0.0447268 0.0954239 0.713843
0 0.533693 0.35588 0.0121105 0.0270837 0.706767
0 0.567735 0.799681 0.014958 0.0216711 0.695584
0 0.39072 0.48485 0.0124735 0.0257245 0.692388
0 0.492839 0.678777 0.0118309 0.0230715 0.690392
0 0.390176 0.544448 0.0119346 0.0235967 0.687883
0 0.476967 0.360686 0.0104562 0.0303919 0.687062
0 0.483399 0.474791 0.0132138 0.0289564 0.684248
0 0.394877 0.674064 0.0163767 0.0254959 0.683524
0 0.402542 0.429962 0.0130596 0.0276199 0.65398
0 0.488584 0.609999 0.0115488 0.024983 0.646181
0 0.403545 0.60042 0.0136885 0.025957 0.632979
0 0.349202 0.382802 0.011246 0.0270027 0.591297
0 0.39906 0.380965 0.0107056 0.026461 0.58967
0 0.349376 0.333285 0.0128628 0.0328253 0.572295
0 0.167292 0.585075 0.0155715 0.0198073 0.566314
0 0.48677 0.528646 0.0131687 0.0278838 0.560359
0 0.447186 0.993698 0.0178515 0.0124006 0.549896
0 0.501814 0.802162 0.0133968 0.0222943 0.547595
3 0.0928236 0.268103 0.0915753 0.0688472 0.533392
0 0.476019 0.281858 0.0115162 0.0366449 0.503808
0 0.502031 0.794796 0.0142098 0.0245185 0.467189
0 0.243581 0.571363 0.0207785 0.0383379 0.427347
0 0.627795 0.87119 0.0178029 0.0264717 0.358825
4 0.093165 0.2672 0.0905257 0.0696264 0.312079
0 0.168009 0.219538 0.0135047 0.0211488 0.287834
0 0.65353 0.873067 0.0172688 0.0185692 0.280128
0 0.39945 0.674111 0.0162827 0.0249611 0.271632
0 0.400918 0.788727 0.0133837 0.0219948 0.260259
0 0.399296 0.790025 0.0111873 0.0223808 0.25763
