3 0.0393669 0.875368 0.0787339 0.115261 0.916045
3 0.0957373 0.783894 0.0633484 0.0842914 0.870408
3 0.241613 0.591043 0.0390952 0.0557231 0.868489
3 0.16298 0.703152 0.0525536 0.0702811 0.852649
3 0.0777062 0.691614 0.0596499 0.0747478 0.831955
3 0.260042 0.471057 0.0266204 0.0402076 0.819988
3 0.281978 0.448477 0.0261902 0.0372312 0.816149
3 0.12092 0.55316 0.0474188 0.034208 0.790991
3 0.200427 0.646436 0.0480786 0.0659904 0.73801
0 0.179425 0.729966 0.0126418 0.0395893 0.690535
4 0.274092 0.539439 0.0386058 0.0576058 0.665873
3 0.311088 0.389389 0.0296427 0.0294235 0.662352
0 0.976264 0.723709 0.0140042 0.0472754 0.662255
3 0.40874 0.351096 0.0325349 0.0301788 0.583282
3 0.472609 0.329553 0.0300221 0.0238052 0.581089
3 0.301199 0.421259 0.0291979 0.0382458 0.563224
4 0.231477 0.504529 0.0385889 0.049627 0.543814
3 0.273218 0.540006 0.0386285 0.0589553 0.460761
3 0.307876 0.383428 0.0329638 0.0283527 0.457619
0 0.0115564 0.965165 0.0159222 0.0521594 0.448888
4 0.881342 0.317745 0.0549051 0.0329375 0.432585
3 0.11441 0.531173 0.0420291 0.026943 0.431948
3 0.37731 0.401504 0.0208666 0.0349515 0.430088
0 0.359701 0.488899 0.00691705 0.0243362 0.426181
0 0.393675 0.402994 0.0063089 0.0240587 0.42059
4 0.168484 0.533426 0.0479702 0.0426169 0.419029
3 0.168629 0.533922 0.0482024 0.0436387 0.40924
0 0.178119 0.551535 0.00833907 0.028905 0.389395
5 0.581627 0.347325 0.0404147 0.0376655 0.383558
4 0.581589 0.347842 0.0396166 0.037045 0.354878
3 0.880691 0.315864 0.0550389 0.0270113 0.313814
2 0.107985 0.827601 0.0173637 0.0459638 0.280274
0 0.645412 0.368981 0.00881688 0.023169 0.275147
