0 0.764488 0.402748 0.00876212 0.0413053 0.699359
0 0.729431 0.320635 0.00881618 0.0347995 0.673409
0 0.655809 0.22645 0.00845803 0.0298766 0.66522
0 0.70237 0.462742 0.00837001 0.0313449 0.629432
0 0.743752 0.295361 0.00823608 0.0308848 0.609945
0 0.692257 0.466685 0.00899837 0.0305521 0.590749
0 0.748686 0.755135 0.0122255 0.0313423 0.573127
0 0.75633 0.759513 0.0115019 0.0344633 0.459696
0 0.655373 0.102981 0.00676117 0.0284109 0.43909
0 0.743014 0.299788 0.00822579 0.0351575 0.420104
0 0.702291 0.61028 0.00878985 0.0310493 0.419174
0 0.74824 0.760303 0.0123116 0.0425067 0.354795
0 0.664873 0.101255 0.00784075 0.0284603 0.339859
0 0.69219 0.306776 0.00864907 0.0318499 0.283619
0 0.712527 0.155289 0.00577279 0.0245031 0.279201
0 0.69115 0.304677 0.00785845 0.0280867 0.253953
