0 0.37248 0.229703 0.00777392 0.0278584 0.612136
0 0.389472 0.0922884 0.00858586 0.0270677 0.582038
0 0.843716 0.339312 0.0115178 0.0199701 0.399458
0 0.380837 0.118589 0.00797852 0.035886 0.396321
0 0.381935 0.120343 0.00729427 0.0353423 0.360677
0 0.372826 0.234965 0.00819872 0.0358071 0.356385
0 0.357185 0.561443 0.0103571 0.032205 0.346987
0 0.346249 0.485764 0.00820036 0.0262976 0.339532
0 0.361837 0.252719 0.00823068 0.035826 0.309109
0 0.403504 0.132177 0.00994777 0.0310741 0.291097
0 0.351644 0.509797 0.00950041 0.0320294 0.26985
