3 0.746402 0.521309 0.0410269 0.0543105 0.890454
3 0.327686 0.267358 0.039368 0.0393268 0.859527
3 0.595372 0.775684 0.0515445 0.0769503 0.858818
3 0.239895 0.538528 0.0369194 0.0598668 0.840171
3 0.697928 0.940548 0.0639465 0.0974022 0.839794
3 0.32973 0.724562 0.0440731 0.0761973 0.837332
3 0.680059 0.372767 0.0441778 0.0323324 0.833814
3 0.69037 0.307284 0.0443036 0.0317336 0.813454
3 0.0270362 0.744508 0.0536734 0.0505806 0.788925
3 0.19232 0.65267 0.0483269 0.0718937 0.779769
3 0.480751 0.561945 0.0453003 0.060481 0.770419
3 0.933475 0.512843 0.0374329 0.0540064 0.740259
3 0.0223348 0.714795 0.0446697 0.0493477 0.733404
3 0.222159 0.0211028 0.0253944 0.0388268 0.708363
3 0.770729 0.308199 0.0395089 0.0388718 0.614994
3 0.0234657 0.678081 0.0469315 0.0485751 0.596003
8 0.461257 0.695064 0.0887246 0.136222 0.582463
3 0.0316508 0.824953 0.0618964 0.0384537 0.564616
4 0.770856 0.308628 0.0401572 0.0373855 0.541489
3 0.971933 0.43225 0.0317254 0.045489 0.456102
3 0.0135827 0.626013 0.0271655 0.0387994 0.440946
3 0.195887 0.569124 0.0475552 0.0737117 0.42933
4 0.0319893 0.825232 0.0630593 0.0395354 0.406812
3 0.0171617 0.653082 0.0343233 0.0501567 0.39906
8 0.0252466 0.122384 0.0504931 0.134592 0.372918
3 0.221936 0.046814 0.0283208 0.0348063 0.33383
5 0.0218831 0.127531 0.0437662 0.121859 0.313019
3 0.0219897 0.6635 0.0439455 0.0600957 0.28604
0 0.0563704 0.972456 0.0145905 0.0218247 0.279797
5 0.0268625 0.120853 0.0531482 0.146248 0.261978
3 0.00493692 0.240263 0.00987385 0.0553343 0.260927
3 0.343921 0.713323 0.0352196 0.0589425 0.26047
