5 0.94373 0.694533 0.101101 0.275305 0.897818
4 0.582777 0.470721 0.0785048 0.0792841 0.886362
5 0.483619 0.57619 0.221783 0.202857 0.855937
3 0.557864 0.52412 0.0753142 0.0676258 0.847603
5 0.88964 0.128501 0.0254997 0.0615116 0.839151
4 0.50158 0.555134 0.0774881 0.0838928 0.797464
4 0.68773 0.346285 0.0523624 0.0511679 0.709133
4 0.825458 0.667364 0.0469658 0.123436 0.694956
4 0.34639 0.584984 0.068114 0.0852123 0.678775
3 0.570688 0.590052 0.0711588 0.0850002 0.649912
1 0.96769 0.481777 0.0123982 0.0357843 0.646277
3 0.932886 0.0644118 0.0129623 0.0228595 0.60201
3 0.673813 0.294944 0.0548672 0.0409965 0.590513
9 0.967313 0.48799 0.014074 0.0419368 0.564897
3 0.670058 0.286891 0.0554667 0.0424105 0.515799
3 0.346845 0.585463 0.0664794 0.0854847 0.46352
0 0.792526 0.3785 0.0105468 0.0370359 0.445187
5 0.894246 0.0640811 0.0147327 0.032936 0.43769
3 0.911311 0.0639069 0.0102763 0.0186607 0.367372
9 0.323907 0.518011 0.0176656 0.0414844 0.352269
4 0.570673 0.591332 0.071008 0.0809586 0.337218
3 0.825719 0.666884 0.0474007 0.124243 0.32966
3 0.673791 0.31307 0.0530692 0.0345435 0.292963
3 0.0654566 0.97157 0.0948013 0.052834 0.265251
5 0.487266 0.609073 0.216119 0.144216 0.250409
