3 0.204893 0.585136 0.0240806 0.0159363 0.849452
3 0.203026 0.675875 0.025562 0.0150009 0.841276
3 0.515921 0.407758 0.0239609 0.0160383 0.839993
3 0.204103 0.623867 0.0230247 0.0164275 0.839061
3 0.235761 0.299562 0.0136723 0.035055 0.828801
3 0.204092 0.640185 0.0237938 0.0159254 0.82754
3 0.139508 0.478983 0.0128306 0.0372786 0.822304
3 0.485349 0.826468 0.011395 0.0368157 0.817538
3 0.138114 0.576601 0.0116026 0.0341597 0.809639
3 0.518248 0.511217 0.0244648 0.0164659 0.809294
3 0.481267 0.965432 0.011963 0.0373077 0.808795
3 0.566743 0.851324 0.0119505 0.0349813 0.808265
3 0.142537 0.642308 0.0132809 0.038231 0.807006
3 0.454651 0.738654 0.0117937 0.037606 0.801621
3 0.51684 0.586527 0.021876 0.0157894 0.800694
3 0.472743 0.581803 0.0111722 0.0382568 0.797237
3 0.203875 0.657527 0.0237152 0.0154368 0.794548
3 0.535301 0.851531 0.0116362 0.0363758 0.791932
3 0.462896 0.155031 0.0116013 0.0343233 0.79069
3 0.47589 0.874748 0.0166721 0.0379143 0.789544
3 0.464014 0.224254 0.0103288 0.034491 0.7864
3 0.253961 0.139671 0.0123459 0.0330886 0.786079
3 0.28448 0.0978635 0.0237578 0.0196941 0.784758
3 0.286476 0.144835 0.0147002 0.0384814 0.784156
5 0.453049 0.300596 0.0142944 0.0515895 0.778864
3 0.517312 0.390039 0.0224223 0.0166792 0.759155
3 0.219059 0.306145 0.0157127 0.0333784 0.758205
3 0.204832 0.553583 0.022927 0.0157486 0.75667
3 0.520014 0.478778 0.0216799 0.0157834 0.753142
3 0.182417 0.0791147 0.0257891 0.0214764 0.748694
3 0.519834 0.555275 0.0239684 0.0180005 0.739631
3 0.207827 0.31072 0.0145858 0.0285465 0.729731
3 0.517783 0.348583 0.0222079 0.0147139 0.72309
3 0.518947 0.457847 0.0201977 0.0193978 0.71979
3 0.516627 0.626298 0.0219158 0.0157726 0.714788
3 0.520116 0.329491 0.0204817 0.0197167 0.707166
3 0.204892 0.463025 0.0219495 0.0160139 0.704156
3 0.563368 0.949851 0.0114157 0.0314107 0.70236
3 0.519349 0.855494 0.0120791 0.0379282 0.700466
3 0.517829 0.368225 0.0229898 0.0144379 0.686705
3 0.205534 0.535115 0.023236 0.0156527 0.686616
3 0.205792 0.518155 0.0229422 0.0170292 0.673177
3 0.454384 0.952413 0.0115424 0.0371043 0.666372
3 0.516605 0.606833 0.0200722 0.0132703 0.663367
3 0.205009 0.487526 0.0229645 0.0155058 0.662887
3 0.250075 0.0902811 0.0234531 0.0200899 0.660606
3 0.561853 0.910787 0.0221953 0.0182669 0.654486
3 0.520979 0.751061 0.0243307 0.0165634 0.650563
3 0.51805 0.387311 0.0220865 0.0159024 0.632857
3 0.521276 0.728057 0.023673 0.0157919 0.629681
3 0.207072 0.430998 0.0228433 0.0148123 0.609232
3 0.206892 0.446497 0.0216303 0.0155556 0.605217
3 0.167263 0.0910282 0.0279669 0.0191538 0.597546
3 0.561295 0.457223 0.021845 0.0171154 0.595675
3 0.204357 0.411281 0.024513 0.0165056 0.590108
3 0.549453 0.948663 0.0115583 0.0299584 0.584898
3 0.534815 0.945237 0.0126038 0.0334002 0.576997
3 0.204768 0.472158 0.0225396 0.0150675 0.571362
3 0.351088 0.613523 0.0108797 0.035631 0.568062
3 0.517438 0.571883 0.0230738 0.013428 0.558946
5 0.452861 0.268406 0.0147514 0.0312206 0.534413
9 0.154495 0.426096 0.00614246 0.0164309 0.530985
3 0.205024 0.414858 0.0232525 0.0169284 0.526132
3 0.519185 0.495699 0.0233417 0.0156525 0.525984
3 0.204842 0.50354 0.023679 0.017205 0.52597
3 0.204844 0.569093 0.0238451 0.0164158 0.525868
3 0.520856 0.735306 0.024288 0.0133819 0.515383
3 0.548656 0.842798 0.0112387 0.0360856 0.511754
3 0.183882 0.714559 0.0321259 0.0184675 0.504855
3 0.204597 0.600945 0.023699 0.0150967 0.482958
3 0.454258 0.969428 0.0118029 0.0381316 0.460445
3 0.564142 0.397187 0.0131552 0.0317535 0.44666
3 0.577314 0.93439 0.012224 0.0234887 0.421434
3 0.520397 0.722205 0.0223717 0.0146691 0.421377
9 0.486983 0.254548 0.00527897 0.0166297 0.381046
3 0.242446 0.146847 0.00891536 0.0250631 0.378365
3 0.550024 0.858061 0.012501 0.0267118 0.368148
3 0.516127 0.2928 0.0108025 0.0240827 0.330026
3 0.51613 0.823211 0.0204849 0.0234629 0.328234
5 0.558471 0.802858 0.0114543 0.0384893 0.29471
3 0.558218 0.803786 0.011392 0.0382032 0.291946
3 0.517096 0.62974 0.0206184 0.0154004 0.291163
3 0.57797 0.940449 0.0119434 0.0303083 0.276926
3 0.518915 0.565734 0.0232448 0.0161969 0.258247
3 0.516745 0.393913 0.0234589 0.0161238 0.250339
