3 0.512463 0.365352 0.0489954 0.043752 0.848482
7 0.397638 0.482897 0.0235096 0.0679191 0.846613
9 0.556335 0.787745 0.017415 0.058272 0.699358
6 0.488196 0.594563 0.0256914 0.0669587 0.666622
7 0.588845 0.587429 0.028834 0.0629955 0.619756
0 0.454245 0.346812 0.00711222 0.034585 0.610668
0 0.699572 0.604132 0.0134864 0.0430402 0.576702
7 0.413268 0.321876 0.0152758 0.0467806 0.551999
0 0.444583 0.346742 0.00664681 0.0330481 0.546491
0 0.509584 0.44458 0.00805333 0.0338141 0.523452
9 0.456087 0.631994 0.0189177 0.0465075 0.522372
6 0.368584 0.640678 0.0227717 0.0652277 0.454758
0 0.509715 0.453934 0.00933073 0.035724 0.434713
0 0.43348 0.345948 0.00859013 0.0336851 0.430319
0 0.378645 0.552036 0.0104578 0.0451481 0.426532
6 0.472498 0.331765 0.0205954 0.028112 0.390012
0 0.43269 0.34116 0.00878011 0.0307598 0.363904
1 0.455012 0.62811 0.0160259 0.0478993 0.359959
9 0.430866 0.27744 0.00930461 0.0294415 0.350434
9 0.339035 0.379896 0.0141012 0.025779 0.347557
9 0.381333 0.257372 0.0116871 0.0261689 0.345183
9 0.364217 0.230313 0.00985868 0.0205103 0.344607
9 0.396498 0.255872 0.007066 0.026199 0.341993
9 0.727995 0.62648 0.02511 0.0257427 0.3398
9 0.427401 0.364915 0.00900877 0.0266226 0.327944
0 0.364835 0.547118 0.0129191 0.0329484 0.312019
9 0.427035 0.237041 0.010112 0.0220039 0.30792
7 0.368659 0.640476 0.0232445 0.0653821 0.294317
9 0.410382 0.556312 0.0234671 0.0342121 0.293699
9 0.422163 0.190141 0.0107294 0.020009 0.291794
9 0.409996 0.254814 0.0069618 0.0250849 0.286343
9 0.555393 0.551942 0.0148779 0.0333072 0.284311
7 0.352639 0.105222 0.0134191 0.0202404 0.278039
1 0.4022 0.546383 0.0109002 0.0416677 0.273257
9 0.548792 0.271369 0.0101475 0.0219414 0.273122
7 0.374161 0.138643 0.0108221 0.0258469 0.270285
9 0.399409 0.643404 0.0194564 0.0376649 0.270123
0 0.381987 0.540915 0.0145847 0.0420784 0.259446
6 0.375642 0.140155 0.0112573 0.0257407 0.253914
