0 0.181578 0.661908 0.0222162 0.0555313 0.794515
0 0.0728078 0.463288 0.0158796 0.0403146 0.772448
0 0.213721 0.645496 0.0231483 0.0527842 0.771571
0 0.279824 0.535861 0.0202545 0.0415672 0.757165
0 0.0416213 0.469008 0.0146257 0.0380382 0.757083
2 0.320255 0.625784 0.0405766 0.0367284 0.75627
0 0.0263222 0.475223 0.0154657 0.0384694 0.731032
0 0.0832137 0.777591 0.0289861 0.0641345 0.712587
0 0.105912 0.454567 0.0118761 0.0352132 0.670356
0 0.627156 0.406401 0.00861302 0.0258321 0.668918
0 0.0356787 0.520603 0.0178272 0.0411297 0.662039
0 0.507113 0.408856 0.0085699 0.0293281 0.645828
0 0.123032 0.475332 0.0150473 0.0447983 0.639095
0 0.00970967 0.522537 0.017737 0.0438292 0.637988
0 0.711227 0.457168 0.00885402 0.029984 0.635979
0 0.318769 0.552139 0.0147344 0.0412201 0.632215
0 0.386214 0.460054 0.01093 0.0325374 0.630001
0 0.313901 0.578633 0.0161487 0.0488064 0.603954
0 0.00778484 0.457203 0.013963 0.0338469 0.576652
0 0.709632 0.459326 0.0113544 0.0313484 0.548953
0 0.115555 0.766702 0.0297292 0.0608022 0.52583
0 0.985743 0.414303 0.011156 0.0279131 0.491457
0 0.119527 0.474579 0.015586 0.0490505 0.468535
1 0.327645 0.619776 0.0232541 0.041256 0.436178
0 0.232634 0.356485 0.00605273 0.0224248 0.431221
0 0.220986 0.3569 0.00729837 0.0219638 0.428118
0 0.903791 0.413354 0.00918256 0.0181955 0.342579
0 0.387961 0.460762 0.0116091 0.0302293 0.340795
0 0.708746 0.46344 0.0112975 0.0280903 0.298372
1 0.114539 0.766935 0.0312043 0.0601421 0.294714
0 0.671033 0.359115 0.0068556 0.0193818 0.273616
0 0.00643808 0.525762 0.0128762 0.0484366 0.269346
0 0.383273 0.390183 0.00800973 0.0232232 0.2633
