0 0.78569 0.494047 0.0122033 0.0298239 0.745678
0 0.585636 0.458792 0.0105655 0.0286687 0.652399
0 0.564656 0.252414 0.00965672 0.0274437 0.645971
0 0.934392 0.660352 0.0193663 0.0286123 0.625306
0 0.307351 0.815308 0.0155105 0.0338915 0.604221
0 0.313969 0.703476 0.0126857 0.0249442 0.589717
0 0.647269 0.834732 0.0107622 0.0300122 0.545761
0 0.290402 0.593091 0.0112849 0.0205117 0.539506
0 0.280012 0.453138 0.0147083 0.0268284 0.532668
0 0.896722 0.207408 0.014278 0.0338094 0.527058
0 0.297932 0.646786 0.0123585 0.0256353 0.516011
0 0.826207 0.812527 0.0145816 0.0259364 0.503472
0 0.313531 0.818703 0.0106606 0.028561 0.459116
0 0.306273 0.522965 0.0117347 0.025524 0.446844
0 0.573168 0.561097 0.0102831 0.0208948 0.432314
0 0.966583 0.493411 0.0136497 0.0261676 0.42596
0 0.840194 0.55658 0.026443 0.0436756 0.392808
0 0.297245 0.983231 0.0105164 0.0268794 0.360955
0 0.29574 0.92713 0.013127 0.0293863 0.345822
0 0.298302 0.95336 0.0113352 0.0241817 0.306474
0 0.897501 0.213063 0.0154568 0.0440653 0.271665
0 0.297262 0.668535 0.0163296 0.0345429 0.267238
0 0.353068 0.066765 0.0086933 0.0297882 0.256205
