4 0.685868 0.832861 0.0920391 0.108699 0.910993
3 0.466586 0.896802 0.097604 0.0808419 0.903752
3 0.600578 0.577699 0.0427883 0.0873857 0.89736
3 0.589379 0.888131 0.0917585 0.0733062 0.890988
3 0.127903 0.932805 0.102154 0.0783423 0.885094
3 0.642252 0.66836 0.0662991 0.102531 0.884293
3 0.237732 0.912288 0.0921414 0.0794214 0.880583
3 0.36553 0.910654 0.0888316 0.073152 0.88044
3 0.127877 0.838648 0.097048 0.0722834 0.877924
3 0.368689 0.740249 0.0775222 0.0659097 0.8736
3 0.618976 0.527983 0.0375141 0.0808161 0.864416
3 0.954433 0.673759 0.083482 0.0668755 0.861179
4 0.761042 0.689634 0.0856908 0.0680764 0.85384
3 0.554458 0.337114 0.0254219 0.0669971 0.848172
3 0.973325 0.72769 0.0532498 0.0691498 0.844472
8 0.862482 0.744534 0.129605 0.108274 0.836994
4 0.0247912 0.941167 0.0494834 0.0879287 0.831671
3 0.58196 0.489001 0.0350411 0.0839301 0.826135
3 0.606463 0.452799 0.0326582 0.0702649 0.820732
3 0.866698 0.673944 0.0735119 0.062296 0.816946
3 0.545115 0.203153 0.0221356 0.0477 0.813131
3 0.66123 0.628765 0.0626428 0.0867571 0.805641
3 0.585178 0.289733 0.0259294 0.0643108 0.802625
3 0.560774 0.135956 0.0208121 0.0439639 0.773087
3 0.541841 0.025628 0.0168979 0.0313073 0.743904
3 0.574661 0.236019 0.0264022 0.0555694 0.725346
3 0.555144 0.0956079 0.0192596 0.0419401 0.710114
3 0.522396 0.0131529 0.0163235 0.0263058 0.662074
5 0.570949 0.178348 0.0252701 0.0607378 0.63273
0 0.8968 0.611074 0.0117149 0.0387013 0.621071
3 0.590456 0.370249 0.035676 0.0852868 0.598685
3 0.52709 0.0461161 0.0157547 0.0355951 0.531743
0 0.70557 0.607711 0.0105103 0.0384138 0.496101
3 0.549084 0.0570874 0.0174241 0.0365207 0.487671
4 0.571046 0.178841 0.024811 0.0622271 0.47878
4 0.661144 0.628907 0.0624052 0.084758 0.462898
4 0.53302 0.0964562 0.0218815 0.0498119 0.453624
4 0.574938 0.235691 0.0270937 0.0569452 0.409856
4 0.500048 0.0126357 0.0164159 0.0252714 0.394672
9 0.504208 0.632314 0.0206307 0.0332614 0.3372
3 0.532991 0.0953603 0.0211716 0.0485385 0.31894
9 0.40563 0.643464 0.0109092 0.0427635 0.30185
3 0.589147 0.346942 0.0318141 0.0470909 0.274889
0 0.695679 0.607902 0.00997851 0.0329923 0.271966
0 0.568104 0.0601569 0.00624102 0.0249814 0.26662
