0 0.496283 0.589725 0.00903795 0.0213965 0.582697
0 0.46671 0.317082 0.00724278 0.0310347 0.539163
0 0.458685 0.399875 0.00758384 0.0257506 0.494829
0 0.448612 0.2922 0.00973445 0.0261452 0.461622
5 0.303659 0.267842 0.0386157 0.156169 0.440333
0 0.448157 0.420802 0.00937709 0.0222561 0.438397
0 0.525946 0.91511 0.0107656 0.0308557 0.435455
0 0.4609 0.450132 0.00974378 0.0278078 0.383704
0 0.490421 0.798801 0.0111866 0.0225961 0.381679
0 0.467964 0.397099 0.0071967 0.0259307 0.376953
0 0.482452 0.746433 0.00928724 0.0243338 0.366723
0 0.517546 0.813185 0.00772631 0.0262931 0.341678
0 0.46305 0.450331 0.011408 0.0270522 0.338051
0 0.487297 0.382189 0.00714438 0.0277801 0.32921
0 0.495962 0.758547 0.00905893 0.0215921 0.328617
0 0.463866 0.287158 0.00982758 0.0321529 0.322866
0 0.486455 0.380189 0.0104116 0.0239521 0.311022
0 0.498563 0.545624 0.0097307 0.0193775 0.30575
7 0.491712 0.268451 0.0223032 0.0665237 0.297392
0 0.563669 0.899389 0.0102677 0.0308091 0.291924
0 0.498906 0.635369 0.0109579 0.026241 0.285016
0 0.523622 0.817576 0.00929395 0.0280033 0.273138
0 0.60429 0.927099 0.0106634 0.0184174 0.263082
0 0.488565 0.381334 0.0103839 0.0254591 0.259468
0 0.454137 0.460397 0.00833605 0.0280986 0.258562
0 0.518983 0.809151 0.0102258 0.0210053 0.254053
