3 0.888518 0.386207 0.0351238 0.0658123 0.87272
3 0.331003 0.597215 0.0554598 0.0500871 0.872674
3 0.880133 0.303507 0.0399615 0.0350273 0.848234
4 0.607927 0.612431 0.0233925 0.0806532 0.844915
3 0.51405 0.217767 0.0191093 0.045005 0.824921
6 0.610355 0.746027 0.0163349 0.061214 0.671199
7 0.566203 0.491145 0.0154934 0.0559003 0.63101
5 0.602418 0.427261 0.0220799 0.0736428 0.599329
7 0.500836 0.379811 0.0162706 0.0522616 0.562102
9 0.388793 0.879375 0.0160783 0.0346152 0.5589
6 0.591361 0.217655 0.0118315 0.0312386 0.544458
7 0.399769 0.744124 0.0336908 0.0427116 0.544301
9 0.584668 0.506362 0.00837278 0.0313315 0.497978
9 0.463514 0.301812 0.0168255 0.0222131 0.450589
6 0.537281 0.51374 0.0147861 0.0502728 0.41176
6 0.990107 0.527632 0.0194153 0.0511842 0.396847
1 0.584515 0.500993 0.00745011 0.0247862 0.396214
6 0.578471 0.231464 0.0107451 0.0301847 0.349947
9 0.578462 0.229002 0.00921975 0.0285366 0.344766
6 0.496277 0.529953 0.0251949 0.0438393 0.317048
6 0.523199 0.0287811 0.0123782 0.0253463 0.282491
9 0.653792 0.17707 0.00817642 0.0263674 0.273072
