5 0.929992 0.945193 0.140015 0.0915197 0.903185
4 0.0942112 0.91328 0.0862815 0.167827 0.895896
3 0.519282 0.824383 0.0343168 0.0480223 0.881163
3 0.273647 0.484023 0.0135567 0.0256173 0.877882
3 0.216696 0.539545 0.0160163 0.0317246 0.874931
3 0.484449 0.805359 0.041086 0.0429015 0.874892
3 0.225971 0.599904 0.0209461 0.0392802 0.873204
3 0.16204 0.651931 0.0259023 0.0380691 0.870122
3 0.207293 0.581893 0.0193471 0.03698 0.864169
5 0.169569 0.737723 0.0327991 0.0623457 0.858514
3 0.581922 0.859664 0.0222029 0.0660064 0.855453
3 0.296061 0.474623 0.0240836 0.025716 0.854917
5 0.301301 0.55143 0.0258864 0.0450857 0.85314
3 0.547838 0.8407 0.0288202 0.0573678 0.850273
3 0.337685 0.60719 0.0332778 0.0218581 0.849696
5 0.25068 0.525933 0.0180967 0.0524215 0.848005
3 0.543846 0.755448 0.023596 0.0450277 0.847114
3 0.642338 0.743529 0.0268551 0.0477192 0.846857
3 0.671535 0.851555 0.0310009 0.0599332 0.845106
4 0.686832 0.749568 0.0232067 0.0447843 0.836051
3 0.189518 0.50936 0.0150314 0.0289699 0.834027
3 0.337723 0.643709 0.0368924 0.02351 0.828128
4 0.649415 0.802506 0.0490616 0.0320595 0.826108
4 0.117664 0.807472 0.0303364 0.0519055 0.814577
4 0.711702 0.754192 0.0297211 0.046837 0.813646
3 0.198701 0.538055 0.0161678 0.0326475 0.809342
5 0.225846 0.488499 0.018515 0.0417441 0.808444
4 0.650944 0.876031 0.022105 0.0616842 0.804046
3 0.613588 0.748416 0.0248909 0.0554176 0.802222
4 0.57481 0.757477 0.0293763 0.0554714 0.801735
3 0.407958 0.468951 0.0258148 0.0169864 0.798267
4 0.364332 0.512122 0.0336447 0.0235413 0.792484
3 0.347239 0.36608 0.0136901 0.0176679 0.788762
3 0.395928 0.499112 0.0265723 0.017063 0.776322
3 0.352118 0.552665 0.0328725 0.018466 0.774157
3 0.332945 0.417564 0.0131209 0.0189045 0.752667
5 0.253576 0.438905 0.0282607 0.0348778 0.751596
3 0.41313 0.609779 0.0319279 0.0192973 0.7505
3 0.411261 0.628351 0.0374139 0.0229271 0.74598
9 0.294283 0.84641 0.0178382 0.0161041 0.716171
4 0.0135584 0.930914 0.0269319 0.091867 0.667978
3 0.114822 0.554322 0.0178426 0.0307174 0.660085
3 0.410969 0.563432 0.0300357 0.0198311 0.655507
3 0.25159 0.497971 0.0142449 0.0230104 0.647649
3 0.34968 0.568565 0.0325111 0.0213359 0.646015
3 0.591429 0.749575 0.0250319 0.0527345 0.630358
3 0.341353 0.585274 0.027166 0.0229195 0.623271
3 0.364886 0.235381 0.0119879 0.0126187 0.621427
8 0.382862 0.288226 0.0252945 0.0359685 0.61948
3 0.141003 0.278071 0.0223314 0.0106449 0.603901
3 0.666991 0.750331 0.0247381 0.0449317 0.575838
5 0.13757 0.26238 0.0464117 0.0206753 0.571949
5 0.525077 0.986556 0.0653606 0.0268873 0.563387
3 0.410527 0.547342 0.0298506 0.0177419 0.555891
8 0.837138 0.975724 0.050169 0.0473546 0.550444
5 0.0961217 0.221497 0.0343211 0.0180664 0.54793
3 0.171691 0.225574 0.0161931 0.0106406 0.547553
5 0.402913 0.253327 0.0208006 0.0364595 0.542913
3 0.243119 0.357449 0.0145847 0.0171974 0.530525
5 0.0846665 0.261331 0.048595 0.0247791 0.528074
5 0.473226 0.182642 0.0132284 0.0174843 0.52174
3 0.420766 0.177288 0.00752393 0.0114988 0.512361
3 0.410415 0.544381 0.0280985 0.0178718 0.510363
5 0.0853768 0.257206 0.0478756 0.0192197 0.498527
4 0.666535 0.750663 0.0244356 0.0450599 0.486707
3 0.406962 0.520666 0.0283338 0.0181727 0.479898
9 0.264177 0.642462 0.00721298 0.0161323 0.473747
5 0.695963 0.990941 0.059976 0.0181188 0.470236
5 0.140736 0.244001 0.0429198 0.0215581 0.467742
5 0.382884 0.288837 0.0250088 0.0369904 0.463427
5 0.127358 0.322108 0.0203212 0.0250802 0.462009
5 0.364697 0.322511 0.0163309 0.027185 0.45683
3 0.193066 0.230719 0.0141076 0.0114714 0.443519
8 0.0130546 0.939164 0.0261093 0.108629 0.438768
5 0.0879193 0.248318 0.049011 0.0233398 0.434171
9 0.255597 0.896081 0.0224145 0.0295451 0.427313
5 0.15275 0.242485 0.0201297 0.0164889 0.426107
3 0.0149636 0.237808 0.0148174 0.0123569 0.418603
3 0.493576 0.218833 0.0167168 0.0101238 0.4164
4 0.592182 0.750372 0.0236511 0.0523074 0.415166
3 0.177083 0.225838 0.014137 0.010787 0.409754
9 0.3682 0.718111 0.0111113 0.0199981 0.388143
3 0.410159 0.537557 0.029129 0.0190038 0.386535
5 0.0816902 0.270853 0.0427923 0.0211067 0.37754
3 0.448014 0.201151 0.011192 0.0143935 0.356432
4 0.790053 0.991369 0.0546398 0.017261 0.348505
3 0.346999 0.574146 0.0288967 0.0177534 0.347614
0 0.330319 0.536745 0.00479483 0.0142056 0.345318
6 0.230545 0.40451 0.0159389 0.0165174 0.342818
7 0.255429 0.895984 0.0224721 0.0292403 0.342385
5 0.0917922 0.245293 0.0499389 0.0211913 0.341688
5 0.837123 0.975634 0.0515625 0.0484534 0.3348
9 0.520598 0.752209 0.00714172 0.0221107 0.327189
9 0.420684 0.680898 0.00808882 0.0120522 0.326012
5 0.403603 0.189244 0.014149 0.0159029 0.311051
3 0.319809 0.191729 0.0127122 0.0103639 0.310418
3 0.352092 0.536508 0.0313213 0.0200907 0.306395
3 0.121967 0.223896 0.0158587 0.0125967 0.304486
3 0.281163 0.210658 0.0126608 0.00964012 0.301925
5 0.483402 0.163969 0.0131136 0.0144118 0.300739
9 0.337815 0.501113 0.0133963 0.0146613 0.292989
5 0.139258 0.248343 0.0467094 0.025908 0.289517
9 0.507838 0.751868 0.0107868 0.0170934 0.271846
3 0.117764 0.243715 0.012115 0.0152242 0.267071
5 0.132535 0.222264 0.0160878 0.0140378 0.251269
5 0.50331 0.170639 0.0102033 0.0219378 0.250875
