3 0.743235 0.823308 0.107837 0.158106 0.918681
3 0.526861 0.762108 0.0463833 0.147033 0.88902
3 0.524559 0.64223 0.0435905 0.117009 0.873382
3 0.475664 0.329244 0.0271219 0.0664592 0.873153
7 0.709663 0.684855 0.0529966 0.0723164 0.850953
7 0.533301 0.525098 0.0267571 0.0784215 0.844244
3 0.475001 0.0970986 0.0254454 0.0322396 0.842639
3 0.48089 0.392682 0.0312788 0.0675647 0.839311
9 0.399117 0.825972 0.0228412 0.0660339 0.798526
3 0.489792 0.144857 0.0231993 0.0361857 0.770434
4 0.488011 0.522199 0.0374224 0.114677 0.714395
4 0.471465 0.164219 0.0197075 0.0503216 0.702644
6 0.472228 0.44695 0.0238075 0.0551845 0.699933
9 0.646138 0.423112 0.0228174 0.0284809 0.680262
7 0.513981 0.408731 0.0233994 0.0638002 0.661057
7 0.51599 0.365448 0.0219061 0.0607542 0.653612
3 0.468082 0.0159459 0.0149364 0.0275734 0.632206
3 0.451494 0.0203451 0.015567 0.0297238 0.601241
3 0.49262 0.245778 0.0242093 0.0617566 0.594662
9 0.701125 0.620848 0.0278875 0.0361983 0.579629
9 0.377325 0.418113 0.0211327 0.0304901 0.472749
4 0.492463 0.245556 0.0244075 0.0620677 0.457923
9 0.665995 0.977765 0.0437688 0.0414337 0.457029
1 0.67687 0.967163 0.0162613 0.0540279 0.449778
3 0.487947 0.52184 0.0377988 0.112757 0.446646
9 0.415632 0.341163 0.0144983 0.0419667 0.44138
9 0.541934 0.112216 0.0136219 0.0201619 0.43837
1 0.67288 0.967789 0.0244807 0.0552501 0.3644
7 0.461135 0.0693443 0.0251517 0.0465958 0.358378
6 0.42315 0.200325 0.0200832 0.0377325 0.350964
9 0.508131 0.0570601 0.00697957 0.0195421 0.350556
6 0.41553 0.341001 0.0148338 0.0436043 0.346628
0 0.434214 0.0249061 0.006213 0.0231144 0.327749
6 0.426054 0.199227 0.0146546 0.0365483 0.319568
1 0.508413 0.052414 0.00647049 0.0204642 0.315229
9 0.388867 0.262509 0.0190879 0.0246084 0.308312
0 0.514668 0.121473 0.00638161 0.0245331 0.306544
0 0.505626 0.124707 0.00713251 0.0245621 0.303549
7 0.425901 0.0828554 0.0126931 0.0322157 0.30064
0 0.506972 0.12247 0.00784206 0.0261472 0.283395
0 0.710195 0.528579 0.0120211 0.0456918 0.262286
9 0.747743 0.734837 0.0283927 0.0375961 0.259541
