6 0.623795 0.516546 0.0689152 0.205802 0.847183
6 0.736933 0.892887 0.0491093 0.203804 0.770574
9 0.578314 0.060519 0.036138 0.117381 0.733248
6 0.626189 0.935805 0.0558771 0.127287 0.731897
4 0.253338 0.280155 0.0919086 0.357311 0.707808
9 0.815563 0.526708 0.0527012 0.0922319 0.693601
3 0.562346 0.81689 0.0598267 0.177861 0.677625
6 0.562445 0.81399 0.0596016 0.178635 0.619095
9 0.421732 0.225121 0.025173 0.11504 0.611312
9 0.745922 0.594772 0.0363741 0.0882918 0.565062
6 0.340054 0.377229 0.065106 0.251831 0.548429
1 0.683858 0.73821 0.0253048 0.0492448 0.447439
1 0.815897 0.50866 0.049649 0.0565456 0.427304
9 0.682916 0.778358 0.0399692 0.0871634 0.417411
1 0.682979 0.747547 0.0279098 0.0653747 0.415929
9 0.815231 0.96956 0.0482643 0.0584002 0.264523
