5 0.55751 0.663234 0.0826437 0.160069 0.91297
5 0.448328 0.821047 0.0515959 0.101031 0.912743
4 0.897477 0.891882 0.0562664 0.0522611 0.900323
5 0.49776 0.735847 0.0382656 0.0718687 0.899067
5 0.593415 0.49738 0.063962 0.118957 0.883426
3 0.205597 0.88483 0.0390846 0.0748034 0.878984
3 0.682097 0.3726 0.0191186 0.0241121 0.876701
3 0.319051 0.816726 0.0340755 0.0604706 0.874705
3 0.283836 0.838206 0.0271005 0.0647498 0.873813
5 0.641335 0.466597 0.0592446 0.110006 0.871625
3 0.24977 0.858069 0.0269214 0.0627942 0.865699
3 0.321277 0.669338 0.0372704 0.0352455 0.853787
5 0.546622 0.597008 0.0680155 0.129977 0.851491
3 0.240987 0.774163 0.0395639 0.036392 0.847647
3 0.381588 0.724206 0.0398823 0.0396409 0.847321
3 0.300139 0.699093 0.0381438 0.0439099 0.840816
3 0.739313 0.972475 0.0556168 0.0526596 0.840697
3 0.892147 0.959083 0.0614373 0.0606066 0.835937
4 0.508289 0.788388 0.0372503 0.0707514 0.834198
4 0.375788 0.759992 0.0329349 0.0522164 0.826353
3 0.283346 0.721653 0.0400011 0.0406272 0.825737
3 0.0146451 0.794424 0.0292902 0.0422639 0.820512
3 0.0194543 0.818022 0.0387705 0.0533834 0.813215
3 0.903703 0.830978 0.0516542 0.0512494 0.812762
5 0.451203 0.911281 0.0975913 0.177439 0.812054
5 0.604762 0.546505 0.0427883 0.0746417 0.810449
4 0.617078 0.608261 0.0215171 0.0371597 0.804784
5 0.713489 0.326874 0.0396192 0.0646844 0.801172
5 0.685201 0.327687 0.0351019 0.0595501 0.795984
5 0.648273 0.396086 0.0463194 0.0864073 0.792182
4 0.387338 0.67414 0.0445533 0.0484917 0.772521
4 0.376207 0.623162 0.0323875 0.0332008 0.770997
3 0.64886 0.352331 0.016633 0.0245104 0.769969
3 0.895103 0.856222 0.0578781 0.0531766 0.767469
4 0.889088 0.980635 0.0519438 0.0387308 0.766141
3 0.711678 0.287055 0.0144096 0.022294 0.762645
3 0.519705 0.37186 0.0201178 0.02258 0.754381
5 0.564617 0.856232 0.0318763 0.0634013 0.744154
3 0.341002 0.652206 0.0351588 0.0389234 0.727287
3 0.765309 0.914344 0.0441309 0.0428001 0.727066
3 0.663722 0.326508 0.0175656 0.0266838 0.719898
3 0.694955 0.272788 0.0144368 0.0201145 0.707142
3 0.891104 0.922432 0.0589914 0.052725 0.683206
5 0.32495 0.967621 0.074475 0.0647577 0.668854
3 0.780337 0.762107 0.0465588 0.0351278 0.668688
5 0.776587 0.20337 0.0273492 0.0472413 0.657997
3 0.825669 0.119264 0.0131205 0.0187416 0.619648
3 0.711132 0.242301 0.0130375 0.0219012 0.612612
4 0.271621 0.74376 0.0422338 0.0430692 0.602457
5 0.801222 0.162159 0.0188116 0.0351252 0.594245
3 0.725822 0.267251 0.0131494 0.0186592 0.585956
3 0.766051 0.224905 0.0123499 0.0195525 0.578156
8 0.744497 0.228793 0.0345142 0.0633141 0.557908
3 0.769679 0.15787 0.00949995 0.0157572 0.553793
3 0.896316 0.891578 0.0566372 0.0512864 0.546091
4 0.35844 0.637311 0.0308093 0.0366424 0.521107
5 0.813485 0.112248 0.0210297 0.0325779 0.509474
3 0.731652 0.291035 0.0167143 0.0193938 0.501215
5 0.294835 0.579814 0.046147 0.0532582 0.491417
3 0.815042 0.139988 0.01428 0.0155972 0.490658
3 0.75152 0.944677 0.0507967 0.0441215 0.484035
3 0.742509 0.197742 0.0175568 0.0196679 0.472711
4 0.896899 0.858198 0.0519266 0.050296 0.470618
3 0.857646 0.0603612 0.0112419 0.0152877 0.459539
3 0.738487 0.988487 0.0543976 0.0222676 0.437521
8 0.751385 0.252876 0.0241788 0.0432682 0.410751
5 0.751849 0.25344 0.0249365 0.0448635 0.40216
5 0.0749074 0.360228 0.0335001 0.0336589 0.401481
3 0.735679 0.992028 0.0526755 0.015883 0.394584
3 0.796286 0.122632 0.0116501 0.0153217 0.394535
9 0.814645 0.714241 0.0151684 0.0176333 0.394109
3 0.779783 0.138223 0.0129084 0.0144131 0.387879
3 0.799094 0.137718 0.0109211 0.0162612 0.375278
3 0.865623 0.026249 0.0107415 0.0130689 0.374521
9 0.216705 0.796909 0.0137893 0.0172974 0.374286
3 0.767383 0.192138 0.0143045 0.0224467 0.371623
5 0.670695 0.542014 0.0413789 0.0621325 0.366236
5 0.744412 0.227206 0.0371268 0.0606593 0.360421
3 0.519791 0.428147 0.0241334 0.0225092 0.353425
9 0.00796804 0.97475 0.0136975 0.0336888 0.34978
3 0.815201 0.793958 0.0229009 0.046824 0.340692
3 0.523328 0.424488 0.0261412 0.0230756 0.338752
3 0.799545 0.740461 0.0499479 0.0455109 0.321631
9 0.307694 0.75546 0.00873127 0.0203281 0.314619
3 0.877786 0.00650327 0.00859602 0.0118364 0.302352
3 0.631882 0.433008 0.0227968 0.0351749 0.298736
0 0.204213 0.811078 0.00935556 0.0191572 0.275905
8 0.879337 0.0203841 0.0123485 0.017419 0.272485
3 0.578356 0.403282 0.0309197 0.016738 0.269668
8 0.848363 0.127991 0.0218341 0.0369049 0.268124
9 0.119058 0.870199 0.0160032 0.0158963 0.266437
4 0.891052 0.923369 0.0578691 0.0542503 0.266387
8 0.910733 0.00877679 0.0158733 0.0169784 0.263643
3 0.866549 0.0232611 0.0107391 0.0144335 0.263101
5 0.77966 0.199406 0.0293425 0.0525945 0.257026
8 0.832141 0.0854547 0.0185592 0.026957 0.256069
5 0.848699 0.126563 0.0205085 0.0348967 0.251961
