8 0.781189 0.100785 0.15906 0.174838 0.890207
3 0.68616 0.288103 0.0807371 0.0919065 0.870488
3 0.877151 0.43231 0.126903 0.134631 0.86074
3 0.533317 0.119344 0.0507506 0.0577944 0.848526
3 0.689907 0.400357 0.0862326 0.104067 0.834064
3 0.45078 0.083248 0.0427088 0.0621858 0.815432
3 0.707188 0.162238 0.0688881 0.0847474 0.772191
3 0.590163 0.246334 0.0695816 0.0999194 0.733899
0 0.73381 0.736271 0.0250639 0.067316 0.683927
5 0.629187 0.0471297 0.105153 0.0920251 0.659971
0 0.459725 0.316887 0.0114689 0.0516585 0.657411
8 0.429189 0.020386 0.0614658 0.0407719 0.653912
0 0.650204 0.673209 0.0202127 0.064042 0.651953
0 0.481884 0.307293 0.0125753 0.0554013 0.622023
0 0.508647 0.411666 0.0124956 0.0495535 0.604081
0 0.404548 0.178655 0.00957441 0.0476838 0.603669
0 0.813572 0.885295 0.0245296 0.0798044 0.569313
0 0.471423 0.33138 0.0133852 0.051683 0.484376
0 0.471044 0.318795 0.011702 0.0522023 0.417663
4 0.590142 0.245584 0.068941 0.0982568 0.378648
0 0.380349 0.120426 0.0105727 0.0430203 0.326347
0 0.41656 0.17784 0.0104058 0.0447999 0.268422
