3 0.465426 0.329965 0.0439491 0.0395637 0.869913
3 0.17413 0.462595 0.097437 0.0620119 0.841033
3 0.432786 0.304766 0.0520708 0.0310941 0.80817
0 0.605548 0.277625 0.00729313 0.0242451 0.730967
0 0.240363 0.489564 0.0199724 0.0499981 0.727549
3 0.387239 0.336455 0.0612762 0.0414181 0.711902
0 0.362516 0.404568 0.0116302 0.0364472 0.693736
3 0.457266 0.295879 0.0428081 0.0298968 0.58737
0 0.631931 0.243171 0.00543536 0.0219419 0.568996
0 0.614948 0.244301 0.00764064 0.0207449 0.543398
3 0.601407 0.208985 0.0135855 0.0190092 0.539442
0 0.607879 0.245349 0.00626203 0.0215072 0.531773
0 0.218292 0.475024 0.0156925 0.0419648 0.491892
0 0.613312 0.243691 0.00635938 0.0199158 0.462076
2 0.108841 0.441594 0.0247166 0.0310152 0.449321
0 0.676091 0.253391 0.0103231 0.0206619 0.428516
0 0.787634 0.221549 0.00582903 0.0158953 0.416779
0 0.588688 0.299254 0.0102256 0.0235104 0.396979
0 0.633412 0.245981 0.00821006 0.0209819 0.375077
0 0.673612 0.253448 0.00973149 0.0204551 0.373131
0 0.585804 0.223767 0.00494441 0.0161624 0.372279
0 0.625104 0.242791 0.00591086 0.0197852 0.369534
0 0.579147 0.29529 0.00632765 0.0245124 0.354273
0 0.807202 0.224977 0.00441799 0.0162668 0.350684
0 0.816114 0.224101 0.00558986 0.0153961 0.341064
0 0.72678 0.303519 0.00899523 0.0179869 0.328977
4 0.462513 0.279226 0.0458384 0.0272131 0.327902
0 0.584571 0.22332 0.00668579 0.0151518 0.323451
0 0.726123 0.304677 0.00747794 0.0221596 0.317565
0 0.854603 0.22165 0.00509835 0.0140586 0.295569
0 0.572582 0.222202 0.0076784 0.0166656 0.279
0 0.556303 0.231146 0.00873021 0.0187856 0.266068
0 0.695395 0.29412 0.00719077 0.0186548 0.265371
