3 0.350582 0.082875 0.0411012 0.030204 0.889113
3 0.174896 0.961655 0.0708685 0.0477811 0.865823
3 0.181424 0.90324 0.066052 0.0448341 0.864323
4 0.115152 0.125323 0.0417537 0.0374231 0.857882
3 0.254192 0.104496 0.0425151 0.0342917 0.856861
3 0.468808 0.0224475 0.0414083 0.0316339 0.851009
3 0.787654 0.0393551 0.0383022 0.0310096 0.847805
3 0.752085 0.0727968 0.0414415 0.0304738 0.843006
4 0.160214 0.110126 0.0361238 0.0363243 0.838912
3 0.216298 0.436356 0.0503744 0.0304703 0.818993
3 0.299285 0.0804512 0.0424974 0.0313606 0.803606
3 0.0686154 0.143818 0.0441313 0.0335563 0.790623
3 0.538714 0.0084666 0.0402206 0.0169332 0.783521
4 0.209444 0.718049 0.0535805 0.0469268 0.780583
3 0.479732 0.142489 0.0457095 0.0337674 0.772865
3 0.0165784 0.0586864 0.0255664 0.0503408 0.771975
3 0.342705 0.0595407 0.0427047 0.0312817 0.769045
9 0.221304 0.508562 0.0220948 0.0164253 0.758729
3 0.582779 0.108304 0.0385792 0.0300137 0.727781
3 0.308053 0.199444 0.0455163 0.0352985 0.661386
3 0.231159 0.0936085 0.0397556 0.0321452 0.648582
4 0.69471 0.0801659 0.0387575 0.0445105 0.642003
5 0.393462 0.0418979 0.0413326 0.0339228 0.601482
9 0.221798 0.48058 0.0196532 0.0145483 0.592895
3 0.418521 0.160136 0.0409997 0.0329577 0.554023
9 0.298697 0.0289073 0.0221605 0.0162487 0.52757
3 0.350432 0.00434967 0.0311416 0.00869934 0.455087
9 0.204318 0.403533 0.0153909 0.0154612 0.346503
9 0.270875 0.0476263 0.00952242 0.0207519 0.304282
0 0.0827042 0.10514 0.0100071 0.0227482 0.260598
3 0.343549 0.159179 0.0401959 0.033209 0.258297
9 0.260203 0.05273 0.00872859 0.0190737 0.252815
