5 0.689716 0.423974 0.0572055 0.0441165 0.821483
5 0.664371 0.316955 0.0627481 0.0487485 0.749665
5 0.728214 0.325973 0.0529615 0.0481915 0.713607
5 0.659539 0.369894 0.0606256 0.0437141 0.69753
5 0.678035 0.505674 0.0522695 0.0458903 0.657001
5 0.68531 0.261591 0.148629 0.0783597 0.594276
5 0.599515 0.313096 0.0529568 0.0558731 0.478772
0 0.419368 0.127703 0.00920859 0.0342992 0.428944
5 0.585901 0.460705 0.0420122 0.0465916 0.394774
0 0.481731 0.268927 0.0089512 0.0233459 0.356694
0 0.471691 0.268041 0.00766392 0.0213262 0.354304
0 0.457394 0.0174206 0.00706805 0.0311011 0.341375
0 0.454136 0.0656432 0.0082697 0.0281366 0.317059
0 0.442797 0.0185818 0.00783822 0.0277827 0.316947
0 0.530078 0.237897 0.00828352 0.0172254 0.301582
0 0.532785 0.261339 0.00801143 0.0280912 0.29599
0 0.64302 0.465716 0.0111521 0.0213045 0.270983
0 0.478979 0.387687 0.00922337 0.0203828 0.253296
