0 0.421388 0.543561 0.0231388 0.0895365 0.826967
0 0.105072 0.136537 0.0203227 0.060612 0.803309
0 0.66766 0.388687 0.0322142 0.0853353 0.793578
0 0.187151 0.0926958 0.0170614 0.0651521 0.790052
0 0.317008 0.393418 0.0340909 0.0792463 0.788415
0 0.159518 0.205264 0.0215786 0.0752865 0.764618
0 0.169378 0.100953 0.019216 0.0662732 0.744487
0 0.887248 0.283728 0.0252705 0.0836273 0.721289
0 0.0873437 0.161142 0.0215512 0.068814 0.705569
0 0.866896 0.27961 0.0269814 0.0818299 0.677247
0 0.289537 0.536577 0.0363366 0.0840052 0.544839
0 0.0800883 0.182822 0.0161529 0.0490238 0.288981
0 0.0827384 0.164487 0.0189817 0.0758333 0.256127
