3 0.522392 0.428237 0.0177319 0.0343224 0.863233
3 0.564967 0.422936 0.0175711 0.0405675 0.847704
3 0.569829 0.47142 0.0172481 0.0360419 0.843438
3 0.56693 0.647888 0.0366602 0.0646628 0.821496
3 0.530647 0.297087 0.0139031 0.0261863 0.814129
3 0.557853 0.351078 0.0147686 0.0271797 0.790058
5 0.48544 0.581205 0.0308552 0.100186 0.766066
3 0.479705 0.296129 0.0147537 0.0279386 0.764954
3 0.702755 0.791315 0.061035 0.0603987 0.741534
3 0.491571 0.156116 0.0107253 0.0180174 0.73681
3 0.507104 0.201296 0.0113194 0.0209896 0.736148
3 0.479945 0.252094 0.0140726 0.0232367 0.730435
3 0.55479 0.325916 0.0139749 0.0267456 0.729884
3 0.481368 0.270269 0.0139465 0.0259207 0.694279
3 0.480969 0.228282 0.0132876 0.0239996 0.677818
3 0.550278 0.295823 0.0148378 0.0298004 0.664598
4 0.469162 0.42567 0.0171589 0.0412106 0.650282
4 0.530678 0.213116 0.0136101 0.0262224 0.610764
3 0.507996 0.127003 0.00985321 0.0176148 0.605782
3 0.482424 0.196613 0.010478 0.0214677 0.60471
0 0.488034 0.467688 0.00565225 0.0256881 0.602527
3 0.475083 0.36047 0.0149179 0.0278243 0.594884
3 0.520445 0.14543 0.0104058 0.0201709 0.572439
0 0.393428 0.555492 0.00733974 0.0337566 0.526487
3 0.482074 0.172237 0.0101033 0.0212684 0.524804
3 0.54639 0.238846 0.0150585 0.0239869 0.520292
3 0.473637 0.390771 0.018171 0.0401696 0.487139
0 0.489325 0.468126 0.00885084 0.0272167 0.469373
0 0.412651 0.657377 0.00742314 0.0318697 0.468324
0 0.40911 0.570779 0.00698757 0.0297073 0.459917
3 0.520202 0.142226 0.0112181 0.0232424 0.445627
3 0.548051 0.255068 0.014497 0.0259494 0.439864
0 0.622377 0.603259 0.00736982 0.0281384 0.412308
0 0.431969 0.654229 0.00873701 0.0353808 0.400729
0 0.438512 0.266005 0.00526502 0.0228079 0.383622
0 0.375953 0.652811 0.0106831 0.0377953 0.379034
3 0.472123 0.488531 0.0192368 0.0481089 0.370637
0 0.42558 0.448115 0.00586099 0.0258352 0.332025
3 0.50812 0.0358569 0.00673379 0.01718 0.331371
0 0.440502 0.269278 0.00653059 0.0215874 0.324812
3 0.506927 0.0321648 0.0073019 0.0199626 0.299392
0 0.482307 0.648139 0.00657663 0.0219928 0.298132
7 0.443258 0.457943 0.0141975 0.0411605 0.295805
2 0.445412 0.750031 0.0257092 0.0250763 0.292508
2 0.449054 0.711964 0.0178847 0.0233403 0.285571
0 0.413446 0.350894 0.00580235 0.0221004 0.273231
3 0.526574 0.0248303 0.00950431 0.0124449 0.267571
0 0.426834 0.446347 0.00883292 0.0248088 0.259541
3 0.534017 0.077378 0.00754386 0.015112 0.25028
