5 0.521179 0.183251 0.0615915 0.0599744 0.618852
0 0.387736 0.118281 0.00790479 0.0301724 0.578102
0 0.319335 0.216611 0.0102439 0.0253269 0.564976
0 0.467722 0.728761 0.0128493 0.0184975 0.520316
0 0.377291 0.0973063 0.00825845 0.0260254 0.467659
0 0.388279 0.119351 0.010992 0.0288873 0.455446
0 0.401782 0.747894 0.00914764 0.0206398 0.441185
0 0.309537 0.212758 0.00761167 0.0242817 0.419443
3 0.981284 0.779673 0.035043 0.0680574 0.394499
0 0.310789 0.497478 0.0101367 0.0202351 0.356463
5 0.583603 0.170159 0.0505611 0.0583988 0.354281
0 0.377213 0.118137 0.00832166 0.026478 0.3322
9 0.326573 0.906622 0.0276906 0.032696 0.330686
7 0.389195 0.331321 0.026813 0.0916522 0.324212
7 0.504804 0.339401 0.0460557 0.0504258 0.32088
5 0.560447 0.270763 0.0551967 0.0647505 0.293125
7 0.262767 0.370345 0.0336187 0.0358874 0.287759
7 0.527583 0.237232 0.0572856 0.054624 0.278205
5 0.389338 0.331575 0.0265174 0.0923903 0.273362
0 0.31314 0.497573 0.0112461 0.02191 0.263657
0 0.681389 0.650634 0.00687618 0.0163945 0.258746
0 0.264504 0.196583 0.0122803 0.0238438 0.252232
