3 0.285524 0.162042 0.0266275 0.0434678 0.89796
3 0.327869 0.137648 0.0251887 0.0402063 0.889441
5 0.0726032 0.301829 0.0940461 0.056392 0.881891
3 0.0980721 0.57833 0.0353309 0.0633165 0.876527
3 0.0720396 0.566962 0.0420765 0.0700752 0.875867
3 0.182218 0.258983 0.0319994 0.0481095 0.86956
3 0.0728534 0.232826 0.033157 0.0466134 0.869387
3 0.0970269 0.240681 0.0311584 0.0419928 0.865679
3 0.145791 0.324217 0.0462749 0.0289319 0.860114
3 0.237318 0.162168 0.021542 0.0349498 0.834541
3 0.65113 0.312548 0.04156 0.0328249 0.826494
3 0.103931 0.135228 0.0333095 0.0451803 0.805297
3 0.26696 0.150416 0.0271883 0.0416519 0.795295
3 0.125932 0.579738 0.0321489 0.0587488 0.793573
3 0.0130064 0.439447 0.0260128 0.0329851 0.716003
3 0.00632356 0.211769 0.0126471 0.0355006 0.622227
3 0.00381458 0.275967 0.00759084 0.0355324 0.504351
9 0.871264 0.536509 0.0221552 0.012459 0.483213
3 0.603477 0.358295 0.0427414 0.0312276 0.466223
0 0.344062 0.0345317 0.00569257 0.0165949 0.375152
0 0.906523 0.97894 0.0174363 0.0127058 0.329987
0 0.298146 0.468546 0.00956754 0.0135198 0.296349
