5 0.567432 0.542414 0.0361086 0.111506 0.902574
3 0.785045 0.652734 0.0452852 0.029575 0.87291
5 0.521866 0.283829 0.0178185 0.0647598 0.870244
3 0.734964 0.650186 0.0413884 0.0310041 0.846217
5 0.531526 0.375676 0.025688 0.086393 0.813789
3 0.567857 0.325562 0.011321 0.0202191 0.809157
3 0.56682 0.307818 0.0119044 0.0168531 0.783439
4 0.620519 0.712479 0.0472299 0.0389218 0.76032
3 0.620672 0.712515 0.0474747 0.0395671 0.744179
5 0.593762 0.472214 0.018351 0.0369931 0.722155
3 0.758711 0.626269 0.0488914 0.029399 0.705041
6 0.417679 0.778732 0.0328575 0.0438667 0.67054
3 0.496536 0.131088 0.00773372 0.0123166 0.640186
3 0.531391 0.18678 0.00670048 0.0124857 0.616544
9 0.71946 0.676331 0.0234012 0.0184702 0.612473
9 0.61056 0.687012 0.0218893 0.0184143 0.609399
8 0.517609 0.199489 0.0151816 0.0442024 0.568272
3 0.550741 0.221833 0.0110695 0.0140693 0.56684
5 0.543247 0.271664 0.0151705 0.0297689 0.539196
9 0.6333 0.667798 0.0153202 0.0161379 0.522779
9 0.974135 0.709437 0.0216167 0.0158156 0.500664
3 0.54203 0.170682 0.00971967 0.0136083 0.499431
5 0.513233 0.153362 0.0115444 0.0238026 0.495326
3 0.514794 0.118844 0.00793248 0.0123557 0.479583
3 0.110122 0.220397 0.0209464 0.0144602 0.435335
3 0.514097 0.117529 0.00626753 0.0116691 0.423476
9 0.964648 0.629724 0.0154213 0.0182157 0.410431
7 0.69323 0.59903 0.0138349 0.0331489 0.391278
9 0.534359 0.583363 0.0101627 0.0220182 0.390748
9 0.965276 0.681857 0.0149727 0.0192295 0.379901
3 0.534247 0.129024 0.00894422 0.0131678 0.376948
3 0.121233 0.241448 0.0204665 0.012158 0.371083
3 0.506597 0.0777428 0.00656756 0.0114707 0.368405
3 0.496043 0.0970603 0.00501635 0.0108085 0.355501
3 0.559923 0.27392 0.0102526 0.0150524 0.353301
9 0.951997 0.660826 0.0138474 0.0173495 0.351476
3 0.14101 0.212816 0.0199241 0.0119011 0.337781
0 0.979514 0.679259 0.0105833 0.017848 0.323919
9 0.96556 0.662334 0.0151577 0.0171605 0.2995
3 0.781157 0.633428 0.0504473 0.0321378 0.294311
7 0.470015 0.659875 0.01189 0.0372719 0.292807
9 0.366022 0.798473 0.0150184 0.0179761 0.282297
