3 0.125676 0.584454 0.0697795 0.0511897 0.785051
3 0.956401 0.478984 0.0811859 0.038865 0.780289
0 0.684407 0.705261 0.0151072 0.0545696 0.749671
0 0.668474 0.701747 0.0158838 0.0565735 0.708579
4 0.195055 0.498051 0.0737587 0.0438479 0.690529
3 0.0805931 0.503347 0.070475 0.0355601 0.687829
0 0.020457 0.518025 0.0142228 0.0353705 0.678885
7 0.432694 0.49277 0.0351032 0.0430584 0.663278
0 0.52323 0.483869 0.0100895 0.0319074 0.632941
0 0.21935 0.542154 0.0119839 0.0359805 0.631106
3 0.881215 0.525602 0.0873691 0.0461378 0.61489
3 0.195241 0.498025 0.0745107 0.0427522 0.605429
7 0.33292 0.530615 0.0543298 0.0464966 0.502339
0 0.381474 0.493923 0.00850603 0.0296978 0.455837
0 0.403571 0.513964 0.0121317 0.0330886 0.439447
9 0.014858 0.685419 0.0295797 0.0364083 0.423768
4 0.881193 0.52615 0.0881115 0.0456135 0.370032
0 0.761713 0.528196 0.012533 0.0400323 0.355523
0 0.34655 0.495974 0.0100673 0.0263035 0.354931
0 0.679379 0.484473 0.00788234 0.0229687 0.348194
0 0.663094 0.484651 0.00802211 0.0215996 0.343525
3 0.297198 0.49672 0.0387054 0.0434831 0.336905
6 0.525148 0.703609 0.0315283 0.0654325 0.323771
0 0.697836 0.474242 0.0101228 0.027826 0.319892
0 0.869712 0.483382 0.0155105 0.026636 0.310777
9 0.152548 0.458057 0.0163725 0.0255518 0.306134
0 0.389228 0.496553 0.00913095 0.0274206 0.299486
0 0.525351 0.483377 0.0118473 0.0305313 0.298333
0 0.700484 0.470579 0.0116002 0.028626 0.28617
0 0.282225 0.503078 0.00922084 0.0342391 0.279193
6 0.250175 0.56456 0.0512958 0.0391899 0.265588
7 0.260347 0.523993 0.0357004 0.043682 0.262013
0 0.698904 0.469232 0.0104893 0.0290671 0.261049
0 0.386047 0.493856 0.00978481 0.0314706 0.255037
