0 0.498845 0.353322 0.0102735 0.0228528 0.514638
0 0.538736 0.492155 0.0105583 0.0166859 0.465995
9 0.569434 0.84203 0.0112058 0.0437531 0.457574
0 0.518817 0.468182 0.0106557 0.0232981 0.43872
0 0.416902 0.921636 0.00909293 0.0160287 0.432348
0 0.537687 0.698069 0.0095275 0.0180475 0.307017
0 0.503047 0.333086 0.00906202 0.017566 0.30402
0 0.541566 0.752264 0.00542925 0.0150316 0.296672
0 0.839622 0.583589 0.00947649 0.02752 0.292572
0 0.536134 0.10797 0.00980709 0.020501 0.285808
0 0.493722 0.806259 0.00862693 0.0295172 0.284212
0 0.536262 0.292905 0.0101524 0.0179835 0.274001
0 0.537913 0.486882 0.00776616 0.0190678 0.262895
0 0.485686 0.4437 0.00889683 0.0149575 0.260673
0 0.516436 0.127212 0.00901908 0.0289704 0.256957
