0 0.444273 0.244146 0.00833274 0.0202594 0.589784
0 0.432322 0.53751 0.00978503 0.0244502 0.545931
0 0.443706 0.312325 0.00864707 0.0230684 0.492727
9 0.491769 0.335613 0.0244084 0.0240245 0.481812
0 0.443546 0.837928 0.00921116 0.0222973 0.418776
0 0.453166 0.248185 0.00746268 0.0253158 0.399848
9 0.499869 0.511516 0.0245381 0.0218972 0.371607
9 0.331044 0.504817 0.0288661 0.0231668 0.329258
0 0.443027 0.539565 0.00936489 0.019447 0.328664
9 0.50422 0.55007 0.023319 0.0230594 0.328604
9 0.541655 0.519834 0.0195125 0.0203137 0.324416
9 0.505546 0.703312 0.0268225 0.0234291 0.321435
9 0.497808 0.5081 0.024811 0.0198203 0.310037
0 0.410188 0.885434 0.00837402 0.021894 0.300085
0 0.415819 0.887063 0.00888711 0.0230846 0.295153
0 0.441881 0.668038 0.0087561 0.0224207 0.276046
9 0.493981 0.498422 0.0225347 0.0204304 0.273335
9 0.502917 0.70124 0.0227109 0.0217702 0.258332
