5 0.530174 0.91498 0.0715994 0.165473 0.878325
5 0.509374 0.578823 0.0479584 0.108056 0.860117
5 0.594188 0.498811 0.0298826 0.0772766 0.829205
7 0.579993 0.620933 0.0133501 0.0305659 0.790819
3 0.615723 0.325305 0.00836679 0.0160073 0.701649
5 0.606772 0.407839 0.0140517 0.0395684 0.690606
5 0.602191 0.350709 0.0143108 0.0341994 0.677614
3 0.629193 0.434907 0.0105664 0.0189534 0.674771
5 0.623042 0.354735 0.0154283 0.036088 0.65127
3 0.588022 0.428073 0.012114 0.0150812 0.631356
9 0.0611568 0.740152 0.0166601 0.020799 0.605955
5 0.580346 0.401198 0.0197018 0.0443221 0.553911
3 0.871513 0.600106 0.0248846 0.0385629 0.537394
3 0.718857 0.447043 0.0216906 0.0194533 0.502885
5 0.658089 0.289904 0.0116736 0.0234755 0.490798
3 0.646865 0.336145 0.00794304 0.0160626 0.443391
7 0.43756 0.481242 0.015122 0.0313306 0.4163
9 0.462182 0.712514 0.0118868 0.0276354 0.405183
0 0.431037 0.962166 0.00787449 0.0361624 0.397409
9 0.474609 0.71664 0.00858449 0.0246759 0.395338
3 0.684396 0.359279 0.0163121 0.0115562 0.361216
7 0.494396 0.411585 0.0156474 0.0211462 0.338793
6 0.558787 0.722248 0.0119159 0.0318735 0.337026
3 0.68129 0.395108 0.0196348 0.0149214 0.304621
3 0.635438 0.324791 0.00848828 0.0171873 0.30059
7 0.305579 0.468848 0.0131424 0.0170643 0.284915
9 0.558235 0.471455 0.00471538 0.0127527 0.279625
7 0.320744 0.471781 0.0130605 0.0164923 0.266201
3 0.665205 0.346886 0.0101292 0.0142347 0.264435
3 0.682824 0.375971 0.0186001 0.0138368 0.261438
3 0.684156 0.333712 0.0132397 0.012129 0.256093
3 0.680823 0.398298 0.0207799 0.0162151 0.253246
9 0.00552828 0.768267 0.0110566 0.0291426 0.251859
