3 0.398774 0.892563 0.0632651 0.0505305 0.886045
3 0.143455 0.189312 0.0272989 0.0484509 0.882969
3 0.240429 0.315076 0.0479933 0.0301444 0.870171
3 0.155891 0.86465 0.0360749 0.097007 0.869801
3 0.189655 0.605482 0.0595564 0.0402376 0.869237
3 0.284868 0.80908 0.0312249 0.0837708 0.867037
3 0.335903 0.576007 0.0523597 0.0385103 0.866072
3 0.242069 0.219012 0.040989 0.0292242 0.859487
3 0.187989 0.841569 0.0355922 0.0871445 0.858966
3 0.242177 0.275439 0.0450705 0.029069 0.857259
3 0.381944 0.791101 0.0334535 0.0781007 0.857197
3 0.151503 0.742263 0.0314443 0.0818708 0.856067
3 0.246323 0.17084 0.04397 0.0276098 0.853014
3 0.0467742 0.513878 0.0372148 0.0661462 0.851319
3 0.245445 0.247073 0.0467645 0.0271731 0.851069
3 0.229855 0.386356 0.0486345 0.0294722 0.84962
3 0.251257 0.830405 0.0305316 0.0879631 0.848088
3 0.192104 0.489853 0.0252309 0.061609 0.846817
3 0.223776 0.417784 0.0490683 0.0286083 0.846779
3 0.242412 0.35261 0.0480415 0.0290273 0.821996
5 0.0175689 0.750448 0.0350033 0.118814 0.819796
3 0.304739 0.692855 0.0255531 0.0655515 0.816707
3 0.119536 0.276066 0.0298213 0.046249 0.816466
3 0.276613 0.708677 0.0255987 0.0675288 0.809087
3 0.24779 0.49016 0.0247585 0.0639485 0.802602
3 0.272296 0.47947 0.0221302 0.0694926 0.78514
3 0.360994 0.679028 0.0287776 0.0873149 0.783996
3 0.324475 0.471308 0.0214199 0.0657484 0.770215
3 0.297538 0.476121 0.0243103 0.0701051 0.752096
9 0.706012 0.854273 0.02446 0.015662 0.636582
9 0.647692 0.981403 0.013866 0.0348183 0.441229
3 0.259235 0.0791348 0.030825 0.0361906 0.42049
