3 0.647255 0.262106 0.0568094 0.193574 0.924341
3 0.473618 0.249965 0.0665991 0.160936 0.91613
3 0.629925 0.543138 0.0582598 0.1784 0.910386
3 0.552264 0.233071 0.0591257 0.165682 0.906217
3 0.549498 0.608073 0.0618538 0.187163 0.872068
4 0.357716 0.38446 0.128747 0.0790424 0.78903
4 0.619363 0.0312386 0.054607 0.0624151 0.708003
4 0.505601 0.0362548 0.0572656 0.0725096 0.531887
4 0.549314 0.607708 0.0621197 0.186312 0.523628
5 0.821877 0.942584 0.126915 0.114833 0.522478
3 0.505196 0.0358713 0.0571175 0.0710377 0.473472
4 0.688121 0.0295648 0.0581421 0.0578602 0.395847
