0 0.245076 0.661728 0.0531583 0.0876139 0.895478
0 0.0959524 0.742082 0.0602062 0.0893479 0.843629
0 0.415559 0.451257 0.0235157 0.0695674 0.842676
0 0.744005 0.82707 0.0385172 0.105157 0.842229
3 0.2693 0.191538 0.0844747 0.0439299 0.831195
0 0.251137 0.843643 0.0422024 0.0925357 0.821764
0 0.339086 0.484728 0.0212102 0.0645142 0.813108
0 0.758609 0.562415 0.0340734 0.0849083 0.802006
0 0.381101 0.545658 0.0262945 0.078389 0.795201
0 0.517411 0.690055 0.0335795 0.0767026 0.783628
0 0.626506 0.630287 0.0314888 0.0820757 0.778897
0 0.436421 0.753947 0.0270884 0.0843399 0.767039
3 0.189396 0.132874 0.0444881 0.0365285 0.76284
0 0.204694 0.467167 0.0429262 0.0668859 0.754105
3 0.160308 0.211107 0.0958106 0.0543861 0.750756
0 0.226729 0.529574 0.0374694 0.080683 0.740989
3 0.35726 0.169332 0.0618953 0.0395992 0.739028
3 0.149866 0.142162 0.0445262 0.0357126 0.73042
3 0.0163845 0.165502 0.032769 0.0407316 0.720533
3 0.0775263 0.145478 0.0492458 0.0397674 0.675072
0 0.30774 0.430491 0.0279184 0.0634778 0.573291
4 0.0416714 0.235083 0.0823576 0.0583946 0.563356
3 0.234194 0.12162 0.045697 0.0435493 0.553444
0 0.517611 0.501212 0.026449 0.0745629 0.53206
0 0.072373 0.945411 0.0636941 0.0934687 0.473672
3 0.0468265 0.234966 0.093653 0.0562007 0.359443
3 0.323501 0.117676 0.0293374 0.0285106 0.301004
3 0.356513 0.109848 0.0299968 0.0258753 0.296365
0 0.176896 0.18375 0.0115418 0.0349029 0.250774
