3 0.508783 0.512719 0.0575718 0.0464578 0.838683
3 0.467148 0.557046 0.0341936 0.0637114 0.807533
4 0.46477 0.664104 0.0333711 0.0843593 0.784105
3 0.87004 0.755733 0.061515 0.0782571 0.641917
0 0.612675 0.474553 0.00831486 0.0334271 0.611999
9 0.6756 0.704721 0.0124789 0.0431507 0.587793
0 0.665022 0.660252 0.0122916 0.0430703 0.55903
1 0.676199 0.689641 0.0123207 0.0424442 0.543435
9 0.96063 0.980784 0.0365264 0.0370671 0.529564
7 0.491969 0.775313 0.0477804 0.0745836 0.516817
7 0.638184 0.513407 0.0183451 0.0518738 0.501832
1 0.7328 0.962024 0.0202917 0.061226 0.473769
0 0.67876 0.603792 0.0127754 0.0473879 0.470734
6 0.650219 0.558125 0.0192951 0.0461601 0.434705
9 0.596761 0.471517 0.0126276 0.026734 0.431028
3 0.660522 0.363322 0.0333771 0.0282243 0.388423
1 0.314128 0.855748 0.0217322 0.0547901 0.385517
9 0.460225 0.511709 0.0209865 0.0254795 0.372503
7 0.605756 0.418472 0.0129933 0.0387121 0.357472
0 0.633955 0.590176 0.00910641 0.0400235 0.353322
7 0.609535 0.437644 0.0175237 0.0360867 0.347321
6 0.645535 0.626139 0.0195318 0.0480037 0.337749
9 0.677157 0.494264 0.00898644 0.0290414 0.334045
9 0.823277 0.898113 0.041457 0.0418631 0.32578
7 0.870336 0.755353 0.0604881 0.0788063 0.308837
9 0.466652 0.510825 0.0161075 0.0262085 0.294422
6 0.643298 0.622382 0.0255201 0.0499698 0.284728
3 0.492053 0.775356 0.0480848 0.0758283 0.278304
6 0.703342 0.588341 0.0141087 0.0391759 0.277889
5 0.52142 0.45144 0.0492104 0.0397595 0.275299
0 0.664734 0.625697 0.0140841 0.0467164 0.269954
9 0.732814 0.965421 0.0197583 0.0661769 0.268868
9 0.315934 0.872901 0.031347 0.0411534 0.264228
