3 0.551103 0.791039 0.0239723 0.0882667 0.876079
3 0.507816 0.437344 0.0268551 0.0557064 0.871071
3 0.489943 0.548372 0.0198408 0.0594251 0.860196
3 0.492309 0.93001 0.0234246 0.101799 0.850284
5 0.860317 0.334054 0.0281063 0.0889734 0.839685
4 0.487528 0.367085 0.0254897 0.0530525 0.829408
3 0.543454 0.614052 0.0238926 0.0702467 0.827706
3 0.532712 0.53946 0.0230306 0.0507371 0.826934
3 0.549738 0.700667 0.0233521 0.0768632 0.819898
3 0.958262 0.0316549 0.0358002 0.0432411 0.815362
3 0.522979 0.658325 0.0204769 0.0701138 0.814282
3 0.475581 0.399279 0.0204685 0.0467571 0.813209
5 0.524881 0.884289 0.0344169 0.190295 0.798598
3 0.415919 0.142213 0.0172648 0.0312337 0.773016
5 0.412239 0.190468 0.0264772 0.0638336 0.74413
3 0.556068 0.975825 0.02528 0.0436288 0.729581
3 0.350772 0.0509601 0.0147293 0.0270171 0.662527
3 0.368156 0.0661447 0.0139968 0.0273993 0.644507
3 0.38627 0.0670109 0.0153109 0.026077 0.642259
3 0.343458 0.0214167 0.0156412 0.0272673 0.635516
3 0.373524 0.0270082 0.0125825 0.0254888 0.572672
3 0.432086 0.252247 0.0177789 0.0368889 0.530557
3 0.443223 0.233309 0.0190449 0.0346638 0.505889
3 0.83439 0.240644 0.029248 0.0522522 0.485958
3 0.36557 0.00815775 0.0128534 0.0163155 0.478451
5 0.457494 0.276104 0.0324709 0.0703464 0.460077
3 0.382284 0.0467397 0.0134301 0.024257 0.456732
3 0.433785 0.202213 0.0155371 0.0280855 0.425115
