3 0.295827 0.383684 0.0593767 0.06071 0.878169
3 0.239331 0.448947 0.0648365 0.066798 0.864879
3 0.964623 0.0778205 0.0341316 0.0195517 0.800678
3 0.874554 0.344315 0.0273424 0.0609495 0.795374
3 0.975676 0.248148 0.0364036 0.0421926 0.776361
3 0.976114 0.403502 0.047588 0.0424149 0.761628
3 0.981531 0.0437548 0.0312733 0.0194384 0.746641
3 0.394942 0.531231 0.0740704 0.0587341 0.718171
3 0.83331 0.0643754 0.0200679 0.0242861 0.69711
3 0.714215 0.0515443 0.0156555 0.0237354 0.691769
3 0.431715 0.229237 0.0405802 0.0488855 0.681545
3 0.938104 0.0189765 0.0300312 0.0169071 0.67616
4 0.872868 0.407491 0.0320255 0.0605937 0.631854
3 0.979822 0.0925419 0.0387407 0.0253222 0.616975
3 0.523145 0.224442 0.0317655 0.0384644 0.607106
3 0.673568 0.00873254 0.0169031 0.016672 0.576463
3 0.49397 0.168624 0.0351043 0.0375606 0.541797
9 0.410757 0.614017 0.0261998 0.0462081 0.52472
3 0.667981 0.0260896 0.0176828 0.0198486 0.466334
0 0.0875109 0.556108 0.0201592 0.0287936 0.410146
3 0.68554 0.0569857 0.0269836 0.0220698 0.341549
3 0.950404 0.0139897 0.0357971 0.0201443 0.292639
9 0.370289 0.371855 0.0186108 0.0259112 0.276852
9 0.372861 0.299026 0.0163533 0.0280788 0.260841
