3 0.573005 0.818459 0.0277783 0.0634958 0.86977
4 0.567148 0.914075 0.0292056 0.0922984 0.868019
3 0.492683 0.857341 0.0288072 0.0663614 0.866956
3 0.563661 0.748927 0.0229973 0.0593694 0.851312
3 0.555177 0.68774 0.0218579 0.0502245 0.752798
7 0.532585 0.57639 0.0134218 0.0315407 0.725096
3 0.528982 0.817128 0.0238887 0.0779245 0.718808
7 0.50768 0.62169 0.0162519 0.0335258 0.708176
1 0.628389 0.872337 0.00936628 0.0304842 0.620787
9 0.628268 0.88498 0.00931098 0.0331174 0.605716
3 0.569136 0.458199 0.0120938 0.0191409 0.580146
7 0.616247 0.704563 0.0183994 0.0424191 0.563164
7 0.609099 0.641389 0.0147465 0.0435665 0.547751
3 0.545995 0.467133 0.0150482 0.0243175 0.527491
9 0.669991 0.723992 0.0194626 0.0244996 0.521305
7 0.584848 0.529133 0.00899287 0.0251741 0.5066
3 0.548963 0.491093 0.0139512 0.0251185 0.484822
7 0.630323 0.555467 0.0169712 0.027313 0.464031
7 0.621814 0.729224 0.0153486 0.0476075 0.455766
3 0.948471 0.567625 0.029598 0.0311088 0.444723
9 0.630527 0.663498 0.0158338 0.0262324 0.430795
3 0.977908 0.571266 0.0291236 0.0381569 0.421411
0 0.569501 0.586449 0.00604904 0.0243688 0.374291
3 0.548093 0.561602 0.0162579 0.0357181 0.362486
0 0.579833 0.577918 0.00550444 0.0268779 0.346984
7 0.419215 0.974087 0.0269777 0.0466381 0.343014
9 0.44099 0.763366 0.0110052 0.0287661 0.340809
3 0.596411 0.352522 0.0124834 0.0139337 0.339337
9 0.641248 0.821286 0.02276 0.0271452 0.312959
9 0.466369 0.582951 0.0123461 0.0161365 0.30986
7 0.53819 0.523633 0.0100957 0.030713 0.302529
9 0.699041 0.883319 0.0231286 0.0312163 0.288365
9 0.438805 0.817574 0.0167492 0.0274784 0.27311
9 0.51496 0.533576 0.00759566 0.0217505 0.256731
