3 0.659597 0.839729 0.0306505 0.0863257 0.879277
3 0.65936 0.292733 0.0219801 0.0598082 0.876476
3 0.73551 0.661976 0.0283058 0.0685671 0.871899
3 0.635713 0.504958 0.0242677 0.0641994 0.864554
3 0.60349 0.242554 0.0209392 0.0534269 0.863388
3 0.718842 0.832584 0.0307871 0.0906078 0.861345
3 0.446357 0.36418 0.0247707 0.0646632 0.855041
3 0.631935 0.24782 0.02089 0.0533707 0.849649
3 0.605005 0.510313 0.0248355 0.0739552 0.846272
3 0.563314 0.435792 0.0213836 0.0597713 0.84216
4 0.618514 0.43055 0.0211122 0.0527111 0.839134
3 0.702764 0.654923 0.030502 0.0807653 0.834763
3 0.62457 0.146783 0.0197735 0.0515416 0.833274
3 0.68853 0.50823 0.027182 0.0704401 0.828758
3 0.177496 0.174342 0.0271086 0.0466384 0.825689
3 0.554637 0.143664 0.0202436 0.049202 0.825579
3 0.612883 0.648086 0.0256799 0.0735943 0.817769
3 0.637185 0.0905815 0.0230478 0.0497182 0.789163
3 0.674744 0.653174 0.0273222 0.0771187 0.764747
5 0.593617 0.425624 0.0241545 0.0689845 0.74468
3 0.615626 0.093735 0.0209147 0.0475751 0.731667
4 0.674851 0.654117 0.0275555 0.0775366 0.346482
9 0.740157 0.14353 0.00755938 0.0214399 0.255502
