0 0.354029 0.28397 0.0114074 0.0223233 0.669293
0 0.346595 0.417147 0.0124201 0.0182775 0.664483
0 0.3696 0.285963 0.0109634 0.0196557 0.651736
0 0.321123 0.311546 0.0122719 0.0214343 0.582885
0 0.333787 0.272296 0.0118894 0.0161982 0.567318
0 0.330045 0.336243 0.0116804 0.018361 0.5448
0 0.371564 0.502393 0.0139734 0.017729 0.541353
0 0.334904 0.45905 0.0150124 0.0149207 0.53227
0 0.321592 0.228197 0.0104767 0.0198966 0.499186
9 0.303834 0.669896 0.0219284 0.0191937 0.487311
0 0.330542 0.614917 0.0157189 0.017913 0.478557
9 0.282996 0.701305 0.0188128 0.0188754 0.466129
0 0.308087 0.475635 0.0150921 0.0150252 0.455433
0 0.325913 0.970674 0.0139315 0.0194047 0.452369
0 0.353297 0.248483 0.0090899 0.0243013 0.445359
0 0.350882 0.502438 0.0118244 0.0182618 0.435593
9 0.308536 0.555448 0.021364 0.0195314 0.417818
0 0.342756 0.377776 0.015896 0.0233198 0.413146
0 0.28299 0.753331 0.0198015 0.0187482 0.391321
0 0.294431 0.820716 0.013944 0.018901 0.386194
0 0.342683 0.605907 0.00768845 0.0143687 0.385807
0 0.266264 0.380471 0.0142879 0.0221751 0.382066
9 0.27993 0.790758 0.0181417 0.0203108 0.381407
0 0.273764 0.353095 0.0101854 0.0174402 0.380527
0 0.321382 0.178614 0.0156518 0.0255244 0.375507
0 0.281306 0.581548 0.0171195 0.0143103 0.37158
0 0.278313 0.660288 0.0137346 0.0206321 0.36985
0 0.298412 0.294527 0.00981818 0.0185249 0.367202
0 0.340818 0.160367 0.0100184 0.0244088 0.366888
0 0.315432 0.940957 0.0166158 0.0252723 0.360974
0 0.306945 0.288729 0.0117785 0.0213562 0.326736
9 0.284739 0.753122 0.022158 0.0203551 0.311868
0 0.330944 0.141028 0.0123161 0.020232 0.306023
0 0.330812 0.890102 0.0095139 0.0157066 0.30017
0 0.296489 0.598693 0.0147448 0.0149649 0.291457
0 0.332073 0.338662 0.0112204 0.016268 0.289528
0 0.287499 0.754777 0.0193636 0.0188255 0.264041
0 0.332324 0.613312 0.0196113 0.0204982 0.25652
0 0.288632 0.357009 0.0103228 0.016283 0.256407
