5 0.688952 0.792224 0.106482 0.101656 0.899221
3 0.167306 0.813821 0.0584691 0.0912393 0.897794
3 0.562066 0.59819 0.0562076 0.0550194 0.896147
3 0.704264 0.723621 0.0750541 0.0779253 0.89534
3 0.78289 0.700909 0.0669522 0.0693538 0.89506
3 0.627456 0.560535 0.0556158 0.0779917 0.894133
3 0.600583 0.690518 0.0714628 0.0718972 0.892339
3 0.460195 0.870552 0.0509828 0.114204 0.886401
3 0.916745 0.624979 0.069363 0.0578414 0.88016
3 0.843596 0.661349 0.0691967 0.0612778 0.879604
3 0.920835 0.905013 0.0747539 0.0992484 0.870759
3 0.463785 0.564493 0.0408934 0.0654034 0.820003
3 0.475686 0.353216 0.0425497 0.0674507 0.804492
3 0.162115 0.970985 0.0799997 0.0576345 0.803429
9 0.742902 0.665124 0.0142957 0.041631 0.77738
9 0.10168 0.763281 0.0381859 0.0261055 0.771798
3 0.548031 0.558733 0.0551344 0.0489308 0.75513
3 0.112453 0.452206 0.0355908 0.0794382 0.752199
3 0.443453 0.273959 0.0385418 0.0639767 0.725686
3 0.531027 0.504455 0.0522568 0.052337 0.695984
9 0.726813 0.666562 0.0167158 0.0364014 0.644627
9 0.714435 0.669414 0.018515 0.0361214 0.633492
3 0.418711 0.214406 0.0409632 0.0523725 0.625548
3 0.544823 0.527091 0.0511556 0.0506083 0.612383
9 0.717854 0.668021 0.018335 0.037764 0.567697
3 0.97562 0.58298 0.0487599 0.0684153 0.558877
9 0.758536 0.657537 0.0174351 0.0425241 0.551934
9 0.104234 0.732382 0.0264039 0.0214999 0.462081
3 0.386237 0.244472 0.0321989 0.0512066 0.423118
3 0.389237 0.249737 0.0384979 0.0609124 0.335384
9 0.102975 0.736782 0.029252 0.0282257 0.324192
3 0.369342 0.189722 0.0443492 0.0457703 0.28423
0 0.0472388 0.919442 0.0272835 0.0202624 0.27475
9 0.131001 0.62065 0.0263469 0.0193503 0.258708
9 0.00687324 0.953935 0.0137465 0.0213537 0.253787
