3 0.482829 0.532822 0.0191936 0.0529703 0.852103
5 0.47152 0.650534 0.0291271 0.087135 0.755379
3 0.506468 0.301419 0.0143859 0.0380784 0.744071
3 0.517222 0.171996 0.0125306 0.0351136 0.69144
3 0.511124 0.266983 0.013711 0.034931 0.643021
3 0.513051 0.216918 0.0137537 0.0329932 0.580299
3 0.513708 0.221924 0.0140284 0.0307962 0.512212
3 0.531348 0.0261942 0.012454 0.0278571 0.486108
3 0.538352 0.16633 0.011734 0.0249602 0.478414
3 0.531747 0.0287261 0.0117033 0.0205166 0.430226
0 0.440808 0.556953 0.0066782 0.0221766 0.38355
3 0.533814 0.252319 0.0131063 0.0391203 0.369352
5 0.565196 0.279456 0.0181763 0.0631698 0.352948
0 0.630696 0.103597 0.00463579 0.0160973 0.321128
3 0.480569 0.857713 0.0326567 0.118067 0.299874
8 0.533604 0.252149 0.0135944 0.039749 0.26048
3 0.569274 0.175949 0.0112374 0.0293828 0.256542
