3 0.0319259 0.686044 0.0605768 0.0722916 0.891821
3 0.818985 0.592707 0.0588967 0.0621752 0.866942
4 0.655976 0.4454 0.0309075 0.0375763 0.863514
3 0.0528079 0.628668 0.0731279 0.0416674 0.853457
3 0.824837 0.395617 0.0326832 0.0299746 0.85006
3 0.549317 0.521482 0.0457792 0.0313828 0.833117
3 0.850851 0.579532 0.0563623 0.0490847 0.816863
3 0.0987007 0.565451 0.0671296 0.0331072 0.81377
3 0.0567652 0.471604 0.0572613 0.0297985 0.812704
3 0.762225 0.34222 0.0262551 0.0205566 0.805991
3 0.0806776 0.596653 0.0675021 0.0355329 0.803571
3 0.0124429 0.541085 0.0247868 0.0461843 0.802668
3 0.155151 0.469598 0.0493196 0.0293206 0.776111
3 0.724165 0.315634 0.0216277 0.0210396 0.77601
4 0.77427 0.452302 0.0436254 0.0286164 0.760091
3 0.126932 0.513013 0.0588628 0.0325734 0.759718
3 0.316633 0.261554 0.0107392 0.014062 0.759718
3 0.8633 0.565204 0.0591297 0.0483471 0.749582
3 0.753132 0.436703 0.0373499 0.0221392 0.742539
3 0.866186 0.427473 0.0329036 0.030507 0.740164
3 0.11536 0.540553 0.0588217 0.0303334 0.737101
3 0.302597 0.373004 0.0159539 0.0243604 0.727559
0 0.0887031 0.503227 0.0103857 0.0273992 0.706122
3 0.305712 0.324609 0.0154821 0.021176 0.701843
3 0.178744 0.420694 0.0438762 0.0190635 0.672418
0 0.0602648 0.549235 0.0113106 0.0295647 0.670371
3 0.691544 0.278999 0.0144321 0.0123769 0.667601
3 0.160735 0.447614 0.0475276 0.0223317 0.645247
0 0.216343 0.61402 0.0123852 0.0314061 0.632312
3 0.220138 0.35262 0.0317804 0.018029 0.617824
3 0.681914 0.360294 0.0304998 0.0182065 0.604381
3 0.699543 0.379353 0.0303692 0.021426 0.601487
3 0.732653 0.410432 0.0367869 0.0200447 0.597579
0 0.0658506 0.502904 0.01377 0.0250943 0.592115
3 0.240689 0.307501 0.0304483 0.017519 0.59211
3 0.972716 0.640392 0.0533452 0.0508924 0.580245
3 0.32387 0.245156 0.0106416 0.0130521 0.574062
3 0.65523 0.327585 0.0297277 0.0161396 0.562422
3 0.16572 0.443481 0.0446052 0.0193372 0.556172
3 0.639835 0.306028 0.0283859 0.0153657 0.551375
0 0.101875 0.497112 0.00907569 0.0217398 0.549245
3 0.67245 0.344151 0.0335276 0.0194489 0.547519
3 0.172504 0.422808 0.0410117 0.0233938 0.540305
3 0.650467 0.321529 0.0280667 0.0154119 0.537653
4 0.797416 0.363583 0.0304355 0.0364777 0.533821
3 0.697131 0.376777 0.030032 0.0206247 0.529826
3 0.193383 0.390602 0.0379992 0.0175094 0.525022
3 0.300141 0.276194 0.0138203 0.0164608 0.519793
3 0.710657 0.38686 0.0302876 0.0186237 0.517097
3 0.718248 0.396888 0.0339921 0.0214307 0.506303
3 0.691085 0.369736 0.0295633 0.0177059 0.49229
3 0.685902 0.36531 0.0284738 0.0190189 0.483959
3 0.679073 0.356562 0.0281319 0.0168958 0.480368
3 0.667483 0.34231 0.0290716 0.0180337 0.474956
3 0.741026 0.423056 0.0352263 0.0212721 0.472681
3 0.727456 0.40654 0.0315 0.0201229 0.468033
3 0.220812 0.349041 0.0304895 0.0167885 0.425962
3 0.45686 0.361766 0.0154813 0.0256495 0.423423
0 0.191896 0.320226 0.00519442 0.0163635 0.407611
3 0.263169 0.275667 0.0237714 0.0146783 0.406108
3 0.210567 0.372444 0.033293 0.0173 0.405308
3 0.303033 0.252559 0.0119472 0.0132415 0.402183
3 0.860844 0.572088 0.053323 0.05021 0.401717
3 0.247039 0.297045 0.0249191 0.014949 0.397241
3 0.706617 0.38376 0.0313558 0.021048 0.396252
3 0.191771 0.393777 0.0376083 0.0213735 0.395115
3 0.65726 0.33009 0.027656 0.01732 0.389996
3 0.644792 0.315601 0.0258789 0.0156239 0.38918
9 0.618436 0.847182 0.016371 0.0482704 0.381642
3 0.210199 0.284576 0.0123659 0.018939 0.380898
3 0.739363 0.415803 0.0380207 0.0233978 0.379318
3 0.439426 0.196151 0.00867327 0.0115749 0.36869
3 0.216304 0.260172 0.0157032 0.0126945 0.349377
3 0.203973 0.377976 0.0377149 0.0206975 0.347889
3 0.702536 0.382426 0.0344528 0.0196555 0.342471
3 0.320974 0.19075 0.0129583 0.00944131 0.335794
3 0.350781 0.18088 0.011103 0.012093 0.330584
3 0.254685 0.263016 0.0198701 0.0131097 0.32724
3 0.218021 0.355567 0.0335795 0.0185569 0.323108
3 0.329971 0.195151 0.011472 0.00947716 0.313848
0 0.482451 0.388854 0.00507869 0.0165507 0.313361
4 0.444631 0.289077 0.0160051 0.0164619 0.311431
3 0.745551 0.430402 0.0355131 0.0194408 0.308577
3 0.207377 0.261506 0.016493 0.0138928 0.306787
0 0.0819106 0.45971 0.00784703 0.0198842 0.302387
3 0.224598 0.344307 0.0260868 0.0163264 0.301923
9 0.561517 0.733366 0.0149498 0.0410365 0.292716
3 0.429718 0.152263 0.00591391 0.0121437 0.291412
3 0.659935 0.292457 0.0249365 0.0152852 0.290806
4 0.466077 0.463199 0.0267591 0.0352411 0.288216
3 0.27434 0.247627 0.0123506 0.0172057 0.280802
3 0.24473 0.302035 0.0285361 0.0142553 0.280003
3 0.258023 0.240295 0.0127141 0.0135459 0.267929
3 0.348941 0.178662 0.0104695 0.0112972 0.267635
3 0.23218 0.258179 0.0151572 0.0139686 0.267508
0 0.181228 0.324071 0.00432242 0.0161055 0.265925
3 0.635468 0.30251 0.0283054 0.0151258 0.264262
4 0.190526 0.403405 0.0394449 0.0263883 0.263727
3 0.711942 0.269146 0.0159559 0.0126081 0.263545
3 0.215724 0.248302 0.0126987 0.0134122 0.262333
3 0.314912 0.220638 0.0111889 0.0103189 0.259023
3 0.233383 0.254945 0.0155777 0.0146592 0.252347
