3 0.891615 0.177281 0.160049 0.136105 0.660897
0 0.984128 0.743121 0.0172729 0.0195673 0.615494
1 0.536883 0.119908 0.017555 0.0386115 0.435083
0 0.444026 0.493037 0.0135444 0.0201461 0.43276
0 0.432554 0.901282 0.0110284 0.0209121 0.411354
0 0.421719 0.885223 0.0100527 0.0229899 0.384204
6 0.665539 0.12517 0.0829068 0.0938247 0.314386
0 0.908657 0.926095 0.00793248 0.0133928 0.312437
0 0.88242 0.955936 0.00934065 0.0161851 0.312195
0 0.441928 0.315417 0.0126871 0.0223013 0.294143
0 0.426756 0.980543 0.00953064 0.0264918 0.268536
