0 0.619061 0.0912908 0.0112743 0.0404832 0.789546
0 0.606484 0.081823 0.0117113 0.0362649 0.748205
0 0.579671 0.0593474 0.00953251 0.0390186 0.675961
0 0.585754 0.12088 0.00986289 0.0368297 0.643641
0 0.592865 0.0583475 0.0099714 0.0352376 0.58539
0 0.592467 0.262579 0.0102034 0.0262935 0.552161
4 0.37939 0.866533 0.0797908 0.0797688 0.546954
0 0.234724 0.274451 0.0141075 0.042786 0.532317
3 0.33138 0.170772 0.0839871 0.0735534 0.506093
5 0.12668 0.183471 0.150159 0.141031 0.464252
0 0.589737 0.295807 0.00926705 0.0257108 0.435909
9 0.631899 0.424362 0.0124748 0.0494769 0.416309
0 0.575451 0.78527 0.0126288 0.0259391 0.355071
0 0.55219 0.0630978 0.0115679 0.0420751 0.332114
0 0.5877 0.121729 0.0121403 0.035491 0.273932
9 0.614571 0.924443 0.0118133 0.0459779 0.265446
7 0.497502 0.418233 0.0174975 0.070661 0.257067
6 0.320764 0.0690845 0.067415 0.0522265 0.25454
