8 0.522032 0.125506 0.0318928 0.0712878 0.90499
3 0.712106 0.826958 0.0595236 0.13815 0.89878
3 0.326085 0.890455 0.081369 0.166077 0.890363
3 0.0806661 0.67941 0.0821437 0.0986432 0.884608
3 0.3649 0.645331 0.058442 0.106612 0.878992
3 0.583071 0.348763 0.025693 0.0479271 0.853238
8 0.130826 0.82947 0.261653 0.341061 0.848922
3 0.706658 0.346036 0.0252563 0.0447287 0.844247
3 0.385246 0.469616 0.0450871 0.0745243 0.843353
3 0.715728 0.679508 0.036187 0.0867462 0.839572
3 0.621494 0.503533 0.0329384 0.0698694 0.837536
3 0.579698 0.240595 0.0232041 0.0394135 0.832443
3 0.475372 0.320379 0.0301281 0.0499842 0.827499
3 0.487675 0.200827 0.023195 0.0339217 0.818663
3 0.404106 0.243131 0.0276277 0.0368164 0.815523
3 0.595867 0.108495 0.0144913 0.0210661 0.814677
3 0.618112 0.363612 0.0234673 0.0474771 0.814289
3 0.661839 0.185731 0.018384 0.0284941 0.800837
0 0.743069 0.895006 0.0162008 0.036628 0.796117
3 0.618759 0.0878141 0.0141239 0.0204289 0.793322
3 0.538508 0.202579 0.0195202 0.0332164 0.788082
3 0.626349 0.27404 0.0217741 0.0385733 0.775163
3 0.601922 0.749573 0.0394447 0.120134 0.756885
3 0.680774 0.0273339 0.0137709 0.0193417 0.750273
3 0.54875 0.0545346 0.0141597 0.0204262 0.741095
3 0.689804 0.135173 0.0171186 0.0245288 0.733028
4 0.447159 0.150415 0.024583 0.0346498 0.679266
3 0.485374 0.404765 0.0338843 0.0693363 0.651694
3 0.357262 0.329545 0.0314447 0.044916 0.640748
3 0.697461 0.257548 0.0224394 0.0325541 0.631877
0 0.764631 0.386729 0.00872271 0.0233128 0.618462
3 0.680169 0.00659187 0.015538 0.0129895 0.616693
0 0.758663 0.355774 0.00772147 0.0274583 0.596023
3 0.631103 0.00515169 0.0143193 0.0103034 0.575464
3 0.751465 0.0616619 0.0217031 0.0162085 0.575278
0 0.761708 0.8332 0.018544 0.0349835 0.574371
9 0.669073 0.289822 0.00755262 0.0213788 0.518503
0 0.835449 0.429168 0.0135505 0.0282445 0.502192
0 0.76222 0.35509 0.00951992 0.0274966 0.480773
0 0.700574 0.434463 0.0113765 0.0280338 0.479121
0 0.688634 0.426409 0.0111318 0.025967 0.475408
0 0.763925 0.355531 0.00979998 0.0275069 0.457081
3 0.74989 0.040799 0.0258925 0.016534 0.40588
1 0.686902 0.697383 0.0139856 0.0330076 0.405395
3 0.690159 0.0662057 0.0185842 0.0237352 0.389674
3 0.524039 0.0139053 0.0142851 0.0195837 0.387934
0 0.814237 0.388109 0.00921631 0.0248541 0.36287
0 0.741471 0.429876 0.0103969 0.0291078 0.35847
9 0.833987 0.39991 0.0147477 0.0263526 0.337936
1 0.670533 0.279531 0.00805712 0.0185757 0.336372
2 0.68678 0.699861 0.0142084 0.0357368 0.316179
0 0.80793 0.40884 0.00912641 0.0287027 0.302457
3 0.745161 0.0275146 0.0259955 0.0158638 0.291343
0 0.698954 0.432317 0.0104815 0.0290394 0.277331
6 0.470757 0.183771 0.0138577 0.0270019 0.269893
