4 0.106736 0.57772 0.0714785 0.0499042 0.868884
3 0.862415 0.793454 0.0709855 0.0556711 0.86651
3 0.564131 0.646657 0.0600851 0.118471 0.85466
3 0.856129 0.874005 0.0721783 0.0538236 0.854297
3 0.850152 0.952392 0.0719177 0.0600191 0.853301
3 0.62915 0.0392732 0.0290779 0.0785464 0.851626
3 0.816697 0.655869 0.0726052 0.0575501 0.851044
3 0.52407 0.803305 0.0459154 0.136056 0.850402
3 0.428256 0.948113 0.0329486 0.102946 0.831651
3 0.908971 0.637072 0.0767826 0.0535684 0.82812
3 0.125098 0.421417 0.0638218 0.0539423 0.818461
4 0.871136 0.722771 0.0745456 0.0551374 0.794295
4 0.943876 0.93971 0.0749296 0.0630973 0.685317
3 0.944079 0.939916 0.0753368 0.0640783 0.637324
4 0.0983918 0.49847 0.0757386 0.0507446 0.596747
3 0.986497 0.705502 0.027005 0.0571257 0.580884
0 0.269675 0.774133 0.0143202 0.0224451 0.515132
5 0.706663 0.491118 0.137847 0.141529 0.481855
4 0.95583 0.856051 0.0741135 0.0568284 0.450346
3 0.989563 0.632984 0.0207062 0.0546536 0.450232
0 0.165984 0.784157 0.0124113 0.0239337 0.426344
9 0.940349 0.735875 0.0423382 0.0355888 0.414952
3 0.955897 0.856465 0.0738041 0.0570434 0.404182
8 0.589637 0.0306082 0.0392372 0.0611567 0.401105
5 0.819358 0.584964 0.0730389 0.0723819 0.397673
5 0.86242 0.579581 0.158727 0.090385 0.353737
3 0.706071 0.49245 0.137 0.140567 0.324427
3 0.870845 0.723417 0.0735897 0.0562899 0.323081
3 0.47288 0.766721 0.0475059 0.154027 0.31397
