0 0.441711 0.340158 0.0115895 0.0358828 0.668365
0 0.521815 0.670645 0.0146631 0.0272505 0.619632
0 0.552527 0.12059 0.0109369 0.0366221 0.584476
0 0.242423 0.641369 0.011999 0.0220475 0.420256
0 0.322992 0.604038 0.0127802 0.0242042 0.399225
0 0.457922 0.453817 0.0122209 0.0293334 0.327272
0 0.478392 0.441692 0.0113199 0.0207616 0.322828
0 0.992049 0.868355 0.0152418 0.0292939 0.299185
0 0.573876 0.944565 0.0155557 0.0367344 0.289835
0 0.32539 0.604014 0.0124578 0.0239089 0.270139
0 0.246145 0.591149 0.0116476 0.0272556 0.26698
0 0.323844 0.615183 0.0112354 0.0313815 0.265317
