3 0.408979 0.687083 0.0127261 0.0335354 0.842427
3 0.371167 0.678842 0.0116209 0.0337209 0.841831
3 0.273507 0.957665 0.033576 0.0279471 0.84008
3 0.202963 0.94379 0.0366079 0.0232613 0.836816
3 0.407318 0.512338 0.00977382 0.0241054 0.824925
3 0.453117 0.512233 0.00964203 0.0234292 0.812792
3 0.24603 0.807235 0.018632 0.039013 0.810395
3 0.960623 0.608329 0.0255053 0.0298781 0.792415
3 0.423226 0.546844 0.0106198 0.025264 0.765465
3 0.382452 0.538043 0.010829 0.0243391 0.756613
5 0.380986 0.926088 0.0269855 0.146634 0.749161
3 0.403407 0.549102 0.00982631 0.0254912 0.733695
3 0.264674 0.797186 0.0197243 0.037867 0.72695
3 0.374502 0.635094 0.0130372 0.0305161 0.715332
5 0.409013 0.85961 0.0237147 0.170461 0.710134
5 0.43116 0.341057 0.0122028 0.0383828 0.682005
3 0.442742 0.44345 0.0074319 0.0158935 0.678526
3 0.191128 0.971833 0.0404355 0.0246525 0.675895
3 0.445692 0.563542 0.0101289 0.0293105 0.668124
3 0.385215 0.487549 0.0112644 0.0257082 0.65951
3 0.396377 0.410595 0.0078077 0.017855 0.650626
5 0.41857 0.607426 0.0173849 0.091773 0.620597
3 0.274426 0.907442 0.0285057 0.0252731 0.61615
3 0.271455 0.885481 0.0239863 0.0277799 0.590838
9 0.207744 0.905935 0.0148296 0.00943156 0.581884
3 0.420781 0.309763 0.00708771 0.0129416 0.571816
5 0.407879 0.456156 0.0153341 0.0794565 0.557083
5 0.38834 0.764441 0.0210005 0.145591 0.556666
3 0.408057 0.36442 0.00706072 0.0169436 0.54997
3 0.434054 0.15397 0.00611572 0.00977516 0.53365
3 0.432908 0.175528 0.00560455 0.0112099 0.521155
3 0.422992 0.292092 0.00849439 0.0164914 0.512605
8 0.439781 0.228833 0.00928079 0.0234694 0.502133
3 0.427603 0.46143 0.00810665 0.0110524 0.497421
8 0.388447 0.76511 0.0236306 0.146115 0.448127
5 0.426809 0.417686 0.0123776 0.0646411 0.422669
8 0.408813 0.457926 0.016507 0.0776941 0.389394
3 0.365051 0.772431 0.0111783 0.0320831 0.382959
3 0.419484 0.324472 0.0066061 0.0150992 0.377878
5 0.469872 0.320583 0.00896816 0.0273813 0.368459
3 0.394778 0.66475 0.0158473 0.0324109 0.359993
3 0.404949 0.319763 0.00909864 0.0185046 0.34861
3 0.407806 0.3073 0.00716936 0.0135992 0.347739
3 0.428383 0.129254 0.00585318 0.00980411 0.345173
3 0.395165 0.424982 0.00711317 0.0167363 0.344097
3 0.426092 0.442263 0.0113119 0.0201407 0.333168
8 0.444394 0.145494 0.006474 0.0191163 0.327719
3 0.423093 0.297068 0.00765124 0.0139277 0.321113
3 0.420214 0.761934 0.0100303 0.026124 0.319609
3 0.435488 0.281787 0.00792446 0.0158193 0.303781
3 0.486367 0.475635 0.0135372 0.0171347 0.302935
5 0.408869 0.974462 0.023513 0.0510751 0.301071
3 0.41125 0.288806 0.00762442 0.0133488 0.298957
3 0.389989 0.448054 0.0100722 0.0196938 0.295009
8 0.428561 0.238147 0.00928829 0.0294486 0.286989
3 0.434725 0.315005 0.00944519 0.016421 0.285587
5 0.415566 0.397015 0.00972652 0.0210853 0.283208
8 0.429242 0.233937 0.0100972 0.0290281 0.280829
8 0.380818 0.925763 0.0289047 0.147378 0.277107
3 0.440104 0.205686 0.0076086 0.0141484 0.268535
3 0.791533 0.285056 0.0148227 0.0125196 0.262364
3 0.429438 0.193818 0.0060747 0.0126592 0.260418
6 0.419355 0.761428 0.00935525 0.0252959 0.255923
3 0.423918 0.505569 0.0107853 0.0233776 0.254836
3 0.182877 0.308754 0.0109534 0.0124582 0.252723
