3 0.568002 0.912058 0.086855 0.0942263 0.908995
9 0.417078 0.812017 0.0178795 0.0384417 0.589517
1 0.281702 0.574231 0.0070197 0.01878 0.522729
9 0.273201 0.489791 0.00890331 0.0171843 0.410943
9 0.282829 0.59101 0.00871992 0.0206487 0.389512
1 0.272127 0.479065 0.00675792 0.014046 0.359635
3 0.427753 0.198723 0.00779096 0.0141211 0.341774
9 0.222003 0.339529 0.00651008 0.0124766 0.334831
9 0.238356 0.313426 0.00460029 0.0112564 0.321359
0 0.132188 0.941872 0.0184432 0.0257797 0.283472
1 0.280187 0.57299 0.0103907 0.0148524 0.279811
4 0.251702 0.259922 0.0203901 0.0134438 0.274882
9 0.274293 0.492423 0.00499784 0.0156929 0.263349
3 0.234123 0.214858 0.0186892 0.00887086 0.256691
