0 0.568506 0.405136 0.00877149 0.0217274 0.556733
9 0.636002 0.947146 0.0209848 0.0417666 0.481
0 0.556964 0.265066 0.00727195 0.0205557 0.445423
0 0.565908 0.263787 0.00732239 0.0190234 0.389876
0 0.602714 0.614081 0.0105343 0.0253801 0.365757
0 0.590326 0.638476 0.0075691 0.0211797 0.349467
0 0.618922 0.75909 0.00914734 0.0209928 0.316556
0 0.603686 0.610732 0.00973406 0.0245524 0.304484
0 0.619258 0.955767 0.0117225 0.0198059 0.297184
0 0.629318 0.887657 0.00860936 0.0216178 0.290953
9 0.640581 0.954679 0.0155106 0.0480001 0.27597
0 0.579263 0.298665 0.0100842 0.0250396 0.271832
0 0.583313 0.467906 0.0068798 0.0140577 0.266166
9 0.643205 0.963632 0.0110461 0.0349713 0.253008
