3 0.338828 0.677754 0.243663 0.159502 0.925933
3 0.883314 0.90235 0.227173 0.195014 0.911009
3 0.581201 0.577103 0.168528 0.115347 0.907247
3 0.286939 0.333005 0.102467 0.0581907 0.873211
8 0.817949 0.191787 0.122699 0.0673722 0.863408
3 0.700127 0.279755 0.0499636 0.0498027 0.858925
3 0.66587 0.220198 0.0353653 0.0333116 0.830682
3 0.388944 0.308051 0.0877487 0.0568981 0.822932
3 0.596172 0.186113 0.0340541 0.0283957 0.816122
3 0.725775 0.217434 0.0333413 0.0367823 0.796024
4 0.0885806 0.819426 0.17531 0.26763 0.792575
3 0.457744 0.254811 0.0401038 0.0429556 0.78749
8 0.951994 0.22261 0.096012 0.0746667 0.783658
0 0.675605 0.490925 0.0301368 0.0797384 0.778344
3 0.183663 0.224221 0.0327824 0.0440193 0.750033
3 0.0556808 0.289918 0.0509547 0.0672275 0.74903
3 0.49859 0.197082 0.0318796 0.0318431 0.705778
3 0.473808 0.182887 0.0296612 0.0320211 0.700832
3 0.613024 0.684912 0.227734 0.171288 0.69933
8 0.678076 0.158798 0.0727842 0.0480999 0.696803
3 0.348107 0.156509 0.0260076 0.0226725 0.677238
3 0.113791 0.348822 0.130001 0.0799994 0.667058
3 0.403011 0.21097 0.0335609 0.0348196 0.656206
3 0.355331 0.283861 0.0809669 0.0482179 0.646411
3 0.293851 0.21732 0.067718 0.0340348 0.644587
3 0.395857 0.239155 0.0524538 0.0406117 0.641791
3 0.379693 0.194485 0.0342389 0.0339032 0.636967
3 0.576058 0.194505 0.0343831 0.0333067 0.630737
8 0.585815 0.13503 0.0470011 0.0394885 0.627914
3 0.329792 0.141376 0.0201375 0.0216748 0.600898
3 0.540038 0.199698 0.0324533 0.0288857 0.577868
0 0.330582 0.195802 0.00788258 0.0305692 0.577716
3 0.519828 0.166926 0.025573 0.0249522 0.577042
3 0.501032 0.177108 0.0247702 0.0241928 0.573828
3 0.270506 0.164332 0.0503045 0.0246639 0.567943
8 0.540535 0.12318 0.041987 0.035637 0.565607
3 0.521941 0.13339 0.0221213 0.0168346 0.565161
3 0.546973 0.180154 0.0299341 0.0264437 0.536166
4 0.252829 0.14408 0.0510717 0.0301175 0.532536
3 0.193781 0.187008 0.0251436 0.0315613 0.52951
0 0.31062 0.177385 0.00874409 0.0242209 0.514646
0 0.293992 0.137982 0.0076232 0.0200995 0.513042
3 0.364362 0.172646 0.0306655 0.0308105 0.509309
3 0.209526 0.146103 0.0267213 0.0223936 0.506962
2 0.454992 0.79236 0.0733614 0.102365 0.500986
3 0.0302168 0.549737 0.0604335 0.0848086 0.488062
4 0.113943 0.34785 0.129423 0.0800791 0.483125
3 0.295673 0.109151 0.0145107 0.0148883 0.457435
3 0.266535 0.159188 0.0499704 0.0255171 0.451055
0 0.311326 0.180979 0.00815053 0.0305862 0.442406
3 0.00823044 0.290956 0.0163669 0.0701259 0.438393
3 0.349472 0.243981 0.0482566 0.0425747 0.43179
0 0.261351 0.277532 0.0115957 0.0415864 0.420739
0 0.320297 0.176965 0.00763216 0.0222287 0.394679
3 0.263373 0.11778 0.0263964 0.0161948 0.363719
3 0.315621 0.128209 0.0166222 0.0177611 0.359569
0 0.54589 0.240976 0.0106424 0.0344607 0.354736
3 0.268156 0.174459 0.0491565 0.0257558 0.349473
3 0.612575 0.168239 0.0360987 0.0259501 0.347286
4 0.193645 0.186662 0.025785 0.031982 0.345909
3 0.550532 0.135805 0.0271072 0.0195359 0.343863
3 0.339931 0.245746 0.062268 0.0444439 0.34204
3 0.283279 0.196979 0.0521445 0.0266985 0.336515
3 0.849526 0.215319 0.0587303 0.0364961 0.33648
8 0.632957 0.155092 0.0515131 0.0464213 0.335004
3 0.494664 0.121346 0.0288839 0.0197467 0.326692
4 0.613196 0.684203 0.229498 0.174021 0.325494
3 0.27074 0.130867 0.0290173 0.0183701 0.325163
3 0.281364 0.0956142 0.0151345 0.0140356 0.324755
3 0.267173 0.124502 0.031894 0.0172257 0.323667
1 0.461656 0.750396 0.0423683 0.0906056 0.319243
3 0.470742 0.118091 0.0213985 0.0181597 0.318895
3 0.276279 0.181318 0.051867 0.0258579 0.308245
3 0.247104 0.109479 0.0290368 0.0158771 0.301391
0 0.321228 0.187225 0.00821782 0.0276101 0.294944
4 0.280191 0.19738 0.0531614 0.0276033 0.288965
3 0.215091 0.0935707 0.0172874 0.0130724 0.286493
3 0.28813 0.101221 0.0167186 0.0148562 0.283661
3 0.287088 0.0991737 0.0153314 0.0154851 0.283202
3 0.273568 0.190211 0.0590605 0.0323592 0.278092
3 0.378104 0.187235 0.0317049 0.0293705 0.274021
3 0.240368 0.0954736 0.0234339 0.0151875 0.27368
0 0.545543 0.236306 0.0119543 0.032071 0.266122
4 0.276497 0.192377 0.0563097 0.0295946 0.254745
3 0.237839 0.0901965 0.0207733 0.0141935 0.253696
4 0.27644 0.185467 0.0547215 0.031332 0.253401
