0 0.359172 0.730675 0.0117075 0.0407131 0.694522
0 0.258408 0.371649 0.00830656 0.0233215 0.677017
0 0.395411 0.198382 0.00671247 0.0303119 0.625592
0 0.131606 0.811201 0.0142636 0.0462736 0.624054
0 0.274379 0.368169 0.00836286 0.0312732 0.607888
0 0.420673 0.705701 0.0122541 0.0378238 0.574923
0 0.304481 0.0935018 0.00600747 0.0254799 0.554635
0 0.594397 0.585629 0.0109817 0.0369415 0.551455
0 0.56543 0.631441 0.0115516 0.032245 0.538122
0 0.56041 0.632274 0.010262 0.0328949 0.528137
0 0.573851 0.520909 0.0102064 0.0357398 0.505741
0 0.346912 0.127372 0.00640887 0.0243883 0.486268
0 0.41792 0.17478 0.00641105 0.0237418 0.45227
0 0.575683 0.521598 0.0111584 0.0370086 0.445876
0 0.413968 0.662012 0.00991172 0.0314903 0.444957
0 0.54095 0.137961 0.00636932 0.0201349 0.432413
0 0.182679 0.607225 0.0142109 0.0443183 0.428753
0 0.355969 0.115211 0.00504159 0.0210635 0.391989
0 0.354242 0.0889948 0.00490747 0.0207962 0.390658
0 0.53077 0.130416 0.00541639 0.0198414 0.388807
0 0.188495 0.609956 0.0112461 0.0372089 0.382485
0 0.35688 0.126107 0.00514851 0.022672 0.368788
0 0.327358 0.0753576 0.007789 0.0235935 0.320855
0 0.275592 0.368219 0.0113269 0.0279129 0.316309
0 0.402443 0.191453 0.00766366 0.0227924 0.305597
0 0.294108 0.77563 0.0153712 0.0354201 0.303426
0 0.578444 0.124954 0.0059069 0.0206704 0.289287
0 0.367283 0.118437 0.00627345 0.0231306 0.284197
0 0.318212 0.0789613 0.00558428 0.0205992 0.275385
0 0.556393 0.126862 0.00644701 0.0222646 0.274243
0 0.572187 0.323016 0.00704289 0.0298392 0.268136
0 0.408763 0.143334 0.00557081 0.0213238 0.258699
0 0.407975 0.147756 0.00684727 0.0250894 0.255402
