3 0.296808 0.290936 0.0765895 0.0531579 0.712858
3 0.300377 0.224454 0.0585162 0.0471442 0.509747
0 0.711235 0.412286 0.012539 0.0206199 0.401017
3 0.299969 0.413152 0.0677615 0.047245 0.361636
0 0.531036 0.470765 0.0113986 0.0164279 0.323785
3 0.350213 0.4799 0.0671705 0.0514413 0.296471
0 0.502655 0.44285 0.00817758 0.0273616 0.288746
3 0.266983 0.557759 0.0838202 0.0603395 0.266192
0 0.531505 0.533958 0.00988094 0.031241 0.261447
6 0.52164 0.734168 0.01782 0.0623119 0.26033
0 0.503786 0.335863 0.00980482 0.023288 0.256314
