0 0.491758 0.334997 0.00775604 0.0318933 0.744478
0 0.581154 0.836484 0.015799 0.0330001 0.741078
0 0.459771 0.925911 0.018334 0.0248884 0.730778
0 0.520265 0.0841275 0.00961674 0.0363839 0.683407
0 0.478875 0.596072 0.0109157 0.0290501 0.670302
7 0.632611 0.120498 0.0197942 0.0627723 0.657751
0 0.605099 0.721264 0.00930995 0.0335375 0.654552
0 0.48061 0.323353 0.008766 0.03159 0.455068
0 0.502461 0.0864242 0.00797668 0.03175 0.447772
0 0.61578 0.991555 0.0107901 0.0157953 0.420561
0 0.466707 0.860787 0.0108813 0.0260241 0.395477
0 0.643855 0.120866 0.00852413 0.0310386 0.393048
9 0.561744 0.204611 0.0103565 0.041771 0.34795
6 0.633889 0.119753 0.021521 0.0598652 0.337379
1 0.561179 0.199852 0.00989266 0.0347733 0.297713
0 0.481599 0.178619 0.00877559 0.0386908 0.252046
