3 0.28743 0.617358 0.0618909 0.170527 0.908545
3 0.473292 0.473708 0.0417245 0.130765 0.892685
3 0.479704 0.0963818 0.0293316 0.0767606 0.885788
3 0.47561 0.318766 0.0315098 0.100336 0.860818
3 0.405918 0.209753 0.0336544 0.097247 0.86022
3 0.474966 0.0271915 0.025938 0.0535441 0.843837
9 0.527465 0.373571 0.0199856 0.0515078 0.753703
0 0.530291 0.163808 0.00942538 0.0457342 0.663149
9 0.600109 0.300017 0.0176752 0.0455262 0.656321
6 0.572956 0.368795 0.0345518 0.0883508 0.638317
6 0.516873 0.0726689 0.0203788 0.0659727 0.631326
9 0.577016 0.089651 0.0150452 0.0354283 0.618798
9 0.629397 0.342612 0.0237127 0.0298945 0.477766
7 0.503827 0.22338 0.0174837 0.0613532 0.43378
9 0.630042 0.320308 0.0260426 0.0294588 0.405125
9 0.397439 0.135995 0.0164052 0.0351503 0.344488
9 0.51516 0.142442 0.0137792 0.0392315 0.32988
9 0.629226 0.327374 0.024264 0.0303461 0.303127
