3 0.472056 0.693049 0.059925 0.208037 0.917389
3 0.807483 0.237894 0.0897648 0.079558 0.877717
9 0.32299 0.595674 0.03677 0.0520941 0.87334
4 0.608582 0.437338 0.0487198 0.179477 0.867548
6 0.373062 0.738984 0.0459667 0.143656 0.851208
7 0.494908 0.368418 0.0596354 0.109943 0.836911
4 0.62559 0.074009 0.0403978 0.130613 0.832715
9 0.90788 0.794766 0.0540577 0.0466502 0.820068
9 0.324394 0.902152 0.0461398 0.0388473 0.81257
9 0.523246 0.550132 0.0339878 0.0598594 0.810649
9 0.852023 0.592876 0.0419106 0.0611527 0.802131
6 0.513168 0.152473 0.0644747 0.0596978 0.801943
3 0.687734 0.0312462 0.0353027 0.0624924 0.798591
6 0.765911 0.756747 0.0582642 0.142435 0.795557
9 0.71726 0.588672 0.0405407 0.0488817 0.782391
6 0.591651 0.0240358 0.0229729 0.0480716 0.778015
9 0.695592 0.778615 0.0215881 0.0737788 0.774054
9 0.95782 0.745724 0.0446735 0.0450659 0.755695
6 0.723487 0.45341 0.0646377 0.0605173 0.755336
0 0.466005 0.018828 0.0102652 0.0376559 0.746289
9 0.833733 0.76118 0.037125 0.0796321 0.742941
6 0.58064 0.219603 0.0222059 0.0807233 0.737525
0 0.464722 0.434766 0.0170328 0.0500106 0.717834
7 0.730805 0.351167 0.037707 0.108933 0.710216
0 0.452331 0.478821 0.0144484 0.0527261 0.705491
4 0.795577 0.159858 0.0922451 0.0966544 0.703622
3 0.664896 0.214552 0.044083 0.128335 0.695579
9 0.605892 0.304234 0.0185307 0.0554327 0.69155
9 0.614957 0.904376 0.0272404 0.0946075 0.69024
6 0.655282 0.429558 0.0321129 0.0874204 0.683125
9 0.357146 0.251644 0.0351358 0.0412117 0.680638
6 0.652001 0.766611 0.0382471 0.144037 0.674878
9 0.486991 0.51214 0.0451172 0.0434621 0.645597
0 0.733518 0.215776 0.0123566 0.0503832 0.644322
9 0.520479 0.496712 0.0364802 0.0327916 0.644282
9 0.500622 0.19899 0.0313846 0.041153 0.635058
0 0.733184 0.0505465 0.0179539 0.0538667 0.626531
9 0.377102 0.120722 0.0316319 0.0351154 0.623914
7 0.719256 0.51661 0.0582496 0.0865666 0.623372
9 0.541754 0.222658 0.0158918 0.0576316 0.622948
7 0.711063 0.168342 0.045072 0.0757831 0.61591
6 0.735888 0.809755 0.0433771 0.12943 0.59908
6 0.749064 0.627936 0.0702852 0.114349 0.598542
9 0.961104 0.789019 0.0485624 0.0519584 0.590026
1 0.60664 0.282065 0.0162603 0.0483533 0.585409
9 0.874201 0.541083 0.0441044 0.0479728 0.581555
9 0.388967 0.154402 0.0310719 0.0404898 0.575543
9 0.915298 0.625041 0.0462993 0.0431459 0.568156
9 0.36833 0.213159 0.030654 0.0353853 0.568006
9 0.65274 0.320302 0.02786 0.0583396 0.567354
5 0.665307 0.0861038 0.0288471 0.0956001 0.563582
9 0.972456 0.903157 0.0550465 0.0656786 0.561523
9 0.381278 0.0906086 0.0253649 0.0317021 0.548833
9 0.936596 0.696636 0.0581592 0.048571 0.543835
9 0.779537 0.0337662 0.0280306 0.0402208 0.541871
6 0.718364 0.516916 0.0594649 0.0862614 0.537404
9 0.892753 0.72197 0.0460403 0.0404509 0.536469
6 0.717133 0.248782 0.0324597 0.0925649 0.517237
7 0.560844 0.0811469 0.0434652 0.0672913 0.516889
7 0.563828 0.461665 0.0415552 0.11773 0.514353
5 0.749345 0.628082 0.0697409 0.115055 0.498132
9 0.330921 0.866854 0.0513307 0.0449311 0.482469
9 0.673824 0.345286 0.0210755 0.0520156 0.47844
6 0.562997 0.461398 0.0407013 0.118483 0.465285
6 0.731319 0.920209 0.0386985 0.137634 0.453672
6 0.512052 0.0209972 0.0530109 0.0419945 0.44363
9 0.906451 0.606037 0.0400566 0.0438819 0.442955
0 0.825155 0.860171 0.0298554 0.0518848 0.441808
1 0.78559 0.579143 0.0201113 0.0386383 0.439145
6 0.655804 0.564054 0.0413187 0.113599 0.436706
9 0.910108 0.611345 0.0466757 0.0477418 0.43659
9 0.494872 0.553328 0.0283732 0.0403447 0.422703
9 0.500696 0.232498 0.0352457 0.0458829 0.41963
0 0.679666 0.443427 0.0185787 0.0582048 0.419512
9 0.386201 0.191144 0.0206519 0.0345622 0.407793
9 0.366674 0.193082 0.027215 0.0349263 0.407522
0 0.733668 0.23493 0.0136656 0.0613191 0.3994
1 0.65411 0.720892 0.0271942 0.0482096 0.395128
1 0.605689 0.290093 0.0182089 0.0579471 0.39269
1 0.629725 0.946352 0.0186197 0.0475221 0.388851
0 0.350953 0.149993 0.0117296 0.0495074 0.388651
0 0.570332 0.173014 0.0136926 0.0539891 0.384246
9 0.379715 0.189989 0.0314191 0.0363165 0.382337
6 0.505783 0.464179 0.0606215 0.0508102 0.376904
9 0.695458 0.96885 0.0307838 0.0545712 0.37657
4 0.770187 0.095827 0.0955716 0.0923093 0.370603
7 0.517055 0.100594 0.0572254 0.0613976 0.369029
1 0.450603 0.167971 0.0139668 0.0499405 0.367021
6 0.823589 0.495776 0.0471327 0.0544558 0.357266
9 0.492849 0.235859 0.034366 0.043332 0.353174
9 0.932347 0.670539 0.0441586 0.0418665 0.349987
9 0.658385 0.380384 0.0246114 0.0405905 0.349196
0 0.348513 0.14664 0.0155063 0.051485 0.344649
9 0.823456 0.504927 0.0476607 0.0521401 0.340236
7 0.717077 0.249531 0.0326162 0.095209 0.336882
6 0.513456 0.103126 0.0538866 0.056459 0.335362
9 0.505017 0.465275 0.0616339 0.0485178 0.319771
9 0.825659 0.858939 0.0309379 0.0539649 0.318517
3 0.770626 0.0956152 0.0968941 0.0916559 0.31786
7 0.552668 0.263051 0.0358514 0.0974116 0.311471
9 0.368819 0.189 0.0181475 0.0381489 0.308643
9 0.365772 0.206586 0.0271972 0.0360474 0.304517
1 0.614555 0.897914 0.0252291 0.0735456 0.304372
9 0.48038 0.511268 0.0328438 0.0423036 0.30253
2 0.893348 0.722976 0.0457577 0.044107 0.297754
0 0.630629 0.965394 0.0183495 0.0367001 0.295893
6 0.511485 0.0452437 0.0495155 0.0486777 0.29374
9 0.505295 0.572565 0.0291378 0.0549196 0.28681
9 0.577751 0.0534004 0.0147828 0.0473916 0.277075
9 0.555946 0.0402878 0.0227116 0.0369686 0.272462
9 0.842765 0.0655515 0.0195297 0.0386239 0.27215
1 0.674026 0.340974 0.020451 0.0524971 0.268801
4 0.552608 0.259863 0.0355257 0.102421 0.264257
0 0.7377 0.0490678 0.0121649 0.051168 0.257355
6 0.554278 0.392382 0.031373 0.0548392 0.255413
9 0.809474 0.639928 0.0407701 0.0757376 0.254057
