0 0.269237 0.753526 0.00884295 0.0317581 0.668273
0 0.385288 0.399542 0.00820971 0.0271844 0.592312
0 0.378222 0.234205 0.00627921 0.0261822 0.564966
5 0.545474 0.952055 0.0831683 0.0844852 0.561408
0 0.447377 0.29642 0.00729636 0.0249771 0.527433
5 0.567976 0.819364 0.134087 0.118365 0.519987
0 0.288952 0.65635 0.00987455 0.0279757 0.514103
0 0.304229 0.659534 0.0110388 0.029661 0.493832
0 0.258666 0.742279 0.0109481 0.0284816 0.490215
0 0.305147 0.652707 0.0110881 0.0260314 0.448613
5 0.693764 0.962273 0.0654879 0.0720146 0.424464
0 0.340983 0.568607 0.00863 0.0339682 0.412064
0 0.394731 0.196879 0.00718794 0.0273743 0.400654
0 0.376883 0.53842 0.00884971 0.0256734 0.363111
0 0.352105 0.573381 0.00864009 0.0261409 0.353215
0 0.341804 0.571912 0.00921173 0.0337871 0.347214
0 0.286294 0.655772 0.0101808 0.0286431 0.337332
0 0.528083 0.0162784 0.0066061 0.0243991 0.336384
0 0.436226 0.291977 0.00718022 0.0245189 0.330649
0 0.505979 0.070948 0.00593807 0.0237833 0.32247
0 0.368608 0.532533 0.00743888 0.0225402 0.308177
0 0.4477 0.300218 0.00792027 0.02797 0.302257
0 0.43296 0.283543 0.00872724 0.0262385 0.298651
0 0.426523 0.279257 0.00693856 0.0251873 0.285704
5 0.880819 0.437735 0.0805469 0.0687438 0.271155
0 0.3776 0.547195 0.00777854 0.0203383 0.265241
4 0.538594 0.735893 0.0420021 0.0426908 0.264375
0 0.839666 0.965395 0.0174469 0.0212029 0.250703
