0 0.284268 0.627088 0.0127412 0.0426585 0.57842
0 0.0184439 0.69699 0.0167187 0.0446507 0.530717
0 0.26536 0.681074 0.0145346 0.039954 0.527337
0 0.0404564 0.716838 0.0168529 0.0439108 0.505575
0 0.249409 0.656626 0.0113605 0.0319681 0.335663
0 0.28568 0.631177 0.0133577 0.0478874 0.318582
0 0.0663176 0.690488 0.018513 0.0340235 0.298675
0 0.293882 0.803313 0.0126348 0.0398195 0.272293
0 0.347644 0.626543 0.012592 0.0340696 0.270477
0 0.333995 0.479006 0.0116828 0.0431261 0.266572
0 0.144746 0.550257 0.0164378 0.0411506 0.261009
0 0.335684 0.627779 0.0109011 0.0353137 0.258092
