7 0.598241 0.688383 0.0217037 0.0804267 0.878699
4 0.632365 0.864181 0.0349933 0.119861 0.868597
3 0.534393 0.475255 0.023377 0.0543072 0.860448
3 0.613104 0.609695 0.0295713 0.0777936 0.857905
7 0.69681 0.699012 0.023196 0.067979 0.85034
3 0.554577 0.363915 0.0178834 0.0394143 0.816174
0 0.647168 0.589338 0.00952569 0.0388712 0.775154
3 0.609463 0.545496 0.0277318 0.0614133 0.774189
0 0.576953 0.825474 0.013271 0.0381563 0.72495
3 0.614116 0.211205 0.0300547 0.0246806 0.724559
3 0.681216 0.162837 0.0118614 0.0186519 0.701921
3 0.668768 0.160875 0.0113103 0.0177783 0.696145
0 0.65983 0.568966 0.00883544 0.0374835 0.684139
4 0.817081 0.832406 0.0484682 0.092462 0.667237
3 0.639517 0.438942 0.0222748 0.0458747 0.664814
7 0.578147 0.389933 0.0139739 0.0342425 0.664019
9 0.443471 0.867521 0.0231466 0.0445212 0.656117
9 0.66519 0.871838 0.0114178 0.0484649 0.643854
9 0.753566 0.790072 0.0126796 0.0467811 0.584284
0 0.66323 0.593329 0.00870713 0.0402752 0.580177
6 0.655837 0.48159 0.0167312 0.0367702 0.570952
7 0.61645 0.684113 0.0186514 0.0748199 0.559081
3 0.656057 0.180312 0.0150688 0.0252308 0.514332
9 0.771288 0.737903 0.0230822 0.0338685 0.498442
9 0.455132 0.687691 0.0215204 0.0357552 0.493233
0 0.551885 0.424484 0.00875186 0.0278627 0.480701
3 0.601473 0.493135 0.024006 0.0532875 0.463449
9 0.438811 0.973123 0.0331047 0.0325764 0.450649
1 0.665513 0.861643 0.0107714 0.0439086 0.421548
9 0.666497 0.419469 0.0157561 0.0219566 0.413886
0 0.738369 0.703028 0.0116074 0.0363815 0.410862
7 0.659057 0.215396 0.0202434 0.0250423 0.40913
0 0.541836 0.389385 0.00701375 0.0267283 0.401976
9 0.49289 0.51351 0.0119365 0.0303336 0.392614
9 0.478265 0.513218 0.0125666 0.0299514 0.382888
5 0.240038 0.144916 0.041986 0.0292358 0.354926
6 0.741402 0.617598 0.0309421 0.0499431 0.354839
9 0.70179 0.507321 0.0281031 0.0265492 0.351967
9 0.694201 0.428493 0.0190821 0.0285066 0.34399
9 0.440533 0.940997 0.0283453 0.0362478 0.338006
9 0.680049 0.42586 0.0108468 0.0223413 0.327134
9 0.53912 0.515467 0.017042 0.0367129 0.326667
9 0.437522 0.979392 0.0333065 0.0336142 0.321029
6 0.618605 0.394511 0.0209284 0.0308787 0.313232
9 0.539405 0.512577 0.0135532 0.0364954 0.309479
9 0.439943 0.962697 0.0313675 0.0394341 0.307555
5 0.6018 0.493092 0.0250653 0.0545952 0.297846
0 0.5419 0.389527 0.00881729 0.0312151 0.297564
7 0.49836 0.233814 0.0223025 0.0283332 0.295665
9 0.440006 0.934946 0.0271038 0.0366937 0.292147
9 0.693554 0.434979 0.0193992 0.0238704 0.285047
7 0.577938 0.355946 0.0150082 0.03549 0.283157
9 0.716998 0.514161 0.0145413 0.0245 0.283129
9 0.702219 0.461693 0.0185997 0.0238507 0.276667
9 0.489424 0.514369 0.0127596 0.0287729 0.27255
7 0.61566 0.697622 0.0145201 0.0554044 0.27163
9 0.465365 0.738333 0.00958195 0.0382141 0.260034
5 0.192707 0.141331 0.0424474 0.0320637 0.255752
