3 0.152403 0.78816 0.140705 0.0889496 0.914058
3 0.848924 0.771904 0.176714 0.131731 0.874669
3 0.289181 0.734814 0.108348 0.080261 0.838402
8 0.893807 0.56474 0.117528 0.0678213 0.834942
3 0.376016 0.647993 0.0427991 0.0499581 0.833947
8 0.554478 0.50834 0.046777 0.0344879 0.822316
8 0.742418 0.535232 0.117641 0.0521372 0.81982
3 0.255972 0.701266 0.101335 0.063029 0.771664
3 0.190352 0.618298 0.0842974 0.0405688 0.76884
3 0.525155 0.598445 0.0553873 0.0437705 0.762143
3 0.0862356 0.589618 0.0308677 0.0355383 0.756124
3 0.341448 0.620933 0.0404051 0.042895 0.741993
3 0.317627 0.597308 0.0352198 0.0368178 0.735054
0 0.351972 0.715857 0.0122428 0.0486232 0.71907
8 0.642443 0.517603 0.0531147 0.0438381 0.715153
8 0.466652 0.487049 0.0339757 0.0288407 0.714149
0 0.304424 0.662123 0.0126885 0.0436966 0.703955
3 0.539862 0.627199 0.0790092 0.060587 0.67455
0 0.319522 0.671769 0.0118825 0.0467061 0.664446
0 0.349282 0.677729 0.0143261 0.0480403 0.663201
3 0.0529015 0.64192 0.0420465 0.0525566 0.658918
3 0.261734 0.646017 0.0609198 0.0459011 0.653181
8 0.5102 0.498045 0.049345 0.0343675 0.635608
3 0.294703 0.579201 0.0334634 0.0382363 0.621128
0 0.440138 0.797221 0.020911 0.0693072 0.616183
0 0.395923 0.615681 0.0108611 0.0423106 0.599456
3 0.924046 0.6322 0.134925 0.0523796 0.596629
4 0.165142 0.53029 0.0527369 0.0321632 0.575073
3 0.269783 0.538687 0.0243649 0.0230303 0.569376
3 0.471776 0.515391 0.0262177 0.0186459 0.565691
3 0.182938 0.599193 0.0666331 0.0312963 0.541008
3 0.116944 0.53659 0.0203773 0.0226057 0.539724
3 0.179278 0.54699 0.0517134 0.0237088 0.52981
3 0.781514 0.563725 0.056099 0.0309316 0.526055
3 0.254486 0.52263 0.0195676 0.0196209 0.507416
3 0.419092 0.486903 0.0233354 0.0161644 0.505596
3 0.178624 0.562056 0.0558972 0.0251719 0.496093
3 0.190935 0.511515 0.0369775 0.0186833 0.474995
3 0.117455 0.495909 0.0237152 0.0149422 0.444045
3 0.284551 0.555487 0.0307537 0.0313342 0.438936
8 0.622578 0.51582 0.0960058 0.0456712 0.432313
3 0.354143 0.547306 0.0295866 0.0334386 0.414595
3 0.168959 0.591622 0.0615192 0.0259122 0.401528
3 0.154927 0.490061 0.0240408 0.0149868 0.399713
3 0.180557 0.554319 0.0560956 0.0245483 0.387713
0 0.213354 0.509649 0.00494766 0.0156696 0.374276
3 0.175577 0.594305 0.0716204 0.0296184 0.37417
3 0.182254 0.576735 0.0637234 0.0289433 0.370861
0 0.214719 0.509633 0.00808659 0.016119 0.3574
3 0.244205 0.508585 0.0196551 0.0166682 0.353459
3 0.479247 0.502275 0.0224499 0.0169932 0.348042
3 0.167429 0.474208 0.0197897 0.0123763 0.339958
3 0.172277 0.494351 0.0237232 0.0146031 0.334825
3 0.442196 0.500896 0.0348301 0.0189868 0.31995
3 0.178593 0.581579 0.0637693 0.0275984 0.319241
3 0.183091 0.477364 0.014655 0.012776 0.309828
3 0.184717 0.505017 0.0417651 0.0170586 0.308946
3 0.246542 0.674418 0.0832202 0.0447055 0.299268
3 0.174963 0.586841 0.0659512 0.0288117 0.294066
3 0.18468 0.588162 0.0651619 0.030456 0.293748
3 0.202205 0.478571 0.0138864 0.013237 0.289788
3 0.219884 0.479161 0.0111258 0.0124639 0.289441
3 0.227279 0.491357 0.0164284 0.0144795 0.283739
3 0.440664 0.495992 0.0324326 0.0216653 0.278643
3 0.182163 0.606948 0.0689131 0.0318891 0.276333
3 0.182418 0.501474 0.0399841 0.0170164 0.273972
3 0.346038 0.462975 0.0170518 0.0110587 0.273232
3 0.28124 0.548732 0.0296779 0.0221878 0.269478
3 0.199701 0.511985 0.0231594 0.0182982 0.268582
3 0.176352 0.498653 0.0274756 0.0159044 0.257894
