0 0.270395 0.54052 0.0120803 0.0254355 0.746408
0 0.163878 0.781623 0.0135391 0.0254801 0.742168
0 0.171715 0.716691 0.0140473 0.0235047 0.723678
0 0.430848 0.359634 0.015407 0.0260116 0.666485
0 0.196168 0.692354 0.0128939 0.0299757 0.643307
0 0.286063 0.45822 0.0104974 0.0259421 0.641804
0 0.395509 0.852712 0.00923641 0.0213364 0.579858
0 0.409399 0.887543 0.0136824 0.0271682 0.562533
0 0.410561 0.884957 0.0120817 0.0243952 0.553458
0 0.284879 0.529136 0.0132139 0.0247599 0.48978
0 0.389898 0.392187 0.0100262 0.0291273 0.464814
0 0.40601 0.900471 0.0110133 0.0208746 0.44078
0 0.69451 0.800038 0.0187775 0.0240503 0.387473
0 0.209879 0.548042 0.0132564 0.0348813 0.343227
0 0.126456 0.771026 0.0125262 0.0240956 0.325792
0 0.699727 0.764777 0.0135841 0.0224362 0.312979
0 0.0405773 0.190218 0.0145083 0.0310154 0.302902
0 0.513345 0.951159 0.0140232 0.0210443 0.278382
0 0.726779 0.918457 0.0145487 0.0241031 0.263
