0 0.477777 0.797751 0.0249742 0.0811144 0.803701
0 0.49834 0.86822 0.0246095 0.0743563 0.786561
0 0.744016 0.704835 0.0198075 0.0561006 0.751673
0 0.759273 0.715887 0.0210331 0.062101 0.695237
0 0.642603 0.411255 0.00766833 0.0234734 0.693971
0 0.244886 0.463076 0.0102823 0.0341546 0.662821
0 0.576323 0.493674 0.010236 0.036845 0.657549
0 0.86901 0.429134 0.0120255 0.0259781 0.652938
0 0.566661 0.445221 0.00887386 0.0251213 0.634547
0 0.561603 0.492947 0.0107741 0.0360517 0.623462
0 0.00497447 0.470736 0.00994893 0.0354258 0.619033
0 0.51642 0.474698 0.0108793 0.0315349 0.543313
0 0.624 0.698491 0.0176849 0.0484117 0.524572
0 0.864771 0.383332 0.00814244 0.0226377 0.411996
0 0.603497 0.46062 0.0102215 0.0226043 0.382709
0 0.461117 0.450531 0.00990962 0.0271196 0.336137
0 0.950821 0.369668 0.0109414 0.0286231 0.289103
0 0.949091 0.370288 0.0107064 0.0287731 0.251794
0 0.86597 0.382087 0.00805917 0.0219406 0.250527
