3 0.0200918 0.734747 0.0401836 0.0383404 0.857828
3 0.096692 0.71199 0.0376667 0.0346296 0.84333
3 0.0546085 0.708934 0.0391937 0.0323669 0.833293
3 0.299215 0.722549 0.0276964 0.0320982 0.805571
3 0.287791 0.786516 0.0349272 0.0436633 0.80268
0 0.391664 0.918574 0.0175878 0.0571228 0.794856
3 0.311773 0.688089 0.0206158 0.0262724 0.765592
3 0.246599 0.92815 0.0562726 0.0760325 0.723537
0 0.319856 0.784912 0.0115482 0.0391744 0.648878
0 0.847256 0.623487 0.00703613 0.0186274 0.635729
3 0.108942 0.648328 0.0249185 0.0227202 0.627091
3 0.318945 0.635213 0.0148621 0.0201664 0.619779
0 0.819907 0.611597 0.00556013 0.0169365 0.617486
0 0.333489 0.728211 0.00903782 0.0298581 0.605229
1 0.0391438 0.780593 0.0137591 0.0255033 0.583906
3 0.319472 0.560857 0.00657091 0.00754749 0.583225
0 0.0518893 0.668642 0.00880113 0.0217186 0.561003
0 0.857444 0.624061 0.00623962 0.0200936 0.531736
0 0.865344 0.617673 0.00607457 0.0202845 0.506985
9 0.0373653 0.789384 0.0202119 0.0306569 0.488273
3 0.315158 0.660124 0.0161775 0.0228188 0.485701
3 0.172347 0.621969 0.0222646 0.0213758 0.482227
3 0.29937 0.596548 0.0121106 0.0114014 0.432379
0 0.880919 0.589128 0.00512852 0.014875 0.38121
5 0.144889 0.637689 0.0303352 0.030582 0.365022
0 0.890815 0.592692 0.0059402 0.0142392 0.358201
0 0.606443 0.69156 0.00842133 0.0234077 0.347304
0 0.770687 0.561421 0.00457668 0.00966698 0.327955
0 0.854102 0.574498 0.00511222 0.0111005 0.32036
3 0.145281 0.63844 0.0312311 0.0306081 0.319576
0 0.628777 0.691228 0.00746573 0.0273465 0.281276
0 0.816349 0.560977 0.0050136 0.00886306 0.278566
