3 0.346208 0.0291897 0.0119918 0.034902 0.848029
3 0.749525 0.44862 0.0252384 0.0177529 0.838602
3 0.809521 0.472343 0.025945 0.0196541 0.82171
3 0.3355 0.166661 0.0119655 0.0359671 0.81194
3 0.650357 0.426291 0.0213472 0.0165447 0.810068
5 0.408422 0.853031 0.017718 0.0684294 0.807975
3 0.541716 0.0441166 0.02246 0.0163956 0.805011
3 0.449298 0.540528 0.0121575 0.0368432 0.801168
3 0.489045 0.425433 0.0134495 0.0372653 0.792395
3 0.338561 0.106898 0.0107825 0.0349712 0.771029
3 0.701186 0.434836 0.0249072 0.0164625 0.766594
3 0.94255 0.526969 0.0245723 0.0192652 0.736687
3 0.16259 0.371922 0.0126038 0.0316672 0.691746
3 0.332427 0.00759251 0.0114365 0.015185 0.673283
3 0.45671 0.359096 0.0108827 0.0327065 0.652159
3 0.867075 0.493238 0.0235093 0.0170894 0.638398
8 0.3625 0.279317 0.0172835 0.0756428 0.627167
3 0.315331 0.0181535 0.0151036 0.0330018 0.600411
3 0.325158 0.105225 0.0127935 0.0365255 0.533329
3 0.112836 0.416902 0.0274164 0.0211263 0.519752
3 0.497788 0.553687 0.0226736 0.017925 0.498075
3 0.500311 0.534912 0.0218353 0.0142392 0.466785
3 0.507556 0.459941 0.0171698 0.0160623 0.455769
8 0.465338 0.0616009 0.0162946 0.0489542 0.455265
3 0.455516 0.0173586 0.0145798 0.0339404 0.440925
9 0.482997 0.311049 0.0043869 0.0141931 0.432817
4 0.318006 0.064421 0.0171794 0.0192021 0.413588
3 0.480986 0.750027 0.0190249 0.0154172 0.413078
4 0.973892 0.536766 0.025906 0.0199799 0.390334
9 0.339122 0.393318 0.00925722 0.0141773 0.383866
3 0.481985 0.736302 0.0178142 0.014858 0.376866
9 0.328013 0.360357 0.00672193 0.0171257 0.348686
5 0.488038 0.581818 0.0187619 0.0256315 0.342389
3 0.293002 0.35134 0.0108631 0.0264788 0.321072
3 0.49913 0.542593 0.022258 0.016184 0.32088
3 0.490417 0.676837 0.018339 0.0120471 0.316614
9 0.337764 0.391562 0.00505162 0.0170849 0.3009
4 0.779734 0.549642 0.024317 0.0206848 0.290783
3 0.536827 0.130903 0.0182668 0.015977 0.271475
3 0.48539 0.723091 0.0194115 0.0125653 0.258612
