0 0.550762 0.362487 0.0130156 0.0345359 0.710137
9 0.461666 0.450037 0.0358799 0.0316509 0.521919
0 0.500985 0.531186 0.011795 0.0284077 0.51359
9 0.465259 0.409305 0.0352701 0.0326631 0.497599
9 0.428633 0.688992 0.0351082 0.0362518 0.475343
9 0.430514 0.710599 0.036654 0.0341988 0.471508
9 0.440714 0.60443 0.0330044 0.0292734 0.452577
9 0.430971 0.731521 0.0397307 0.0377486 0.43986
0 0.493037 0.760932 0.0138 0.0383657 0.428776
9 0.46564 0.484147 0.0260618 0.0285939 0.417981
9 0.443987 0.567229 0.0443943 0.0384493 0.413276
9 0.430317 0.625183 0.0301566 0.0324045 0.410907
9 0.455278 0.51165 0.0282036 0.0289282 0.408118
0 0.491833 0.935064 0.012098 0.0166331 0.405128
9 0.459062 0.455505 0.0400604 0.0318416 0.400097
0 0.455531 0.801659 0.0135235 0.023589 0.398017
1 0.508659 0.574164 0.0123526 0.0275048 0.389681
9 0.430002 0.738343 0.0417236 0.0385604 0.389194
9 0.415003 0.662978 0.0384056 0.0292204 0.38757
9 0.471064 0.380783 0.0274924 0.0267541 0.386581
9 0.417015 0.658216 0.0390122 0.0357022 0.371607
0 0.493523 0.555449 0.0109572 0.0299595 0.367536
9 0.430989 0.514463 0.0424965 0.0310212 0.366012
1 0.514645 0.601486 0.0138826 0.0296886 0.352277
0 0.576419 0.281532 0.0133519 0.0414577 0.342332
1 0.510005 0.602685 0.0132068 0.0270137 0.330659
0 0.439038 0.804824 0.0144693 0.0231058 0.319576
9 0.471553 0.374903 0.0275676 0.0298931 0.306638
9 0.470714 0.670078 0.018098 0.0512046 0.305257
9 0.429703 0.725011 0.0398132 0.0340225 0.292768
9 0.446563 0.561981 0.0457304 0.0438205 0.292153
9 0.428959 0.697113 0.0354606 0.0384684 0.273787
0 0.516436 0.760587 0.0268305 0.028813 0.268705
9 0.47632 0.346571 0.0326318 0.0267411 0.255118
