3 0.649999 0.438167 0.0593218 0.0582916 0.861668
3 0.564556 0.404762 0.0680967 0.0490747 0.839471
3 0.303355 0.346653 0.0616429 0.0320381 0.825639
3 0.284174 0.308321 0.0492791 0.0302713 0.810248
3 0.89076 0.526269 0.0583259 0.0848476 0.790313
0 0.502838 0.557918 0.0172592 0.0527604 0.784785
3 0.258171 0.295568 0.0474064 0.0273759 0.781824
0 0.483323 0.566023 0.0211219 0.0567291 0.779625
0 0.456492 0.525265 0.0193382 0.0544061 0.77312
4 0.437743 0.366067 0.0583595 0.0442216 0.770908
3 0.22881 0.286238 0.0405845 0.0276052 0.768746
3 0.104784 0.240726 0.0366126 0.0213853 0.76005
0 0.525642 0.551252 0.020697 0.0602368 0.751249
3 0.177269 0.269509 0.0412089 0.0253254 0.739827
3 0.208367 0.279667 0.0353494 0.0251844 0.728866
4 0.505432 0.383975 0.0480556 0.0494073 0.688172
0 0.141301 0.277214 0.00675258 0.0205748 0.634278
3 0.0808082 0.230655 0.0382418 0.0231005 0.630369
0 0.774292 0.618515 0.0186907 0.0595876 0.614917
0 0.760069 0.629584 0.0187928 0.0635338 0.587947
1 0.104757 0.428405 0.0182464 0.0261829 0.476534
0 0.1322 0.277354 0.00694854 0.021216 0.453665
2 0.986213 0.528103 0.0275012 0.035711 0.309308
2 0.895536 0.468633 0.0145077 0.0386763 0.256825
3 0.217864 0.283644 0.0427832 0.0257267 0.255769
3 0.399342 0.349235 0.0464714 0.0363595 0.251921
