5 0.7423 0.432684 0.114673 0.175014 0.887751
5 0.648107 0.33815 0.0968206 0.208887 0.874623
5 0.685469 0.382768 0.0911077 0.174408 0.864609
8 0.491686 0.0803697 0.105572 0.137446 0.822631
5 0.535378 0.250683 0.0904 0.138127 0.758814
5 0.592919 0.373935 0.0636406 0.122875 0.646334
0 0.552341 0.879446 0.0101439 0.0220726 0.620795
0 0.561872 0.838655 0.0119519 0.0185243 0.619259
0 0.56374 0.866009 0.0107057 0.0195983 0.618799
0 0.462586 0.755076 0.0128031 0.0270685 0.582028
5 0.927623 0.843938 0.0549355 0.135906 0.565948
0 0.569136 0.894175 0.0102642 0.0236984 0.557867
5 0.832286 0.753893 0.0532323 0.124581 0.516539
3 0.541879 0.333399 0.0497083 0.0869811 0.478132
7 0.506474 0.165498 0.0468378 0.0666764 0.463047
0 0.562996 0.837011 0.0115553 0.017539 0.460581
0 0.177938 0.186387 0.0137907 0.0300616 0.429491
3 0.627366 0.2285 0.0580829 0.0978457 0.416047
5 0.971555 0.885786 0.0568907 0.167104 0.40305
7 0.520164 0.195876 0.0532905 0.0724485 0.369589
3 0.5931 0.373801 0.0626239 0.12343 0.343227
5 0.877308 0.752826 0.0444836 0.141001 0.307326
0 0.552347 0.875922 0.0112442 0.0199252 0.276484
0 0.13745 0.150437 0.0152708 0.0320476 0.268242
