0 0.348139 0.715808 0.0110988 0.0191515 0.688258
0 0.332186 0.670982 0.00965642 0.0189627 0.590979
0 0.280618 0.0761887 0.00840559 0.0298815 0.564777
0 0.257823 0.217235 0.00856753 0.0269702 0.56119
0 0.272779 0.154822 0.00810566 0.0322984 0.51513
0 0.281795 0.0783101 0.00788365 0.0318461 0.490633
0 0.323917 0.701184 0.0104208 0.0263746 0.460775
0 0.343508 0.687578 0.0104762 0.0195975 0.451552
0 0.458147 0.494108 0.0106348 0.0202518 0.382214
0 0.302691 0.640332 0.00873145 0.0203903 0.308451
0 0.3175 0.811969 0.00904484 0.0206819 0.308168
