5 0.575779 0.493043 0.0277939 0.079378 0.818518
3 0.531566 0.386042 0.0125177 0.0270053 0.814519
3 0.304843 0.326448 0.0179863 0.0231048 0.802746
5 0.542208 0.311502 0.0161889 0.0540152 0.738798
3 0.605606 0.290479 0.0149853 0.0197727 0.62246
5 0.539087 0.262752 0.0125816 0.0381717 0.554594
3 0.492674 0.27568 0.00850656 0.0187498 0.550218
8 0.539113 0.263161 0.0134729 0.0373419 0.54865
3 0.493536 0.297326 0.00887669 0.019053 0.460001
4 0.531822 0.458098 0.0156848 0.0378952 0.458963
3 0.531587 0.457607 0.015653 0.0389264 0.369495
3 0.49414 0.300247 0.00764287 0.0213912 0.268004
