3 0.459907 0.676082 0.03139 0.0790742 0.889738
3 0.519748 0.553688 0.0282236 0.0621029 0.855195
3 0.493357 0.563658 0.0317722 0.0610775 0.853896
3 0.596505 0.93947 0.0423716 0.0899594 0.800583
3 0.296629 0.745141 0.0530949 0.0412336 0.794737
3 0.745656 0.806064 0.0657877 0.052944 0.754375
3 0.241305 0.065826 0.0172983 0.0359303 0.74405
3 0.762358 0.753887 0.0569691 0.036867 0.686677
3 0.745402 0.846854 0.0670573 0.0538631 0.643339
3 0.573169 0.533182 0.0304252 0.0554376 0.49741
3 0.441683 0.0169734 0.0215126 0.0336492 0.479796
9 0.389342 0.716878 0.0102108 0.0335436 0.476317
3 0.358401 0.528939 0.0191626 0.0572078 0.44774
5 0.253724 0.249523 0.0269969 0.0470593 0.390034
3 0.253768 0.25043 0.0268454 0.0450613 0.356747
0 0.558336 0.5994 0.00855233 0.0222316 0.34058
3 0.764567 0.709696 0.0507543 0.0345362 0.3128
4 0.46577 0.105964 0.0301294 0.0610664 0.294034
