3 0.377405 0.950161 0.0234159 0.0551491 0.847605
5 0.386974 0.746926 0.0390658 0.109008 0.84201
3 0.426913 0.591352 0.0118725 0.0226564 0.838828
3 0.417348 0.634126 0.0139366 0.0272838 0.828248
3 0.433952 0.549273 0.0115751 0.021077 0.817616
3 0.457994 0.907229 0.0331232 0.0251495 0.816281
3 0.471398 0.813355 0.034135 0.0231124 0.797797
5 0.472222 0.375284 0.0136806 0.0358201 0.797442
3 0.475644 0.645039 0.0259852 0.0175618 0.778511
3 0.323371 0.81898 0.034595 0.0221563 0.744256
5 0.445243 0.49114 0.0210791 0.0611673 0.728738
3 0.497811 0.497589 0.0157426 0.0131583 0.688703
5 0.480477 0.342021 0.010054 0.018097 0.681802
5 0.413926 0.730082 0.0398153 0.13427 0.656434
3 0.480334 0.564507 0.0148705 0.01508 0.588467
9 0.270921 0.962462 0.0167919 0.0180755 0.583499
9 0.252459 0.938511 0.0140546 0.0118752 0.514178
3 0.464084 0.423698 0.00934296 0.0127699 0.51263
3 0.409651 0.51342 0.0205928 0.0130665 0.511012
3 0.331372 0.800786 0.029257 0.0206899 0.467118
4 0.44994 0.658295 0.0157365 0.02447 0.464207
9 0.296068 0.960847 0.0154432 0.0192515 0.45654
3 0.458509 0.447363 0.00765154 0.0149856 0.419265
3 0.48362 0.547879 0.0200512 0.0138361 0.373247
9 0.329473 0.885079 0.00800476 0.0182037 0.343526
3 0.501623 0.444852 0.00995828 0.012643 0.34257
3 0.425643 0.467748 0.0124258 0.0145164 0.336356
3 0.431132 0.353371 0.0128772 0.0102186 0.326855
6 0.351377 0.691381 0.0209616 0.0160121 0.321471
3 0.509776 0.388867 0.0112697 0.0092336 0.30754
3 0.500073 0.501618 0.0164196 0.014169 0.303718
6 0.365418 0.646697 0.0192731 0.0135206 0.303353
3 0.490377 0.303327 0.0068117 0.0100965 0.300192
9 0.466141 0.574539 0.00532091 0.0138074 0.287174
3 0.420568 0.428104 0.0106054 0.00978876 0.286212
5 0.491937 0.28775 0.00610234 0.00953744 0.280581
5 0.328341 0.958885 0.0559588 0.0811874 0.267714
3 0.456577 0.529239 0.0106364 0.0202007 0.263378
3 0.403338 0.527197 0.0203638 0.0123367 0.262477
9 0.419869 0.803103 0.00874329 0.0167712 0.254962
