0 0.483611 0.428596 0.00756561 0.0281748 0.662375
0 0.473426 0.515071 0.00935438 0.0266205 0.498045
0 0.492694 0.421599 0.00759247 0.0299893 0.494216
0 0.559118 0.779189 0.00860003 0.0256778 0.48812
0 0.481743 0.534687 0.00829237 0.0300725 0.483939
9 0.457894 0.730913 0.0129944 0.0572167 0.464819
0 0.463928 0.453565 0.00965864 0.0278119 0.448201
0 0.486739 0.516607 0.00846013 0.0295843 0.428998
0 0.461608 0.45244 0.0107174 0.0279672 0.312851
9 0.43038 0.63463 0.0216055 0.0231834 0.259434
0 0.488359 0.51645 0.0107924 0.0273508 0.257305
0 0.490142 0.326722 0.00796186 0.0320299 0.25474
