4 0.624012 0.764468 0.0264453 0.0545529 0.898734
4 0.462234 0.918617 0.0290971 0.0797421 0.882119
5 0.489495 0.832925 0.0350167 0.0849244 0.874517
5 0.502107 0.949944 0.0337873 0.0829891 0.860707
5 0.635185 0.470483 0.0734957 0.0388966 0.859439
3 0.090658 0.699521 0.0332683 0.0436022 0.856093
3 0.651569 0.713262 0.0355923 0.0296456 0.85587
3 0.691833 0.831912 0.0430089 0.0330031 0.854519
3 0.581282 0.746599 0.0424467 0.030311 0.853053
3 0.459278 0.585052 0.0184074 0.0335314 0.851738
3 0.59335 0.687844 0.0336737 0.0344413 0.85158
8 0.552723 0.485475 0.0712561 0.0353313 0.851413
5 0.401864 0.761258 0.0421779 0.198186 0.850337
5 0.366371 0.467285 0.0318661 0.118948 0.849548
3 0.586671 0.714014 0.0387013 0.0342047 0.843619
4 0.581613 0.814964 0.0435375 0.0363004 0.84157
3 0.676307 0.792394 0.0464958 0.0314895 0.83993
3 0.406367 0.444823 0.0205423 0.0196785 0.839928
3 0.600678 0.657687 0.0325004 0.0377164 0.837895
5 0.484584 0.682368 0.0313398 0.0629476 0.83222
3 0.0933125 0.499844 0.0344794 0.0189844 0.828103
5 0.468214 0.715792 0.0476784 0.125244 0.822194
3 0.0591213 0.984081 0.0626592 0.031739 0.821831
3 0.66695 0.764689 0.0410801 0.032823 0.821582
4 0.70246 0.894484 0.0409608 0.0360113 0.816696
3 0.437467 0.462833 0.0246259 0.023374 0.805704
4 0.469518 0.631094 0.0185829 0.03633 0.804766
3 0.602762 0.849335 0.0439291 0.0329671 0.801522
3 0.696787 0.865009 0.046776 0.0342937 0.78234
5 0.0510934 0.506028 0.0504532 0.0310878 0.778773
5 0.444192 0.760197 0.0447634 0.195039 0.777366
5 0.868171 0.226639 0.0312725 0.0334507 0.776959
3 0.624733 0.428468 0.0270915 0.0163708 0.768259
5 0.507073 0.435749 0.034418 0.0393856 0.752769
5 0.439055 0.602528 0.0361672 0.0890172 0.718606
5 0.421222 0.655933 0.0496619 0.166918 0.70282
3 0.328354 0.27821 0.00886111 0.0131941 0.637372
3 0.134212 0.510735 0.0312747 0.0203499 0.621182
8 0.577504 0.392643 0.0570099 0.0270546 0.604234
4 0.476886 0.988756 0.0368342 0.0217784 0.571265
3 0.654515 0.743311 0.0391222 0.0355156 0.563767
4 0.655573 0.74252 0.0404739 0.0353251 0.555772
3 0.14807 0.481462 0.0263509 0.0197646 0.554068
5 0.946914 0.264256 0.0397754 0.0297468 0.553484
3 0.344334 0.228301 0.00888748 0.0141981 0.549892
5 0.980408 0.28731 0.0326294 0.0329421 0.543115
3 0.0742598 0.690037 0.0251903 0.0350271 0.540567
5 0.476022 0.988177 0.0373222 0.0236454 0.537901
3 0.32745 0.179535 0.00764877 0.0096075 0.533261
3 0.348777 0.268742 0.0100751 0.0125454 0.528075
5 0.650448 0.444122 0.0604814 0.0246297 0.515365
3 0.0510698 0.690393 0.0216782 0.0416863 0.513369
9 0.647658 0.689035 0.0171794 0.014489 0.507072
5 0.325546 0.348171 0.0167363 0.0428914 0.504764
3 0.134795 0.502645 0.0328143 0.0208443 0.50387
5 0.484729 0.483051 0.0358568 0.024086 0.487832
4 0.210763 0.375772 0.0222272 0.0185385 0.483084
5 0.578439 0.393001 0.0577898 0.0273071 0.472658
3 0.393839 0.159995 0.00895416 0.00904763 0.47208
5 0.545354 0.445733 0.0339634 0.0216775 0.458841
5 0.575063 0.421395 0.0568587 0.0250926 0.446601
5 0.506888 0.430009 0.0383873 0.0299457 0.446164
5 0.439441 0.676169 0.0854426 0.205412 0.440423
9 0.431231 0.535639 0.00655788 0.0124624 0.43503
3 0.633825 0.442853 0.0287736 0.0177424 0.429166
3 0.965452 0.300406 0.0229256 0.0167098 0.417301
3 0.532029 0.422839 0.0174373 0.0162691 0.412334
4 0.591598 0.442579 0.0351762 0.0255059 0.406313
3 0.00348676 0.494636 0.00693885 0.023633 0.384953
5 0.62118 0.399187 0.0499442 0.0331084 0.379791
9 0.210605 0.645715 0.00894278 0.0143873 0.355029
8 0.325087 0.348257 0.016444 0.0434236 0.354211
5 0.504426 0.426086 0.0355579 0.0218521 0.349915
8 0.575284 0.421692 0.0592651 0.0262578 0.336546
9 0.18495 0.784322 0.00881642 0.017221 0.325889
3 0.348368 0.266261 0.00934834 0.015862 0.309245
3 0.346363 0.186806 0.00630014 0.0100972 0.304627
5 0.932754 0.221749 0.0239056 0.0221662 0.301836
9 0.441652 0.401435 0.00911429 0.0138724 0.289721
5 0.880663 0.21318 0.0530575 0.0315489 0.28714
5 0.311123 0.255423 0.0134386 0.0306144 0.279021
5 0.00916963 0.646334 0.0181968 0.0630741 0.277935
5 0.43587 0.721377 0.0711757 0.230335 0.277634
5 0.915866 0.274056 0.0341095 0.0236242 0.272523
9 0.478949 0.418141 0.0113646 0.0138391 0.271592
5 0.435747 0.758616 0.0641876 0.200227 0.268426
3 0.388988 0.143865 0.00967647 0.0124963 0.260325
0 0.154472 0.386726 0.00564022 0.011727 0.256578
1 0.431092 0.532769 0.00544499 0.0155397 0.254436
9 0.634723 0.590136 0.00841867 0.017143 0.250787
