9 0.880078 0.598417 0.027597 0.0291768 0.687277
0 0.804318 0.630508 0.0170316 0.0203958 0.645185
0 0.330691 0.471663 0.0166617 0.0213979 0.586152
0 0.406917 0.425666 0.00979479 0.0244084 0.501287
9 0.811992 0.454317 0.0224609 0.041489 0.499257
3 0.0207714 0.959334 0.0396252 0.0811483 0.466454
9 0.887571 0.487728 0.0231506 0.02717 0.363545
3 0.0814293 0.949807 0.0356719 0.0983937 0.32046
7 0.142317 0.923654 0.0392575 0.13606 0.311846
9 0.883379 0.440001 0.0200718 0.0291523 0.308735
0 0.766264 0.54516 0.0163808 0.0210766 0.287099
1 0.446356 0.518738 0.0149831 0.0198635 0.270023
0 0.763887 0.645122 0.0138654 0.0220361 0.257091
0 0.283356 0.98942 0.0175865 0.021159 0.256274
