3 0.517456 0.898573 0.0737541 0.0753997 0.908476
3 0.309663 0.15601 0.0553897 0.0542215 0.895861
3 0.644143 0.86694 0.0698111 0.0739994 0.893562
3 0.502771 0.285389 0.059935 0.0609329 0.883664
3 0.743727 0.78883 0.0697062 0.0681185 0.87852
3 0.420339 0.540843 0.0658002 0.0711407 0.87673
5 0.334301 0.475866 0.0919856 0.0861687 0.875911
3 0.590845 0.669482 0.0684591 0.068349 0.873046
4 0.193446 0.365583 0.0586379 0.0619169 0.865555
4 0.362563 0.198203 0.0554888 0.0590241 0.865309
3 0.0222736 0.028118 0.0443923 0.0560392 0.862357
3 0.45691 0.308557 0.0568478 0.0576945 0.848389
4 0.675422 0.734072 0.0707184 0.0724387 0.781429
4 0.844644 0.510189 0.0658505 0.0594628 0.765693
3 0.014466 0.21439 0.0289074 0.0598072 0.760705
3 0.463389 0.977016 0.0725392 0.0456131 0.678619
3 0.545663 0.797277 0.0664297 0.0904572 0.668897
3 0.0625618 0.264145 0.0606676 0.064308 0.613482
0 0.585458 0.487503 0.0145818 0.0163341 0.553973
2 0.417052 0.922208 0.0255591 0.0189013 0.535751
9 0.255714 0.547999 0.0218164 0.0272044 0.48803
6 0.702655 0.461315 0.0350106 0.0357502 0.484089
4 0.0638763 0.264396 0.0610467 0.0665812 0.458249
4 0.531919 0.626391 0.0585038 0.0667512 0.449297
0 0.0667483 0.408073 0.0148612 0.0187049 0.448173
3 0.675418 0.734192 0.0711452 0.0745605 0.441403
0 0.218484 0.461587 0.0180773 0.013515 0.391271
9 0.506366 0.741331 0.0149574 0.0283387 0.375302
0 0.0647428 0.414307 0.0190335 0.0238716 0.365556
9 0.666976 0.40538 0.0228397 0.0361993 0.32231
9 0.090864 0.0131804 0.0225733 0.0262739 0.31503
2 0.417922 0.917013 0.0260093 0.0198303 0.279688
0 0.231276 0.328898 0.0130526 0.0226603 0.259424
