0 0.889946 0.329254 0.00826678 0.0202746 0.559226
0 0.0555669 0.525556 0.00868559 0.0223091 0.448403
0 0.20312 0.237382 0.00679064 0.0247057 0.444374
0 0.683983 0.444076 0.00785265 0.0234823 0.439067
0 0.659207 0.391715 0.00635947 0.0176515 0.340691
0 0.332598 0.937678 0.0120057 0.0255111 0.322313
0 0.319503 0.779967 0.00901786 0.0332422 0.317584
1 0.15869 0.797346 0.0132884 0.0281386 0.31274
0 0.67807 0.416369 0.00826521 0.022671 0.308655
0 0.260844 0.361434 0.00920275 0.0229921 0.299709
0 0.29637 0.732666 0.0104429 0.0269726 0.297712
1 0.103654 0.743037 0.0135634 0.0239258 0.283956
0 0.709003 0.43411 0.00594596 0.0216727 0.283355
0 0.269782 0.349076 0.00750179 0.0244536 0.281436
0 0.552273 0.631261 0.00819188 0.0211332 0.28101
0 0.267176 0.328024 0.00604353 0.0229265 0.274438
1 0.106106 0.74805 0.0154673 0.0308857 0.273878
0 0.684513 0.391029 0.00657676 0.0232479 0.266604
0 0.289039 0.740048 0.0113088 0.0293 0.265207
0 0.270634 0.320666 0.00701815 0.0214236 0.261219
0 0.337196 0.94901 0.0203283 0.0380526 0.260826
0 0.28594 0.732732 0.00941772 0.0279439 0.259022
1 0.333395 0.591033 0.0142109 0.0212291 0.257061
0 0.28957 0.749907 0.0113811 0.0292887 0.250925
