3 0.600315 0.94314 0.0376939 0.0418054 0.855523
3 0.631814 0.551315 0.0119284 0.0331383 0.804418
3 0.624904 0.626658 0.0136397 0.033534 0.784232
3 0.632015 0.501464 0.0112913 0.0256863 0.777982
8 0.299744 0.885397 0.0499431 0.127063 0.767364
3 0.667403 0.640161 0.0202041 0.0380971 0.7545
3 0.359276 0.675942 0.0279135 0.0274873 0.745196
5 0.331946 0.874056 0.034612 0.0830048 0.732942
3 0.377474 0.578607 0.0269756 0.0212313 0.719571
3 0.494982 0.42108 0.012184 0.0274975 0.693063
3 0.629676 0.163503 0.00646018 0.011026 0.678034
3 0.618233 0.303425 0.00943233 0.0166348 0.650632
4 0.239709 0.942936 0.0308709 0.0630897 0.642711
3 0.239865 0.943058 0.0302623 0.0630186 0.613261
3 0.648294 0.551374 0.0119 0.0289044 0.557756
9 0.369781 0.536631 0.00863663 0.0123515 0.545682
3 0.455518 0.400039 0.0124657 0.0220442 0.53619
4 0.396266 0.517787 0.0222738 0.0179881 0.496165
3 0.494427 0.281741 0.0176771 0.0135595 0.483259
3 0.508133 0.240204 0.0133984 0.0087178 0.482775
3 0.514355 0.227074 0.0161766 0.00914568 0.482392
3 0.492595 0.284352 0.0163811 0.0127794 0.480535
3 0.643085 0.660846 0.0154553 0.0396525 0.477493
3 0.624532 0.683977 0.0243497 0.0441312 0.474068
3 0.528401 0.190063 0.0153339 0.00947132 0.463873
5 0.624142 0.683913 0.02526 0.0447896 0.452351
3 0.481423 0.297118 0.0162632 0.0128613 0.45089
4 0.661901 0.584642 0.0253261 0.0227611 0.42011
3 0.678553 0.162638 0.00812208 0.0100608 0.414565
3 0.471402 0.390007 0.0112903 0.0217604 0.403759
3 0.632848 0.112383 0.00576303 0.00932754 0.40313
3 0.564787 0.142421 0.00794107 0.00996252 0.401992
3 0.511461 0.227611 0.014827 0.0101106 0.376992
3 0.563588 0.143445 0.00565046 0.0131564 0.373409
3 0.657081 0.699152 0.0245592 0.0371485 0.363249
3 0.502956 0.273837 0.0141325 0.0130759 0.358282
3 0.541103 0.160254 0.013483 0.0100844 0.347239
3 0.58225 0.361793 0.00885393 0.0227961 0.337095
3 0.491139 0.28656 0.0160314 0.0117491 0.31643
3 0.543209 0.153764 0.0125387 0.00852369 0.308486
3 0.666807 0.38633 0.0150759 0.015419 0.300881
3 0.640175 0.0963447 0.00725521 0.00962194 0.295912
3 0.51592 0.220313 0.0142435 0.0102223 0.293205
3 0.547904 0.145474 0.013101 0.00833002 0.265667
