8 0.0717977 0.658367 0.142999 0.151771 0.80551
0 0.497102 0.41583 0.00920554 0.0298171 0.750955
0 0.597488 0.783297 0.0108561 0.0221843 0.747611
0 0.451135 0.625769 0.0141838 0.0275814 0.713735
0 0.602911 0.952954 0.00874233 0.0292351 0.709562
0 0.469053 0.341156 0.0107197 0.0361272 0.698021
0 0.570849 0.928032 0.0152742 0.0272929 0.696792
0 0.552969 0.848595 0.0107621 0.0297244 0.690697
0 0.481055 0.102525 0.00788592 0.0335051 0.685949
0 0.5396 0.599825 0.0101263 0.0340889 0.637558
0 0.450771 0.934115 0.0139143 0.026357 0.633989
0 0.564291 0.550143 0.0110794 0.0334035 0.633835
0 0.596207 0.645862 0.0108493 0.0323967 0.626702
0 0.4523 0.875257 0.016128 0.0217852 0.621345
0 0.545361 0.954271 0.0115458 0.0200689 0.609544
0 0.557441 0.551297 0.0110999 0.0305114 0.582081
0 0.455742 0.568899 0.0114514 0.0284768 0.521831
0 0.470319 0.0961025 0.00831377 0.0341101 0.49255
0 0.536438 0.950559 0.0107889 0.02468 0.466425
0 0.51573 0.380532 0.0108445 0.0281711 0.464053
0 0.53915 0.587574 0.0100605 0.0253415 0.445635
0 0.447441 0.760086 0.0131051 0.0318035 0.427288
5 0.0719927 0.504368 0.142852 0.194932 0.415144
0 0.510889 0.393126 0.00963994 0.0265133 0.403422
0 0.456459 0.564415 0.0113833 0.0215078 0.345551
0 0.596908 0.628024 0.0104368 0.0338998 0.314331
0 0.444615 0.835622 0.0151861 0.0232044 0.291042
0 0.513732 0.395177 0.0120121 0.0270996 0.271924
0 0.538196 0.955071 0.0100326 0.0223011 0.265701
0 0.514167 0.570595 0.00986141 0.0270103 0.263047
