3 0.335679 0.891388 0.0917967 0.100686 0.933603
3 0.800489 0.748583 0.0779873 0.0852188 0.917714
3 0.167062 0.968817 0.0977545 0.0618515 0.901161
3 0.662566 0.573618 0.0376215 0.0828115 0.892106
3 0.474318 0.462954 0.0330053 0.0772161 0.886995
3 0.599547 0.432693 0.0345326 0.0702918 0.883062
3 0.639342 0.414404 0.0338972 0.0655432 0.880467
3 0.477152 0.772988 0.038223 0.10797 0.867752
3 0.601042 0.289941 0.0595098 0.0429965 0.86732
3 0.648803 0.493563 0.0332098 0.0721947 0.856583
3 0.626144 0.34536 0.0354204 0.0655091 0.84815
3 0.588751 0.350105 0.0327347 0.0697471 0.836565
3 0.469222 0.201927 0.0246141 0.0493102 0.829166
3 0.47984 0.551579 0.0335442 0.0920618 0.817543
3 0.471587 0.256698 0.0288389 0.0622322 0.809774
3 0.469026 0.108187 0.0237257 0.0467947 0.808217
3 0.59913 0.00943107 0.0495108 0.0188621 0.803634
3 0.594893 0.152124 0.0241682 0.0431101 0.802494
3 0.469486 0.154277 0.0244989 0.049912 0.789868
3 0.58838 0.11389 0.0235512 0.0395978 0.751535
9 0.743711 0.626493 0.0242767 0.0322188 0.73004
9 0.472768 0.657418 0.040669 0.02117 0.676514
9 0.478741 0.608399 0.0290857 0.0177477 0.652814
9 0.475383 0.632821 0.0403738 0.0211822 0.650395
9 0.573287 0.0572068 0.0202295 0.0202839 0.63463
3 0.610458 0.537204 0.0403544 0.0861965 0.604025
9 0.727355 0.593466 0.020383 0.0303281 0.587202
9 0.608456 0.472536 0.0281776 0.0202071 0.578531
9 0.704597 0.547783 0.0279361 0.0281049 0.539457
0 0.578194 0.175659 0.00918675 0.0236935 0.501951
4 0.610701 0.538445 0.0410938 0.0859888 0.471028
9 0.586703 0.0815882 0.0232205 0.0198417 0.39676
3 0.465779 0.06897 0.0326765 0.0419706 0.387656
9 0.585883 0.0742536 0.0230698 0.0182725 0.387244
9 0.616011 0.260322 0.0265423 0.0208092 0.385161
0 0.684448 0.415992 0.0121946 0.0240236 0.378782
0 0.260499 0.887712 0.0138751 0.0380604 0.333388
9 0.605227 0.470867 0.0307295 0.0227467 0.313142
3 0.455553 0.0327839 0.0389256 0.0312718 0.274401
0 0.587971 0.833144 0.015346 0.0200157 0.26817
