6 0.570406 0.392076 0.0253237 0.0727048 0.823411
6 0.558058 0.701344 0.0224898 0.102734 0.814019
6 0.569306 0.245901 0.0161508 0.0529453 0.720282
7 0.813655 0.834614 0.091069 0.103999 0.665193
0 0.495022 0.600653 0.012186 0.0551133 0.572978
7 0.586552 0.824488 0.0280589 0.123576 0.557914
6 0.539701 0.26036 0.0274065 0.0630506 0.548344
9 0.646306 0.949975 0.0285336 0.0727869 0.545869
5 0.628738 0.600252 0.0338631 0.116686 0.492872
7 0.668124 0.702004 0.046343 0.100258 0.492765
6 0.59283 0.622091 0.0202131 0.0784586 0.480159
7 0.628599 0.600615 0.0337826 0.11559 0.470729
0 0.579217 0.153989 0.0098768 0.0364232 0.445951
1 0.56122 0.333389 0.015022 0.0386909 0.422995
9 0.644985 0.207053 0.0125785 0.030358 0.419009
6 0.586414 0.824625 0.0285267 0.123927 0.396917
9 0.592812 0.618923 0.0198829 0.0736298 0.381705
1 0.632862 0.30002 0.0160687 0.0295058 0.36893
1 0.561626 0.574058 0.0192052 0.0593209 0.352809
1 0.52511 0.420593 0.0172043 0.0425825 0.33032
6 0.626546 0.319792 0.027405 0.0554082 0.326266
0 0.508653 0.121709 0.0101644 0.0282929 0.321282
1 0.506245 0.961536 0.0244923 0.0507331 0.312559
6 0.597846 0.017902 0.0172344 0.0296858 0.266853
6 0.631718 0.323919 0.0373602 0.0612054 0.263611
6 0.470132 0.652518 0.0228224 0.0752369 0.25791
3 0.618647 0.142226 0.0344996 0.0462436 0.254464
0 0.729348 0.901654 0.0199663 0.0718756 0.251254
