0 0.480318 0.494076 0.00844391 0.0257546 0.621055
0 0.407612 0.642454 0.00999115 0.0170098 0.61891
0 0.480498 0.686519 0.00887281 0.0151186 0.615716
0 0.503092 0.550095 0.00933764 0.0248721 0.610905
0 0.490855 0.546637 0.00932983 0.0220695 0.593128
0 0.48409 0.764261 0.0103464 0.0191796 0.576714
0 0.523239 0.817297 0.0112119 0.0227279 0.501131
0 0.417609 0.0156762 0.0100319 0.0299054 0.493463
0 0.544243 0.79567 0.0117544 0.0195029 0.49017
0 0.543955 0.94047 0.00990875 0.0238208 0.489248
0 0.501363 0.35313 0.00980002 0.0291221 0.489017
0 0.482668 0.176396 0.00976458 0.0275875 0.488227
0 0.431719 0.349665 0.00888999 0.026761 0.487984
0 0.433261 0.0639523 0.0082162 0.0317657 0.473962
0 0.465187 0.428345 0.0090312 0.021345 0.463344
0 0.439698 0.027076 0.00896053 0.0340141 0.46327
0 0.497562 0.71141 0.0121939 0.0207475 0.458816
0 0.468672 0.330995 0.0102876 0.0266736 0.451361
0 0.388375 0.66146 0.00958967 0.0234025 0.448512
0 0.434994 0.2101 0.00861128 0.027674 0.442717
0 0.517437 0.640945 0.00889034 0.0208027 0.440859
0 0.437919 0.258435 0.00879626 0.0317515 0.43918
0 0.45605 0.295068 0.00884835 0.0265689 0.422749
0 0.428627 0.155799 0.00947588 0.0270892 0.420753
0 0.36775 0.355585 0.0107882 0.0226557 0.42054
0 0.423088 0.20362 0.00891593 0.0346343 0.417077
0 0.45422 0.0291493 0.0087388 0.0263263 0.415035
0 0.429732 0.673869 0.00977696 0.0160444 0.413051
0 0.501552 0.728865 0.0103544 0.0169703 0.405506
0 0.503488 0.54397 0.0101801 0.025628 0.403734
0 0.483629 0.322956 0.0114943 0.0295511 0.397322
0 0.538673 0.758313 0.0118482 0.0179338 0.395545
0 0.446827 0.293084 0.00891379 0.0258216 0.395131
0 0.397863 0.188816 0.0101077 0.031958 0.393869
0 0.529246 0.638163 0.0106318 0.0204503 0.393787
0 0.444956 0.184614 0.00834922 0.0262962 0.388357
0 0.469395 0.209632 0.00793248 0.030483 0.386344
0 0.491311 0.736174 0.008926 0.017651 0.386152
0 0.440817 0.0327053 0.00845054 0.0384292 0.379774
0 0.544345 0.945167 0.01017 0.0196976 0.379422
0 0.444938 0.3382 0.00837965 0.0249978 0.375398
0 0.492539 0.208105 0.0080351 0.0250355 0.36611
0 0.518894 0.397496 0.00931606 0.0233722 0.365965
0 0.459789 0.538613 0.0110348 0.0162281 0.363937
0 0.551356 0.945332 0.0214599 0.0194714 0.350238
0 0.479885 0.227324 0.00794316 0.0258059 0.349906
0 0.434302 0.184996 0.00825405 0.0247509 0.346509
0 0.483349 0.276236 0.00972804 0.0229954 0.345637
0 0.49319 0.619141 0.00809086 0.018153 0.344858
0 0.455701 0.33721 0.00920218 0.0261132 0.343366
0 0.500478 0.711839 0.0116022 0.0186598 0.341971
0 0.456933 0.474746 0.00848131 0.0222512 0.341553
0 0.454577 0.585497 0.00993805 0.0168379 0.336908
0 0.532001 0.859937 0.00797891 0.0209524 0.33634
0 0.432124 0.0956891 0.00813982 0.0265529 0.335368
0 0.47621 0.433307 0.0101362 0.0290994 0.332623
0 0.463081 0.500838 0.0113824 0.0214319 0.33012
0 0.446088 0.0746049 0.0087527 0.0239138 0.329395
0 0.547822 0.660793 0.0117971 0.0168184 0.327011
0 0.481459 0.316266 0.0103557 0.0260511 0.322532
0 0.496362 0.298194 0.00892661 0.0283503 0.314869
0 0.423572 0.212928 0.00965175 0.0277934 0.307484
0 0.591693 0.904264 0.014547 0.0196594 0.304661
0 0.411292 0.0877867 0.0100943 0.0283242 0.304009
0 0.406026 0.176969 0.0104148 0.0300865 0.303522
0 0.469947 0.671943 0.011458 0.0160361 0.302419
0 0.420695 0.0739054 0.00941716 0.0276764 0.300844
0 0.478149 0.127107 0.00882272 0.0273535 0.30069
0 0.442148 0.0984848 0.00894108 0.0276525 0.296951
0 0.419549 0.0919271 0.0105324 0.0292952 0.293124
0 0.354611 0.406955 0.0082903 0.0160406 0.292582
0 0.497918 0.301502 0.00890176 0.0304516 0.288831
0 0.453595 0.0508212 0.00934884 0.0287883 0.288801
0 0.465985 0.241542 0.00884269 0.0264806 0.284613
0 0.493027 0.219125 0.00860622 0.0324446 0.284323
0 0.355457 0.492063 0.00813559 0.0234388 0.274876
0 0.524865 0.813467 0.0112148 0.0197292 0.2703
0 0.406001 0.0491758 0.0102633 0.0286566 0.266705
0 0.482645 0.279072 0.0102612 0.0257828 0.263662
0 0.436986 0.6083 0.0116695 0.0152035 0.263237
0 0.395507 0.295397 0.00781525 0.0236333 0.262837
0 0.460801 0.263797 0.00917528 0.0258222 0.262282
0 0.448081 0.714218 0.0119225 0.0144654 0.260094
0 0.477757 0.618528 0.00802538 0.017005 0.257989
0 0.459997 0.490542 0.010235 0.0243228 0.257774
0 0.458148 0.477336 0.00941707 0.0232797 0.25583
0 0.38701 0.663515 0.0115272 0.0206491 0.254586
0 0.457466 0.137324 0.0085621 0.0267924 0.252921
0 0.386617 0.33046 0.0107382 0.0204453 0.251535
