4 0.371808 0.616076 0.0366492 0.031867 0.868234
3 0.352655 0.656133 0.0401094 0.0318773 0.854616
4 0.396028 0.561704 0.0354648 0.025208 0.850717
3 0.745306 0.415758 0.015843 0.0211407 0.818893
3 0.455926 0.421847 0.0267193 0.0198129 0.739646
3 0.499323 0.464599 0.0166031 0.0339761 0.677225
3 0.416026 0.513494 0.0336145 0.0218012 0.636313
6 0.326646 0.719417 0.0325574 0.0268311 0.543814
4 0.416494 0.535572 0.0278161 0.023598 0.491296
3 0.474751 0.37387 0.023708 0.0179911 0.47689
7 0.326745 0.719226 0.0327664 0.0270249 0.473482
4 0.485612 0.358447 0.0164581 0.0228271 0.4606
3 0.465533 0.400302 0.0271153 0.0194293 0.443235
3 0.216731 0.987237 0.0780077 0.0252305 0.405735
3 0.200681 0.986909 0.048463 0.0259254 0.391926
3 0.418025 0.49703 0.0295181 0.0204366 0.340249
4 0.274713 0.923052 0.0599779 0.0797442 0.336875
3 0.727696 0.358916 0.0132733 0.0265278 0.336035
3 0.475254 0.379624 0.0246099 0.0188438 0.326295
3 0.725663 0.34699 0.0116396 0.0126984 0.27841
3 0.465683 0.396161 0.0254965 0.0196928 0.272826
4 0.520647 0.271202 0.0160093 0.0265992 0.272207
