0 0.545884 0.52551 0.00757904 0.033107 0.790079
3 0.398075 0.328368 0.0357051 0.0179094 0.789728
3 0.0673809 0.334913 0.0267948 0.0210673 0.779585
0 0.496792 0.506357 0.00732784 0.0276271 0.753028
0 0.518865 0.72841 0.0117191 0.0404403 0.743665
0 0.447605 0.490505 0.00779236 0.0280998 0.742123
0 0.497119 0.454319 0.00676078 0.0228976 0.738864
0 0.556477 0.551129 0.00893938 0.0300397 0.731503
0 0.467096 0.460143 0.0062704 0.0213078 0.707445
0 0.471377 0.388904 0.00622219 0.0216831 0.707075
0 0.514604 0.538454 0.0083347 0.029455 0.705239
0 0.465779 0.545104 0.00677734 0.0279851 0.695104
0 0.568852 0.548964 0.010115 0.0324772 0.682191
0 0.520571 0.450287 0.00698146 0.0224814 0.670411
0 0.531231 0.487493 0.00723175 0.0263181 0.668129
0 0.512892 0.483894 0.00592202 0.0258713 0.663522
0 0.463984 0.507628 0.00712939 0.0280843 0.655129
0 0.497205 0.419305 0.00691833 0.0196132 0.646632
0 0.486713 0.484823 0.00742436 0.0277711 0.638877
0 0.490671 0.398702 0.00657715 0.0206095 0.638355
0 0.567366 0.547967 0.0095806 0.0327411 0.60995
0 0.527666 0.505476 0.00754608 0.0245512 0.6027
0 0.507613 0.432282 0.00613068 0.0220903 0.581329
0 0.485482 0.486036 0.00847159 0.0285741 0.556666
3 0.325683 0.338272 0.029292 0.0163979 0.537657
0 0.460456 0.441035 0.00841561 0.0255412 0.469939
0 0.473232 0.420491 0.00896432 0.0198874 0.467161
0 0.53199 0.485008 0.00695378 0.0258972 0.463291
0 0.514082 0.482874 0.00933986 0.0248638 0.440039
0 0.447444 0.390233 0.00739633 0.0225201 0.439637
0 0.421504 0.421737 0.00753728 0.0265211 0.408824
3 0.357717 0.335468 0.0323703 0.016561 0.351891
0 0.474304 0.422513 0.00694654 0.0227733 0.329238
0 0.418489 0.389355 0.00607439 0.0212511 0.30364
0 0.564355 0.550093 0.00816424 0.0330866 0.294651
0 0.532989 0.486774 0.00906917 0.0260329 0.288106
0 0.44667 0.384031 0.00593205 0.0204158 0.285919
0 0.476165 0.42168 0.0101708 0.0190586 0.284441
0 0.511388 0.482715 0.0102762 0.0242805 0.281136
3 0.357459 0.332878 0.0300136 0.0161927 0.279762
0 0.45251 0.420843 0.00749991 0.0211239 0.279293
0 0.461987 0.441199 0.00677242 0.0245633 0.27497
0 0.422025 0.414811 0.00683123 0.0249975 0.267654
0 0.24571 0.345505 0.00689697 0.0198172 0.257356
0 0.43238 0.463784 0.00636235 0.0230543 0.252944
