0 0.160829 0.309984 0.0140531 0.0258258 0.688301
0 0.523581 0.17112 0.0100725 0.033829 0.633662
5 0.197471 0.859085 0.177325 0.151081 0.61954
5 0.292348 0.344675 0.088602 0.062267 0.507485
3 0.292251 0.345584 0.087109 0.0618709 0.493495
0 0.595294 0.671316 0.00953448 0.0226276 0.483097
0 0.530501 0.217199 0.00774841 0.0278771 0.481848
3 0.325009 0.0796496 0.0843738 0.0831778 0.476697
5 0.303933 0.287109 0.09316 0.0623519 0.468333
3 0.328929 0.493358 0.085012 0.0716794 0.458047
9 0.640773 0.341611 0.0120037 0.0354172 0.457122
0 0.28294 0.495306 0.0205135 0.0191367 0.454584
3 0.30451 0.287397 0.0949215 0.064725 0.412029
0 0.627767 0.755326 0.0127482 0.0508852 0.375795
0 0.628198 0.743675 0.0105839 0.0329381 0.366503
3 0.35713 0.540767 0.0756453 0.0613575 0.351554
3 0.328295 0.646726 0.0841679 0.0676974 0.342977
0 0.91091 0.565947 0.0211416 0.0294746 0.339799
5 0.295602 0.187034 0.137046 0.138267 0.326787
0 0.530424 0.0788987 0.0092664 0.039758 0.3194
0 0.525507 0.170391 0.0115475 0.03327 0.288588
0 0.636009 0.27344 0.0124382 0.0252676 0.282327
5 0.328581 0.491578 0.085549 0.0700755 0.280906
0 0.540839 0.0848922 0.012917 0.0362253 0.275309
0 0.245255 0.448102 0.0164639 0.015805 0.259978
