3 0.333597 0.476151 0.0363303 0.058645 0.901445
3 0.64193 0.790698 0.0633355 0.0551262 0.896579
3 0.556759 0.649053 0.0612417 0.0569585 0.887337
3 0.492263 0.677362 0.0631163 0.0505881 0.884253
3 0.357531 0.54492 0.041435 0.0704861 0.881863
3 0.62055 0.625804 0.0601946 0.0508339 0.87918
3 0.0654839 0.460546 0.0320055 0.0664817 0.876775
3 0.236113 0.305148 0.0319945 0.0476773 0.874372
3 0.215967 0.152047 0.0291999 0.0470573 0.873198
3 0.197115 0.801391 0.0488269 0.0837219 0.871839
3 0.309802 0.400845 0.0374653 0.0625121 0.867749
3 0.283589 0.340508 0.0354926 0.0595826 0.863999
3 0.179893 0.156757 0.024139 0.0513962 0.863499
3 0.039209 0.326418 0.0298537 0.0585741 0.857173
3 0.710731 0.756218 0.0645173 0.0554896 0.854161
3 0.0212489 0.25055 0.0325104 0.0576044 0.799539
3 0.259007 0.273507 0.0288057 0.0482016 0.787755
3 0.18244 0.059946 0.0266227 0.0446933 0.782077
9 0.372726 0.902604 0.0175019 0.0405909 0.759785
4 0.265671 0.398253 0.0327685 0.0553665 0.721416
3 0.0112248 0.190945 0.0224356 0.0580038 0.688193
3 0.922851 0.656162 0.0593345 0.0561531 0.644084
9 0.618856 0.581911 0.0117122 0.0320517 0.610175
9 0.310041 0.603294 0.0134031 0.0297252 0.585942
3 0.167685 0.0123059 0.0251217 0.0239656 0.567551
3 0.538583 0.979572 0.0385361 0.0404807 0.555904
9 0.582916 0.601779 0.0127032 0.0310749 0.547883
9 0.651757 0.571357 0.0143118 0.0349172 0.543916
4 0.843647 0.6879 0.0575096 0.0468101 0.542683
9 0.628625 0.579284 0.0113613 0.0305437 0.497725
9 0.536674 0.61843 0.0135374 0.0319284 0.471722
9 0.641383 0.574295 0.011652 0.033218 0.430829
3 0.843904 0.68826 0.0576716 0.0469017 0.429417
9 0.517119 0.619232 0.0109512 0.029992 0.422139
9 0.648199 0.571421 0.0147523 0.0351127 0.407129
9 0.557364 0.606322 0.0125189 0.0365168 0.314329
9 0.626275 0.578017 0.0130251 0.0301745 0.285573
5 0.966263 0.645653 0.0573589 0.059876 0.262879
