3 0.543493 0.624247 0.0147852 0.0312106 0.800232
3 0.608889 0.972055 0.0171834 0.0348022 0.797296
3 0.237277 0.235267 0.0255222 0.0193684 0.796641
3 0.219014 0.0557607 0.0131277 0.0282683 0.791542
3 0.684494 0.590486 0.0224998 0.0208197 0.787726
3 0.564207 0.74865 0.0128758 0.0373851 0.783626
5 0.313112 0.0974336 0.0327132 0.0241861 0.783007
5 0.139941 0.168429 0.0659611 0.0409887 0.770167
3 0.845088 0.957768 0.0245651 0.0239456 0.76714
3 0.247344 0.565175 0.0125056 0.0236796 0.760351
3 0.286376 0.0389549 0.0111995 0.0297435 0.754088
3 0.634542 0.709123 0.0216042 0.0204335 0.748888
5 0.176109 0.286956 0.0563878 0.044987 0.746456
3 0.776427 0.969946 0.0217295 0.0191539 0.74448
5 0.160152 0.240909 0.044881 0.0390114 0.739045
3 0.564737 0.949502 0.0146202 0.0368422 0.735911
5 0.0369591 0.308247 0.0693219 0.041631 0.735215
3 0.645733 0.578142 0.0208963 0.0213721 0.734393
3 0.530805 0.0139842 0.0106153 0.0272511 0.71627
3 0.660393 0.0561773 0.0241123 0.0172234 0.712822
5 0.315934 0.0746794 0.0340361 0.0272198 0.708138
5 0.0515219 0.368295 0.0658452 0.0417099 0.701276
3 0.318168 0.423178 0.0234949 0.020406 0.696769
5 0.0267783 0.247078 0.0525505 0.0402315 0.693177
3 0.177733 0.0397718 0.0119038 0.0300396 0.691683
3 0.775727 0.962068 0.0212229 0.0242497 0.682613
3 0.23639 0.0515547 0.0118586 0.0315041 0.675221
3 0.458508 0.440473 0.0108793 0.0368327 0.669019
3 0.580596 0.0344755 0.0113557 0.0335767 0.658215
5 0.0245001 0.228214 0.0486433 0.040842 0.655593
3 0.610884 0.057023 0.0236801 0.0177686 0.652449
3 0.622123 0.624568 0.0207665 0.0179576 0.651791
5 0.55411 0.693961 0.0197617 0.0442769 0.650503
5 0.433892 0.104698 0.0130091 0.0542197 0.65008
3 0.614835 0.029057 0.0217323 0.01534 0.645568
3 0.859536 0.917456 0.0239387 0.0242836 0.638335
5 0.144095 0.192654 0.0559797 0.038598 0.63635
5 0.211453 0.200904 0.0564962 0.0392975 0.635741
5 0.149886 0.216686 0.0514456 0.036039 0.635265
3 0.644325 0.537339 0.0209312 0.019509 0.633091
3 0.693158 0.791 0.0121361 0.0369169 0.629623
3 0.588582 0.898912 0.0120888 0.0394397 0.628314
3 0.62649 0.651816 0.0222093 0.0186441 0.623053
5 0.187454 0.133477 0.0564413 0.024432 0.620977
5 0.0184923 0.340283 0.0364513 0.0298589 0.62076
3 0.656548 0.597953 0.0187933 0.0167231 0.61718
3 0.742694 0.983817 0.0248996 0.0261984 0.612446
3 0.298245 0.0291792 0.0121032 0.0289269 0.60978
3 0.621115 0.615827 0.020913 0.0168602 0.597468
4 0.555688 0.494813 0.0136629 0.0381857 0.592423
5 0.289589 0.363287 0.0198567 0.0415736 0.588718
3 0.691584 0.786743 0.0115509 0.0296392 0.588168
8 0.396829 0.0818165 0.0156403 0.0798771 0.587536
3 0.657831 0.611914 0.0176264 0.0157481 0.586
3 0.643903 0.532431 0.0214744 0.0167955 0.578932
3 0.62784 0.679483 0.0231624 0.0196623 0.576592
3 0.638429 0.726419 0.0183979 0.0210676 0.575863
3 0.800617 0.930088 0.0232626 0.0219932 0.572828
3 0.670036 0.642989 0.0195397 0.0157509 0.565851
5 0.0834858 0.0553285 0.0152422 0.0462442 0.565032
3 0.684414 0.558339 0.0208107 0.0220533 0.56163
3 0.574898 0.810078 0.0131181 0.0297593 0.560408
3 0.70748 0.793359 0.0105221 0.0269664 0.557517
3 0.568546 0.0350601 0.0122537 0.0354119 0.556766
3 0.659108 0.0733032 0.0242913 0.0156388 0.554629
3 0.631634 0.692723 0.019479 0.0180147 0.546408
5 0.0691302 0.0581133 0.0152595 0.0480218 0.54013
3 0.20797 0.520616 0.014865 0.0282103 0.538154
5 0.173336 0.363621 0.0204904 0.0406377 0.533803
3 0.664278 0.627277 0.0204176 0.016025 0.5271
3 0.705831 0.577373 0.022253 0.0206323 0.525673
5 0.0154122 0.152038 0.0306403 0.0355794 0.523138
3 0.59281 0.0316805 0.00985679 0.0320365 0.514434
3 0.662843 0.623368 0.0186138 0.0161527 0.49782
5 0.0238414 0.274284 0.0466123 0.0346276 0.495309
3 0.671941 0.652397 0.0194895 0.0179195 0.495034
3 0.191172 0.0383415 0.0129291 0.0330123 0.492304
3 0.573942 0.80016 0.013454 0.0400281 0.484656
3 0.684033 0.672894 0.013492 0.017065 0.47829
3 0.208062 0.059242 0.0121438 0.0252503 0.475736
3 0.6829 0.693569 0.0208044 0.0175518 0.474989
5 0.0351577 0.275894 0.0646815 0.0334656 0.468494
3 0.613564 0.00886477 0.0187639 0.0150551 0.465053
3 0.614892 0.0173091 0.0185894 0.01587 0.465002
5 0.0356408 0.282464 0.0652595 0.0314006 0.457538
8 0.399952 0.0142281 0.0138771 0.0284561 0.452322
3 0.803568 0.940592 0.0219318 0.0209035 0.450626
3 0.609588 0.0920246 0.0192188 0.0144745 0.445202
3 0.232161 0.571025 0.0110578 0.0197789 0.438345
5 0.0801713 0.0566916 0.0187732 0.0462488 0.434701
5 0.0572807 0.346596 0.0571007 0.0252096 0.425347
3 0.692256 0.725318 0.0185318 0.017056 0.424179
5 0.0254446 0.238279 0.0508892 0.0557797 0.422495
3 0.684203 0.701648 0.0210348 0.0187726 0.417511
5 0.0525672 0.0571625 0.0199706 0.0474159 0.412459
3 0.950446 0.867297 0.0260345 0.0188525 0.404299
3 0.644207 0.742787 0.020114 0.0216212 0.399285
3 0.846901 0.81664 0.0172253 0.0264711 0.384312
5 0.0220431 0.354301 0.0431141 0.0288531 0.378989
4 0.121014 0.0507286 0.0170683 0.0394989 0.378149
3 0.60965 0.0752771 0.0192077 0.0151583 0.374137
3 0.540053 0.401373 0.0141636 0.0493835 0.373851
5 0.273672 0.364893 0.0143177 0.039592 0.371221
3 0.635966 0.715081 0.0208298 0.0164847 0.359495
3 0.697491 0.740567 0.0102104 0.0204045 0.356021
5 0.185434 0.16215 0.0603394 0.0280846 0.355705
8 0.433893 0.103981 0.0135427 0.0558816 0.354485
3 0.752731 0.524683 0.0194014 0.0167378 0.352333
5 0.540393 0.402256 0.0142447 0.0487047 0.343165
5 0.373691 0.47499 0.0170271 0.038518 0.328712
3 0.610758 0.108527 0.0217204 0.015478 0.328347
3 0.613173 0.0115185 0.0182636 0.0180089 0.321974
5 0.371449 0.138776 0.0180346 0.0534348 0.321412
3 0.62443 0.635019 0.0209059 0.0192495 0.314384
5 0.193715 0.163231 0.0427969 0.0240523 0.307193
3 0.658147 0.0915098 0.0242758 0.0152475 0.306287
5 0.0505493 0.352864 0.0706841 0.0343393 0.302569
3 0.664813 0.671087 0.0122879 0.0149877 0.301343
5 0.204185 0.18446 0.0532053 0.0344694 0.299318
9 0.421685 0.339933 0.00588553 0.01398 0.297699
3 0.490224 0.874846 0.0135781 0.0312813 0.290876
5 0.200257 0.133252 0.0306541 0.0222365 0.28929
3 0.302238 0.352735 0.013123 0.0322025 0.286265
3 0.558008 0.408738 0.00820591 0.017715 0.28483
5 0.271361 0.553835 0.013901 0.0269593 0.280701
5 0.189762 0.136339 0.0548085 0.0331638 0.27677
4 0.625644 0.638618 0.0217702 0.0173321 0.276057
5 0.70347 0.552198 0.0274086 0.0254689 0.270836
5 0.0170053 0.357612 0.0337239 0.0274745 0.264289
4 0.13084 0.0488324 0.0132345 0.0376307 0.2605
3 0.625348 0.639028 0.0210047 0.0170594 0.258257
5 0.0489189 0.0579062 0.0167968 0.046307 0.256364
5 0.0564289 0.0572105 0.0197646 0.0470301 0.2563
9 0.639997 0.960829 0.00755694 0.0186464 0.253827
3 0.886268 0.853966 0.0185616 0.0179168 0.25303
3 0.212635 0.575706 0.0133469 0.0268745 0.250619
