3 0.403821 0.410916 0.056991 0.0609081 0.870042
3 0.528215 0.341707 0.0571194 0.0631876 0.869381
3 0.339897 0.445679 0.0591339 0.0610803 0.860044
3 0.255053 0.494384 0.0579539 0.0637529 0.856534
3 0.305045 0.527727 0.057257 0.0515916 0.789384
8 0.745466 0.0413369 0.0374966 0.0825937 0.600479
5 0.0769321 0.654349 0.0797725 0.0796788 0.596827
8 0.665399 0.0548109 0.0466618 0.108353 0.496068
0 0.44073 0.111009 0.0115264 0.0270381 0.446177
0 0.835143 0.111501 0.0107612 0.0260854 0.419085
7 0.170811 0.605007 0.0375307 0.0430572 0.390243
3 0.0162544 0.483925 0.0324349 0.0584361 0.301202
5 0.665096 0.0540942 0.0464498 0.108188 0.291945
9 0.053778 0.752887 0.0264263 0.0240296 0.281994
0 0.271894 0.600076 0.0104808 0.0144068 0.277879
0 0.728721 0.234325 0.0102929 0.0202958 0.277642
5 0.745656 0.0410126 0.0372713 0.0818417 0.275352
0 0.494934 0.872234 0.0123283 0.0248469 0.271874
0 0.837887 0.110169 0.0117629 0.023959 0.261655
0 0.724157 0.296437 0.0109585 0.0164649 0.261616
