0 0.433178 0.615494 0.00668065 0.0266908 0.712292
0 0.404255 0.92542 0.00972726 0.0266781 0.698312
0 0.415456 0.941183 0.0108916 0.0306393 0.687836
0 0.49826 0.445193 0.00902509 0.0261231 0.612944
0 0.452227 0.393063 0.00831717 0.0280316 0.585958
0 0.44055 0.611512 0.00697497 0.0280614 0.566305
0 0.44411 0.390736 0.00787489 0.0298307 0.450065
0 0.285843 0.427747 0.0107153 0.0309186 0.409426
0 0.265456 0.444107 0.00981474 0.0209966 0.397963
0 0.441468 0.390746 0.00829947 0.029771 0.365879
0 0.443243 0.388353 0.00753344 0.0288993 0.344048
0 0.297707 0.431603 0.00980467 0.0326112 0.320459
0 0.45238 0.960483 0.00901411 0.0304804 0.31289
0 0.434816 0.914672 0.0114969 0.0242732 0.267368
0 0.28663 0.433957 0.0109823 0.0344284 0.258203
