3 0.453523 0.611423 0.0229352 0.0520986 0.867333
3 0.471777 0.93384 0.0263286 0.0743921 0.852821
4 0.49617 0.524292 0.0241646 0.052522 0.842642
3 0.70183 0.0896769 0.0144739 0.0305493 0.83619
8 0.61916 0.0215502 0.027756 0.0431005 0.809036
3 0.701467 0.0443424 0.0167455 0.0270503 0.806491
4 0.561206 0.363789 0.0195623 0.0437748 0.799832
3 0.140936 0.241659 0.0296216 0.0290777 0.799614
3 0.702202 0.156004 0.0142887 0.0339472 0.79644
3 0.237575 0.193671 0.0212456 0.0373575 0.794454
3 0.0915044 0.721048 0.0451156 0.0454979 0.774926
3 0.393771 0.978694 0.0261693 0.0410577 0.766612
3 0.0594077 0.551263 0.0327946 0.0385572 0.762689
3 0.275437 0.287147 0.0297018 0.028172 0.760571
3 0.0641197 0.236777 0.0279009 0.0256964 0.75837
3 0.0144462 0.445959 0.0285913 0.0361275 0.75413
3 0.0243578 0.426586 0.0294685 0.0330811 0.743678
3 0.0365449 0.596475 0.0353359 0.0392217 0.738975
3 0.183453 0.332149 0.0336447 0.03466 0.737127
3 0.0100129 0.463341 0.0200259 0.03245 0.72651
3 0.0100881 0.660563 0.0201762 0.0424774 0.72209
3 0.163853 0.359565 0.0306459 0.0325599 0.720095
3 0.0861562 0.691661 0.0432363 0.0430174 0.717145
3 0.0825658 0.32965 0.0321372 0.02749 0.709696
3 0.020744 0.55796 0.0347173 0.0330933 0.699809
3 0.0309186 0.537513 0.030308 0.0325319 0.69492
3 0.128774 0.362049 0.0296476 0.0267316 0.693239
3 0.0669279 0.478307 0.0293407 0.030626 0.687429
3 0.112215 0.398604 0.0281339 0.0312709 0.684409
3 0.0358611 0.409031 0.0305482 0.0329376 0.682512
3 0.123387 0.381931 0.0304627 0.0285153 0.679234
3 0.203468 0.241211 0.0269821 0.0269935 0.67422
3 0.0720732 0.531387 0.0346933 0.0370807 0.672783
3 0.189808 0.31526 0.0299805 0.0317104 0.671086
3 0.0907926 0.311255 0.0384848 0.0366287 0.670539
3 0.0543523 0.497913 0.0303231 0.0317499 0.670521
3 0.163089 0.303573 0.0264193 0.0283653 0.667719
3 0.0374957 0.274832 0.0289555 0.0275869 0.655477
3 0.088236 0.191476 0.0283335 0.0298722 0.65464
3 0.219704 0.267208 0.0305171 0.0322241 0.651563
3 0.0128784 0.577607 0.0256219 0.0306963 0.646914
3 0.212706 0.280504 0.0272418 0.028581 0.637997
3 0.269527 0.210509 0.0224896 0.0343813 0.625721
8 0.617825 0.484682 0.0295124 0.0832167 0.615443
3 0.104004 0.173064 0.0261362 0.0281959 0.610679
3 0.205379 0.416685 0.0344449 0.0322758 0.609257
3 0.280207 0.21891 0.0164981 0.0282123 0.607943
3 0.194346 0.257765 0.0258952 0.0257641 0.605756
3 0.595753 0.273811 0.0190452 0.0344913 0.599453
3 0.00517879 0.331064 0.0103576 0.0346748 0.575928
3 0.0772064 0.217292 0.0281145 0.0293494 0.575719
3 0.0406851 0.517477 0.0280306 0.0304567 0.5691
3 0.153944 0.379253 0.0312924 0.0347342 0.551595
3 0.075093 0.346957 0.0287292 0.0286724 0.550796
3 0.188621 0.289588 0.024895 0.0287209 0.54937
3 0.057423 0.325039 0.0230132 0.0248305 0.538046
4 0.0157163 0.299917 0.0310691 0.0343138 0.536046
3 0.111122 0.254146 0.0280784 0.0262647 0.51161
3 0.045551 0.255608 0.0260939 0.0258419 0.511126
3 0.185514 0.446201 0.0309269 0.0303229 0.509818
3 0.218161 0.189865 0.0218758 0.0345845 0.509101
3 0.206827 0.188515 0.0197492 0.0286949 0.50616
3 0.0720319 0.223696 0.0245009 0.0254209 0.501209
3 0.126377 0.267213 0.0278434 0.0318122 0.499646
3 0.212873 0.273928 0.0309376 0.0311912 0.491087
0 0.753108 0.175019 0.00630232 0.015071 0.483328
3 0.243504 0.346444 0.0292014 0.0297253 0.483106
3 0.0823463 0.209425 0.0249663 0.0260184 0.479293
3 0.203197 0.187888 0.0160391 0.0299668 0.474631
3 0.00469466 0.263514 0.00936254 0.0267604 0.473589
3 0.208864 0.28445 0.0299419 0.0315035 0.472172
3 0.241058 0.349679 0.0299249 0.0311212 0.435768
0 0.668889 0.675204 0.00647239 0.0180486 0.434894
0 0.0208353 0.971863 0.0117487 0.0214369 0.433286
3 0.124198 0.226555 0.0223727 0.0240475 0.427894
3 0.287808 0.256619 0.0259306 0.0257709 0.424161
9 0.62885 0.334647 0.00690765 0.0213725 0.418169
3 0.115638 0.160113 0.0268082 0.0283721 0.416658
0 0.276377 0.869638 0.00975893 0.0192986 0.396331
0 0.654088 0.728523 0.00596026 0.0178655 0.395943
3 0.00576578 0.790834 0.0115316 0.0551211 0.390224
4 0.289232 0.252507 0.0274442 0.0305676 0.384512
4 0.291535 0.240486 0.0287498 0.0307142 0.363791
3 0.0156084 0.300587 0.0312169 0.0331296 0.362865
0 0.669143 0.636592 0.00714242 0.0178134 0.361971
8 0.655101 0.0156954 0.0169422 0.0312627 0.359567
0 0.691492 0.502725 0.00631832 0.0173047 0.354662
3 0.0375002 0.359512 0.0260967 0.0285936 0.350215
3 0.123629 0.251278 0.0229347 0.0246102 0.348694
3 0.0797911 0.211796 0.027618 0.0286335 0.345703
3 0.214635 0.390653 0.0376759 0.0358908 0.340299
3 0.671358 0.0153296 0.0147953 0.0271276 0.335873
5 0.617839 0.484268 0.0290085 0.0827767 0.333102
3 0.216667 0.396154 0.0364448 0.0346838 0.329633
3 0.235287 0.361534 0.0300368 0.0265392 0.325838
3 0.227547 0.369919 0.0317134 0.0326683 0.317024
0 0.668478 0.678505 0.00583514 0.020003 0.315932
3 0.212887 0.406613 0.0337566 0.0334855 0.313993
8 0.560265 0.924689 0.0429059 0.132222 0.306019
4 0.287446 0.256345 0.0264269 0.0268425 0.301411
3 0.149037 0.224751 0.030234 0.0324721 0.300155
0 0.00370998 0.985667 0.0073005 0.022898 0.299478
0 0.394296 0.488116 0.00510598 0.0162752 0.293565
4 0.224535 0.372765 0.031695 0.0342515 0.293519
3 0.102987 0.441011 0.0397334 0.0343493 0.291754
0 0.276817 0.908005 0.00889703 0.0190475 0.288298
3 0.091229 0.183795 0.0239528 0.0256996 0.28819
3 0.0217722 0.610151 0.0399596 0.0479566 0.278006
0 0.705801 0.413177 0.00579843 0.0183397 0.271604
3 0.282107 0.21623 0.0197808 0.033888 0.271107
3 0.0962426 0.43793 0.0445133 0.0337726 0.26557
0 0.616023 0.948216 0.00688394 0.0160807 0.261187
0 0.642601 0.839631 0.00648843 0.0197256 0.254309
