0 0.304969 0.217256 0.00912094 0.0284395 0.714389
0 0.120259 0.510453 0.0161211 0.0246992 0.710416
0 0.164196 0.425722 0.0144483 0.0379877 0.623598
0 0.118093 0.542187 0.013207 0.0299855 0.610297
0 0.290137 0.169576 0.0119884 0.0356802 0.580352
0 0.361308 0.321817 0.0144762 0.0385236 0.40199
0 0.348885 0.345804 0.0164314 0.0393108 0.395291
0 0.466996 0.0129861 0.00733146 0.0258438 0.388092
0 0.154288 0.421853 0.0157553 0.031172 0.381568
0 0.149911 0.419593 0.0123802 0.0273405 0.27938
0 0.34211 0.0944206 0.00696982 0.0198051 0.263639
