3 0.795294 0.82288 0.0314641 0.0309008 0.851581
3 0.720492 0.817119 0.0310192 0.0302615 0.835502
3 0.773782 0.77305 0.0295515 0.0254221 0.817006
3 0.589466 0.686098 0.0123277 0.0158791 0.797482
3 0.918411 0.905062 0.0605431 0.0470627 0.783138
3 0.734442 0.790107 0.0278413 0.0289534 0.755243
3 0.65625 0.714858 0.0165734 0.019009 0.750403
3 0.594165 0.661945 0.0108914 0.0127841 0.74922
3 0.73402 0.73463 0.021941 0.0192286 0.706752
5 0.941942 0.949145 0.0758026 0.0734259 0.68435
3 0.780924 0.756243 0.0276268 0.0232961 0.644162
3 0.802844 0.977099 0.0590743 0.0453809 0.625837
3 0.56758 0.689355 0.0106713 0.0151221 0.624521
3 0.82676 0.768617 0.0261677 0.0252658 0.619537
3 0.568985 0.641734 0.00803994 0.010845 0.608769
3 0.774961 0.982098 0.0436453 0.0358043 0.593095
3 0.673092 0.673966 0.0163361 0.0143289 0.569166
3 0.578596 0.630994 0.00699262 0.0119901 0.566724
3 0.807839 0.759068 0.0268494 0.0239306 0.556082
3 0.551981 0.686833 0.013242 0.015044 0.521189
3 0.818809 0.763801 0.032356 0.0214508 0.517298
3 0.578201 0.612254 0.00665091 0.00803833 0.509657
3 0.869491 0.791358 0.0361816 0.0247764 0.493592
3 0.564248 0.754279 0.0159638 0.0266014 0.482172
3 0.635843 0.641526 0.0100458 0.00978824 0.468074
3 0.843647 0.755871 0.0257908 0.0177882 0.442468
3 0.494929 0.774288 0.0170053 0.0268424 0.43676
4 0.469948 0.769919 0.0163279 0.0280019 0.428212
3 0.643506 0.646026 0.0142362 0.0119367 0.413029
3 0.594281 0.63508 0.00794281 0.0132697 0.404066
3 0.583575 0.649072 0.00854178 0.0101501 0.370939
3 0.881691 0.810149 0.0428033 0.0287265 0.367539
3 0.685307 0.694623 0.019927 0.0183713 0.362745
3 0.56271 0.718253 0.0133421 0.0176311 0.350951
3 0.742129 0.714403 0.0239382 0.0174509 0.342876
3 0.559674 0.60385 0.00688991 0.0089785 0.335387
3 0.628221 0.633621 0.0115082 0.00909703 0.334935
3 0.754236 0.720719 0.0218849 0.0165554 0.320193
3 0.548307 0.661756 0.00975943 0.0138687 0.315146
3 0.594023 0.632 0.00672533 0.0140034 0.303568
3 0.548647 0.668199 0.0100579 0.0145926 0.300584
3 0.578666 0.63316 0.0083609 0.00891137 0.285783
3 0.579984 0.635969 0.00802917 0.0114427 0.280133
3 0.564683 0.750426 0.0141381 0.0209371 0.279405
3 0.676382 0.671333 0.0207418 0.0138117 0.269178
3 0.507217 0.610144 0.00891179 0.00810524 0.262017
3 0.544835 0.604517 0.00592743 0.0078089 0.252663
3 0.628097 0.629684 0.01385 0.0095534 0.252448
