3 0.373421 0.443309 0.022947 0.0538059 0.815818
3 0.399956 0.43519 0.0253469 0.0606859 0.811038
3 0.39708 0.557668 0.0281496 0.0619363 0.800938
3 0.274109 0.601021 0.0305179 0.0729444 0.786519
3 0.583871 0.490539 0.0316944 0.0571334 0.783175
3 0.556652 0.267628 0.0234782 0.0450965 0.773893
3 0.517066 0.279428 0.0234047 0.0460061 0.756737
3 0.242477 0.618189 0.0307018 0.0700898 0.75226
3 0.17433 0.638542 0.027455 0.0740913 0.745394
3 0.475852 0.293986 0.02507 0.0441101 0.744637
3 0.300224 0.340795 0.0196356 0.0457376 0.739779
3 0.362714 0.399865 0.0197941 0.0337875 0.738205
3 0.530509 0.511736 0.0287641 0.0546397 0.737984
3 0.680277 0.455413 0.0343697 0.0549412 0.737087
3 0.479519 0.525398 0.0335562 0.0612157 0.731694
3 0.206735 0.626088 0.0304119 0.0753436 0.703791
3 0.346732 0.326117 0.0230257 0.0454446 0.690903
3 0.55772 0.499995 0.0287806 0.0519738 0.679019
3 0.433158 0.641561 0.0266646 0.0431517 0.620136
3 0.332559 0.402434 0.0236988 0.0421562 0.615846
3 0.576507 0.262395 0.0210949 0.0435914 0.608101
3 0.487221 0.620367 0.0260487 0.0405243 0.578971
3 0.453042 0.669193 0.0256072 0.0439715 0.571489
3 0.278034 0.66471 0.0326866 0.0454034 0.560431
3 0.558744 0.627637 0.0306986 0.0449818 0.55837
3 0.370293 0.666826 0.0284608 0.0477391 0.538345
3 0.261759 0.706089 0.0246326 0.0481642 0.531256
3 0.407096 0.649661 0.0285082 0.0441493 0.529946
3 0.376326 0.742696 0.0300053 0.0398536 0.517092
3 0.400285 0.694629 0.0343983 0.0461922 0.508387
3 0.458844 0.374882 0.0227811 0.0282194 0.475271
3 0.451772 0.590533 0.0236906 0.0431635 0.470752
3 0.289588 0.740253 0.0264491 0.0459173 0.465686
3 0.533253 0.5632 0.0271236 0.044307 0.462528
3 0.436181 0.715333 0.026885 0.0407029 0.445258
3 0.586862 0.612861 0.0279242 0.0402791 0.439769
3 0.428147 0.677215 0.0291162 0.0410201 0.437503
3 0.323564 0.722948 0.0254604 0.0417551 0.434593
3 0.486996 0.655842 0.0230927 0.0392807 0.433032
3 0.271867 0.82478 0.0262759 0.044383 0.43139
3 0.0159346 0.534664 0.0313895 0.0453142 0.428322
3 0.659832 0.511549 0.0275786 0.0522616 0.419241
3 0.512222 0.566789 0.0287556 0.0445939 0.415519
3 0.582725 0.54338 0.0300303 0.0428144 0.404083
3 0.643893 0.520108 0.0274119 0.0421456 0.399105
3 0.509721 0.60726 0.0255614 0.0397189 0.397913
3 0.655349 0.516868 0.032659 0.0464264 0.39487
3 0.604329 0.532785 0.0282304 0.0484971 0.393763
3 0.675286 0.577737 0.0299472 0.0446998 0.393548
3 0.4473 0.672236 0.0328792 0.0427377 0.393153
3 0.674323 0.610729 0.0307988 0.0422663 0.389126
3 0.63492 0.561431 0.0268589 0.0410303 0.382254
3 0.67085 0.613839 0.0296961 0.04137 0.381106
3 0.475831 0.699023 0.0263294 0.0387109 0.370002
3 0.577402 0.653212 0.0308777 0.0406981 0.367608
3 0.473037 0.662572 0.0226253 0.042894 0.362739
3 0.712861 0.453561 0.0256717 0.0454894 0.361379
3 0.317548 0.723664 0.0315606 0.0448124 0.356013
3 0.55012 0.692151 0.0262282 0.0441302 0.352344
3 0.216355 0.771905 0.025426 0.0485473 0.344553
3 0.617286 0.637285 0.0309097 0.0407963 0.339548
3 0.446908 0.589325 0.0266379 0.046259 0.3395
3 0.571489 0.694707 0.0295739 0.0422813 0.336604
3 0.532506 0.637449 0.0301073 0.044011 0.336054
3 0.631722 0.521226 0.0279553 0.0410829 0.333725
3 0.362445 0.831389 0.035943 0.0489517 0.332554
3 0.590173 0.541259 0.030386 0.0433513 0.331222
3 0.70034 0.439565 0.0283087 0.0473017 0.32869
3 0.455456 0.296178 0.0224433 0.0484704 0.328489
3 0.235546 0.759142 0.0251411 0.0461533 0.325253
3 0.369505 0.622748 0.0251809 0.0437163 0.289694
3 0.600471 0.537188 0.0296957 0.0483251 0.28613
3 0.266165 0.7033 0.0311473 0.0473167 0.280765
3 0.639394 0.557112 0.0285664 0.0450456 0.276806
3 0.355139 0.745511 0.0229502 0.042413 0.272526
3 0.411515 0.647657 0.0289631 0.0450049 0.266894
3 0.240459 0.835126 0.0296865 0.0418039 0.26443
3 0.434958 0.300147 0.0205784 0.0494048 0.262838
3 0.311518 0.728425 0.0273313 0.0459115 0.262683
