5 0.748053 0.925057 0.148945 0.0790619 0.662963
5 0.708137 0.374518 0.0747105 0.0734563 0.580331
5 0.691392 0.159557 0.0642574 0.04743 0.57285
5 0.640356 0.016739 0.0531681 0.033291 0.55224
5 0.683492 0.089427 0.0614742 0.038061 0.550875
0 0.466021 0.249651 0.00646611 0.026052 0.484392
0 0.494622 0.287692 0.00880327 0.0347892 0.468031
5 0.715799 0.194716 0.0685899 0.0473676 0.465025
5 0.679931 0.130633 0.0683438 0.042259 0.398832
0 0.483852 0.110351 0.00777209 0.0319392 0.388396
0 0.475971 0.251827 0.0105641 0.027667 0.336238
0 0.504054 0.16934 0.00829293 0.0373849 0.324955
0 0.507999 0.663515 0.00918121 0.037207 0.28091
5 0.710617 0.182942 0.0770199 0.060742 0.253271
