0 0.493281 0.442873 0.0102661 0.0378854 0.740945
0 0.445744 0.7008 0.0131796 0.0413915 0.724564
0 0.435118 0.480867 0.0105785 0.0360101 0.723689
0 0.484207 0.482452 0.0103882 0.0343233 0.721034
0 0.460663 0.70303 0.0150421 0.0390088 0.71312
3 0.822711 0.175556 0.0331978 0.0192733 0.71116
0 0.344551 0.341133 0.009584 0.0298112 0.674515
3 0.928681 0.138559 0.0173553 0.0174837 0.649232
0 0.464533 0.466175 0.00998252 0.0392445 0.638285
0 0.461524 0.523598 0.0105785 0.039692 0.636492
0 0.480333 0.559119 0.0108887 0.0386541 0.63249
0 0.392366 0.352661 0.0109679 0.0303998 0.622538
0 0.371405 0.349956 0.010236 0.0287438 0.603085
0 0.473469 0.433526 0.0096392 0.0340551 0.60288
0 0.462705 0.392201 0.0101852 0.0340149 0.578562
0 0.452013 0.51649 0.00963174 0.0328055 0.567888
0 0.716061 0.236735 0.00664647 0.0171849 0.565741
0 0.390305 0.338116 0.00943281 0.0304372 0.558445
0 0.491433 0.561 0.0116357 0.0381564 0.558199
0 0.461615 0.389065 0.0110634 0.0377539 0.516082
0 0.459975 0.521192 0.0113472 0.0394084 0.51099
3 0.91138 0.177951 0.0245928 0.0242439 0.504132
0 0.391837 0.344669 0.0100745 0.0351477 0.474173
0 0.279827 0.202898 0.00675664 0.0192658 0.465211
0 0.74151 0.414449 0.0119107 0.0314496 0.450556
0 0.464361 0.600731 0.0134319 0.0387175 0.450423
0 0.740324 0.199406 0.00693002 0.0178367 0.444117
0 0.470323 0.406966 0.00969474 0.02879 0.435785
1 0.533998 0.565316 0.0164373 0.026552 0.427664
0 0.433312 0.34825 0.00976541 0.0289888 0.42714
0 0.454347 0.59911 0.013551 0.0375254 0.404535
0 0.309991 0.330178 0.00854625 0.0216739 0.403123
3 0.835468 0.161239 0.0313908 0.0171172 0.398732
0 0.456525 0.381758 0.00871155 0.0338314 0.383517
0 0.263359 0.208471 0.00611762 0.0182594 0.37433
0 0.569601 0.156634 0.0040632 0.0144096 0.359075
3 0.991537 0.158739 0.016925 0.0237846 0.357714
4 0.845526 0.142614 0.0399261 0.0230423 0.339714
0 0.465249 0.481531 0.0106083 0.0313938 0.336027
0 0.465236 0.47129 0.0105257 0.0440919 0.335636
0 0.441167 0.346137 0.00851419 0.0293326 0.326466
0 0.694726 0.213422 0.00633811 0.0158976 0.324336
0 0.310709 0.33272 0.00902614 0.025714 0.318368
0 0.759828 0.198173 0.00760716 0.0198353 0.317384
0 0.264516 0.206958 0.00848552 0.0194833 0.299756
0 0.237645 0.212821 0.00691384 0.0170917 0.297935
0 0.687117 0.21487 0.00613765 0.0172337 0.297867
0 0.642378 0.207116 0.00609113 0.0138811 0.296226
0 0.75778 0.201843 0.00725385 0.0225194 0.291686
0 0.29668 0.201607 0.00612861 0.0176502 0.283839
0 0.697235 0.238986 0.00697505 0.016898 0.276284
0 0.680237 0.212913 0.00560067 0.0142627 0.265258
1 0.760922 0.415909 0.0107136 0.0289242 0.250396
0 0.304645 0.203006 0.0069075 0.0187794 0.250312
