5 0.850485 0.720429 0.0843037 0.0783543 0.621013
0 0.346799 0.60084 0.00725619 0.032066 0.613115
0 0.310311 0.825843 0.00893125 0.0324023 0.571819
0 0.371102 0.64122 0.0079466 0.0285688 0.565848
0 0.289645 0.670003 0.00932234 0.032319 0.532269
0 0.252347 0.731554 0.00859279 0.0334142 0.52532
0 0.383025 0.615072 0.00682077 0.0320836 0.459361
0 0.346755 0.678163 0.00827227 0.0301424 0.412943
0 0.320533 0.697149 0.00825112 0.0223203 0.411437
9 0.392144 0.531193 0.00883131 0.0306711 0.411243
0 0.404686 0.472968 0.00630838 0.0261014 0.355966
0 0.358545 0.689792 0.00780696 0.0310021 0.352048
0 0.2723 0.644401 0.00768376 0.0274954 0.349867
9 0.379845 0.523605 0.0104106 0.0344738 0.333881
0 0.335053 0.60504 0.00801991 0.0266646 0.332325
0 0.285375 0.729365 0.0100533 0.0298481 0.319375
0 0.284512 0.717869 0.00970699 0.0250109 0.315822
0 0.372388 0.642973 0.00869978 0.0289762 0.308653
0 0.336438 0.604518 0.00790968 0.0286907 0.303309
0 0.339501 0.717806 0.00854446 0.0272715 0.29756
0 0.313447 0.737923 0.00825152 0.0338529 0.297395
0 0.342596 0.687833 0.00629807 0.0308582 0.296967
0 0.321102 0.703848 0.00843735 0.032057 0.290917
0 0.369022 0.698833 0.00864792 0.0372858 0.269875
