3 0.248535 0.801975 0.0425256 0.0956521 0.883047
3 0.0954133 0.751284 0.0859987 0.050606 0.868923
3 0.0681141 0.803597 0.0971147 0.0642296 0.856531
3 0.0279912 0.965722 0.055397 0.0677382 0.846321
3 0.183738 0.490924 0.0488308 0.0315876 0.773182
4 0.213274 0.420756 0.0376287 0.0258825 0.737449
4 0.19735 0.458137 0.0431972 0.0277257 0.734482
3 0.521784 0.279475 0.0149629 0.0135727 0.701257
3 0.333965 0.193998 0.00752454 0.0106728 0.692613
4 0.259246 0.307251 0.0264715 0.0178525 0.661717
3 0.225488 0.387684 0.0361441 0.0198818 0.652246
3 0.309543 0.326488 0.0126959 0.0201113 0.598909
4 0.269297 0.279969 0.0238935 0.0175767 0.518591
9 0.0814548 0.851341 0.0338114 0.0304952 0.485607
3 0.251249 0.322736 0.0293108 0.0173117 0.45188
4 0.264593 0.292808 0.0283275 0.0165386 0.334215
3 0.4976 0.252901 0.0146558 0.0152787 0.297043
3 0.188762 0.487313 0.0406018 0.0303864 0.285483
3 0.445124 0.186575 0.0107289 0.010272 0.284193
5 0.395498 0.121044 0.00660492 0.0143597 0.272783
