0 0.583799 0.282748 0.00703033 0.0224448 0.662629
0 0.53302 0.173904 0.00703221 0.0221727 0.622978
0 0.527052 0.326246 0.00847739 0.0171431 0.542971
0 0.57056 0.501498 0.00799591 0.0202297 0.536022
0 0.55945 0.274236 0.0108711 0.0252371 0.521885
0 0.286092 0.92887 0.010436 0.0181095 0.498089
0 0.336426 0.959346 0.00988083 0.0176697 0.495284
0 0.482955 0.340683 0.00600756 0.0158216 0.474385
0 0.423553 0.91292 0.0097661 0.0236978 0.461041
0 0.293773 0.842339 0.0084715 0.0225809 0.4568
0 0.321957 0.870971 0.00979566 0.021694 0.439977
0 0.339098 0.843101 0.0123816 0.017889 0.438061
0 0.29749 0.884187 0.0102691 0.0207252 0.422846
0 0.536612 0.347071 0.00677054 0.0177418 0.409685
0 0.553586 0.696849 0.00687387 0.0172984 0.407111
0 0.311432 0.883668 0.0104677 0.0186261 0.388412
0 0.320348 0.979152 0.0107973 0.0204971 0.387524
0 0.570924 0.731377 0.00780413 0.0210773 0.378162
0 0.571063 0.498669 0.00781433 0.0202781 0.376321
0 0.284657 0.85171 0.0092143 0.0179793 0.37243
0 0.566115 0.759057 0.00748614 0.0234006 0.345961
0 0.291869 0.966365 0.00915202 0.0152501 0.344668
0 0.552206 0.0854551 0.00825082 0.0282934 0.344325
0 0.566354 0.0903471 0.00735016 0.0383621 0.311142
0 0.533082 0.285065 0.0144287 0.0219186 0.31058
0 0.32404 0.93622 0.0113562 0.0195426 0.306035
0 0.314751 0.831244 0.00836775 0.0198482 0.304234
0 0.301515 0.873418 0.0101007 0.0269326 0.300128
0 0.59165 0.0582753 0.0062068 0.0284787 0.295645
0 0.562307 0.784489 0.00638332 0.0207598 0.284136
0 0.337275 0.843794 0.0123018 0.018629 0.259128
