4 0.789701 0.819541 0.0588431 0.136163 0.93022
3 0.322506 0.494645 0.0435396 0.0977959 0.885469
3 0.710665 0.533832 0.0432327 0.0940768 0.885197
3 0.719547 0.947159 0.0519928 0.102399 0.884161
3 0.646218 0.66731 0.0382912 0.0961619 0.883326
5 0.250813 0.301265 0.0587276 0.133319 0.81339
3 0.67908 0.800352 0.0436525 0.10625 0.784301
3 0.82626 0.942756 0.0565409 0.111498 0.743849
4 0.296915 0.39942 0.0423621 0.0869119 0.708897
9 0.609487 0.530224 0.0266752 0.0281819 0.551673
9 0.615342 0.55251 0.0326822 0.0397261 0.549618
9 0.582956 0.424463 0.0247699 0.0256577 0.496984
9 0.588179 0.444047 0.0284388 0.0284579 0.482224
0 0.476733 0.346232 0.00906411 0.0239807 0.47383
9 0.599445 0.485582 0.0304197 0.0358216 0.438751
9 0.602711 0.511316 0.02833 0.0351205 0.345348
0 0.474647 0.34734 0.0117973 0.0217971 0.291166
0 0.518048 0.418071 0.00789843 0.0218005 0.28266
0 0.53068 0.276514 0.00800572 0.0227885 0.270579
0 0.664857 0.175306 0.00656102 0.0303585 0.253672
