3 0.717596 0.945835 0.0540135 0.108007 0.870029
3 0.884959 0.693654 0.0416046 0.0863516 0.811145
4 0.665674 0.688807 0.0555074 0.0891635 0.809246
4 0.942475 0.893643 0.0693962 0.118315 0.797948
4 0.888475 0.566531 0.0543953 0.0387083 0.79516
3 0.429233 0.470423 0.0200402 0.0331528 0.785082
3 0.82661 0.941323 0.0802969 0.117354 0.761797
3 0.548974 0.397149 0.0368278 0.0239087 0.738803
3 0.113836 0.490948 0.0327882 0.0443799 0.717355
3 0.770195 0.938698 0.0603472 0.122605 0.69019
3 0.618519 0.244243 0.013763 0.0137953 0.685996
3 0.577684 0.293178 0.0188837 0.0140324 0.651166
3 0.561757 0.296988 0.0191077 0.0179936 0.645675
4 0.508879 0.259175 0.0132428 0.0194438 0.62628
3 0.219667 0.296283 0.0244239 0.0152105 0.611183
3 0.264675 0.22656 0.0184811 0.0118464 0.609469
3 0.415879 0.397548 0.0153553 0.0264203 0.598987
4 0.413697 0.301893 0.0141573 0.0249892 0.586612
3 0.580811 0.36365 0.020998 0.0220549 0.581058
3 0.421085 0.3539 0.0125071 0.0208108 0.572689
3 0.475944 0.279252 0.0225172 0.013236 0.562443
3 0.573765 0.261751 0.0219041 0.0144661 0.560993
4 0.531394 0.365027 0.0134954 0.0265705 0.553955
9 0.130463 0.464676 0.0198151 0.0186965 0.490339
3 0.242056 0.260066 0.0252397 0.0146768 0.486725
3 0.553224 0.240892 0.0211802 0.0119376 0.422023
3 0.20685 0.3126 0.0192262 0.0179805 0.419091
3 0.261793 0.230004 0.0217147 0.0116426 0.405449
3 0.597965 0.224958 0.0114887 0.012558 0.396286
3 0.622097 0.27555 0.0223574 0.0162697 0.392671
3 0.570368 0.25993 0.0258284 0.0147609 0.390669
3 0.222036 0.292518 0.0241432 0.0133973 0.390127
4 0.824927 0.942165 0.0753177 0.11567 0.388841
3 0.276723 0.237721 0.00958806 0.0125285 0.387542
3 0.272364 0.210693 0.0188495 0.0110635 0.3787
3 0.239214 0.261548 0.023601 0.0131898 0.375979
3 0.294863 0.212556 0.0119902 0.0108372 0.370644
3 0.551035 0.238055 0.0195452 0.0117326 0.369642
3 0.561967 0.252431 0.0214716 0.0124472 0.368919
3 0.228664 0.280848 0.0247708 0.014291 0.367525
3 0.541728 0.226396 0.0206449 0.0114984 0.366371
3 0.228881 0.27635 0.0262207 0.0144332 0.362643
3 0.309096 0.197302 0.0126175 0.0113011 0.358394
3 0.632238 0.252986 0.0113251 0.0134816 0.351507
3 0.244655 0.253608 0.0249249 0.0132179 0.349367
3 0.618965 0.280425 0.0193948 0.0132769 0.337579
3 0.560782 0.249023 0.0190054 0.0147741 0.337414
3 0.563405 0.253984 0.0206913 0.0118954 0.331711
3 0.250242 0.24726 0.024875 0.0127908 0.328086
3 0.189423 0.266217 0.0273757 0.0164609 0.31773
3 0.283762 0.196161 0.0161538 0.0101365 0.314324
3 0.253103 0.240509 0.0242165 0.0115554 0.302492
3 0.267767 0.222073 0.0173759 0.0114565 0.292388
3 0.539051 0.225391 0.0187298 0.0110462 0.291217
3 0.978064 0.989428 0.0428753 0.0211447 0.290831
0 0.431626 0.315034 0.00416404 0.0136376 0.288344
3 0.273455 0.19569 0.0105629 0.00953099 0.282965
1 0.180946 0.479061 0.00726741 0.017947 0.263107
9 0.181407 0.485704 0.00836039 0.0230477 0.26191
4 0.410449 0.261827 0.0134453 0.0273198 0.260284
3 0.258948 0.237412 0.0245477 0.0121962 0.258845
3 0.548452 0.232322 0.0197233 0.014708 0.255191
3 0.531988 0.213666 0.020822 0.010932 0.253389
3 0.583326 0.214139 0.0118025 0.0119307 0.253222
