3 0.977931 0.556304 0.038088 0.0468281 0.820072
3 0.983724 0.379322 0.0282787 0.0251962 0.805215
0 0.494649 0.767796 0.0105337 0.037108 0.755892
0 0.545804 0.755047 0.012035 0.0338842 0.754496
3 0.933166 0.334362 0.0251537 0.0199351 0.753902
0 0.580725 0.818224 0.0112765 0.0366414 0.733165
0 0.512467 0.668815 0.00947972 0.0330645 0.716274
0 0.659001 0.602666 0.0102434 0.0291687 0.703333
0 0.583536 0.686785 0.00968192 0.0326274 0.695564
0 0.555295 0.660487 0.0101799 0.0285131 0.689492
0 0.473189 0.730855 0.00906067 0.0391797 0.659421
0 0.592724 0.719762 0.00806039 0.0348564 0.637546
0 0.474785 0.691079 0.00997899 0.0321585 0.636324
3 0.92433 0.302479 0.0190201 0.0177876 0.636026
0 0.717623 0.662059 0.0109627 0.0316755 0.605412
3 0.875982 0.269343 0.0156828 0.0131421 0.573618
0 0.715339 0.652026 0.0101395 0.031192 0.55696
3 0.966756 0.33309 0.0212389 0.0212899 0.546667
3 0.907061 0.29379 0.0207417 0.0154434 0.535955
0 0.713766 0.655382 0.00961827 0.0359057 0.489281
3 0.991359 0.356307 0.0172815 0.0240887 0.459862
0 0.670483 0.659953 0.00936358 0.0286349 0.431995
3 0.893658 0.280865 0.017045 0.0156452 0.414819
0 0.747116 0.627655 0.0116934 0.0264854 0.384505
3 0.867053 0.264186 0.0169891 0.0143506 0.317229
3 0.804803 0.231137 0.0161232 0.0125016 0.315684
0 0.752212 0.639213 0.00970982 0.0267934 0.297388
0 0.866476 0.575336 0.00993007 0.0266255 0.294473
3 0.914321 0.296539 0.0208191 0.0167197 0.28618
0 0.873222 0.675737 0.0131966 0.0321054 0.285776
3 0.708255 0.234866 0.0109058 0.0137247 0.273767
0 0.894166 0.627147 0.0114397 0.0349008 0.255716
