3 0.549749 0.493739 0.0160932 0.0506715 0.76471
8 0.558168 0.311584 0.0190215 0.0955674 0.657974
5 0.513916 0.6002 0.0211509 0.0647487 0.646845
0 0.412672 0.615771 0.0063348 0.0256498 0.607757
3 0.487455 0.978462 0.0253847 0.0422535 0.590535
0 0.422906 0.536227 0.00834272 0.0268668 0.588385
0 0.742507 0.725171 0.00893206 0.0306895 0.555403
0 0.424443 0.537264 0.00633105 0.025518 0.535894
5 0.52694 0.389787 0.0179943 0.0466615 0.511582
0 0.436753 0.439842 0.00596793 0.024031 0.494627
3 0.630531 0.0645882 0.0200939 0.0183073 0.457768
0 0.466129 0.494573 0.00685503 0.0237273 0.454942
0 0.443372 0.583663 0.00736869 0.0232571 0.444107
0 0.456296 0.291725 0.00536577 0.0169983 0.424278
3 0.524893 0.429307 0.0165268 0.0361117 0.394457
4 0.514071 0.600244 0.0204889 0.0637211 0.39146
0 0.4617 0.39144 0.00530823 0.0204364 0.385967
0 0.453424 0.390505 0.00577536 0.019507 0.366271
0 0.465616 0.291568 0.00634975 0.0171914 0.356222
0 0.459021 0.342294 0.00558472 0.0193262 0.353631
0 0.490157 0.315082 0.00720769 0.0192113 0.341495
3 0.182202 0.277637 0.0275209 0.0398208 0.341278
0 0.734646 0.721567 0.00833679 0.0286288 0.334953
0 0.0570157 0.534377 0.00930202 0.0255392 0.323261
0 0.453136 0.379512 0.00625353 0.0176502 0.313166
0 0.429317 0.446472 0.00446908 0.023632 0.308654
5 0.557933 0.313167 0.0189804 0.0913588 0.306698
0 0.455991 0.495311 0.00710222 0.0213992 0.300477
0 0.409266 0.195659 0.00609113 0.0187939 0.294627
0 0.465469 0.370044 0.00661028 0.0161884 0.29446
0 0.428337 0.456248 0.00616255 0.0210179 0.286682
0 0.734512 0.727028 0.00899523 0.032991 0.284219
0 0.414145 0.615403 0.0092123 0.0253861 0.280792
0 0.479008 0.361737 0.00769841 0.0218323 0.262869
3 0.54751 0.401426 0.0122862 0.0367113 0.26194
0 0.441628 0.440701 0.00535257 0.0222939 0.257061
0 0.483809 0.317352 0.00540218 0.0166024 0.250255
