0 0.56971 0.517893 0.00878013 0.0188376 0.671957
0 0.658609 0.0440095 0.00819741 0.0260934 0.635283
0 0.629857 0.310722 0.00800781 0.0216362 0.558586
0 0.655957 0.930421 0.00780513 0.0182347 0.551998
0 0.647256 0.0517209 0.00760232 0.028475 0.533098
0 0.641416 0.750662 0.00727395 0.0138162 0.526896
0 0.620522 0.34716 0.00995017 0.0171185 0.517011
0 0.659658 0.358265 0.010606 0.0168499 0.36616
9 0.645291 0.984273 0.00982391 0.025307 0.344656
0 0.458728 0.450932 0.00857295 0.0223238 0.333472
0 0.316609 0.439109 0.0141136 0.0211744 0.325307
0 0.622928 0.305385 0.00856694 0.0183976 0.321775
0 0.633678 0.739238 0.00884953 0.0179164 0.317784
0 0.606237 0.893452 0.00818787 0.0248611 0.309552
0 0.0488472 0.423896 0.0176571 0.0211636 0.293778
0 0.659846 0.663844 0.00859894 0.0159982 0.282104
0 0.645572 0.0541414 0.00725176 0.0282634 0.28098
0 0.572101 0.393187 0.0091095 0.020259 0.278793
0 0.653674 0.621303 0.0108181 0.0131417 0.267962
0 0.57704 0.24364 0.0122362 0.0283305 0.263531
