0 0.520795 0.197378 0.00842438 0.0286717 0.761168
0 0.605373 0.872959 0.00897675 0.0226326 0.699045
0 0.573294 0.956314 0.0118025 0.0230927 0.689939
0 0.547416 0.136862 0.00812282 0.0338514 0.667589
5 0.0650717 0.856307 0.130085 0.0920574 0.615103
0 0.530776 0.272632 0.00873653 0.03148 0.611999
0 0.543193 0.314869 0.00889853 0.0252441 0.611459
0 0.589432 0.887786 0.00876216 0.0225195 0.6102
0 0.610468 0.805197 0.00992828 0.0189645 0.608234
0 0.577346 0.353555 0.00838431 0.0281305 0.604897
0 0.55348 0.0597616 0.00895547 0.0349215 0.581905
0 0.612538 0.648658 0.00872829 0.0230606 0.53172
0 0.596976 0.357307 0.0114998 0.025652 0.522838
0 0.543702 0.378844 0.00936162 0.0269958 0.520291
0 0.522671 0.269078 0.00794656 0.0281815 0.516433
0 0.530394 0.139071 0.00959547 0.0287328 0.495852
0 0.55956 0.131851 0.00741193 0.0298657 0.465549
0 0.564997 0.426389 0.0102095 0.0232651 0.464197
0 0.501234 0.115952 0.010421 0.0323328 0.459795
0 0.523491 0.0902759 0.00970707 0.0319318 0.459361
0 0.559077 0.426933 0.0100792 0.0239132 0.449767
0 0.513962 0.137158 0.00972504 0.0292344 0.449412
0 0.497763 0.156381 0.00926152 0.0316638 0.446853
0 0.530023 0.37342 0.00961993 0.0223831 0.430484
0 0.563386 0.879545 0.0109742 0.0217801 0.394693
0 0.583384 0.2227 0.00789224 0.0224726 0.385497
0 0.587037 0.474452 0.00864563 0.0214846 0.384919
0 0.502813 0.280748 0.00746395 0.0209202 0.373502
0 0.565114 0.235351 0.00959499 0.0322034 0.357305
0 0.693596 0.210623 0.00793801 0.0430797 0.351728
0 0.432513 0.152836 0.00877712 0.0322319 0.319772
0 0.5615 0.426902 0.0126878 0.0237217 0.316604
0 0.538081 0.09638 0.0113511 0.0279463 0.305124
0 0.566755 0.22841 0.00965615 0.0344675 0.301807
0 0.544245 0.859999 0.0109879 0.0191071 0.292899
0 0.536264 0.0965128 0.0100553 0.0301028 0.29156
0 0.570816 0.833351 0.0115263 0.0251414 0.276966
0 0.527425 0.372134 0.00818673 0.0212377 0.270584
0 0.527804 0.27595 0.00854204 0.0273442 0.266409
0 0.561193 0.229021 0.00996255 0.0337281 0.266394
0 0.557343 0.0177416 0.00926915 0.0325718 0.266321
0 0.493268 0.113583 0.00690726 0.0316368 0.265861
0 0.569238 0.821758 0.01168 0.0405785 0.258522
0 0.523936 0.0923025 0.00743783 0.0313061 0.255203
0 0.534858 0.858528 0.00937082 0.0235741 0.254409
0 0.60702 0.873967 0.0110031 0.0195841 0.253163
