9 0.126932 0.455357 0.0384335 0.0450494 0.720167
0 0.505109 0.621744 0.0103799 0.0373507 0.683091
0 0.493218 0.616904 0.0114993 0.0358426 0.619592
0 0.251897 0.646832 0.0173044 0.0389718 0.59455
0 0.288609 0.314123 0.0111538 0.0344057 0.581319
0 0.290703 0.433968 0.0132031 0.03909 0.565075
0 0.425376 0.105997 0.00936776 0.0367174 0.553798
0 0.621272 0.598398 0.00966614 0.0348915 0.54603
0 0.677413 0.501933 0.0142891 0.0436848 0.518408
0 0.346996 0.28736 0.0145773 0.046098 0.48601
0 0.592143 0.333246 0.0133366 0.0569572 0.479294
0 0.592927 0.292805 0.011306 0.0446979 0.464138
0 0.276896 0.320628 0.0102075 0.0350695 0.458156
0 0.604711 0.301238 0.010549 0.0426946 0.436128
0 0.268191 0.321845 0.0105575 0.0355633 0.419183
0 0.302284 0.437244 0.011821 0.0382542 0.411276
0 0.298255 0.436812 0.0157615 0.043472 0.391331
0 0.533031 0.491986 0.0102617 0.0487756 0.385584
0 0.40081 0.981858 0.0122648 0.0290163 0.373602
0 0.59076 0.294195 0.0117126 0.0441352 0.353165
0 0.410735 0.954784 0.0156271 0.0460537 0.343815
0 0.421202 0.972812 0.0170578 0.0498189 0.310948
0 0.300717 0.470488 0.0170645 0.0604292 0.30417
0 0.0325884 0.31406 0.0173985 0.0550743 0.271739
0 0.531848 0.482459 0.0120139 0.0650934 0.259687
1 0.221114 0.0905361 0.0108592 0.0312429 0.25583
1 0.0426491 0.502739 0.0211539 0.0482194 0.252974
0 0.530222 0.469933 0.0123025 0.045027 0.250885
