3 0.483603 0.65867 0.0107149 0.035393 0.750309
3 0.381251 0.975075 0.0103886 0.0345424 0.7003
5 0.462499 0.355688 0.0132359 0.0490771 0.689462
3 0.0745426 0.487529 0.0234681 0.013237 0.670739
3 0.494433 0.706591 0.00943699 0.032313 0.637632
3 0.0250187 0.486765 0.0226191 0.0147533 0.635505
3 0.4753 0.804699 0.0119351 0.0394075 0.628716
3 0.065088 0.507709 0.0293879 0.0138816 0.588539
5 0.727121 0.0914093 0.0333773 0.058293 0.546878
3 0.0730894 0.475166 0.0234084 0.014673 0.523053
3 0.531117 0.970066 0.0178285 0.0144326 0.464007
3 0.334525 0.673628 0.0226891 0.0185973 0.448541
3 0.513327 0.717978 0.0110727 0.0243312 0.445761
3 0.343439 0.790147 0.0245207 0.016129 0.430261
3 0.0500933 0.508026 0.0373851 0.013531 0.423932
3 0.484864 0.36744 0.0106175 0.0345218 0.42339
9 0.493764 0.412606 0.00461369 0.0158342 0.394473
3 0.0258662 0.480727 0.022437 0.0144048 0.378437
5 0.74883 0.0356863 0.0257719 0.0240224 0.363461
3 0.0511809 0.485647 0.020977 0.0131454 0.341288
3 0.371071 0.702225 0.00843157 0.0214737 0.337178
4 0.463453 0.582571 0.00900103 0.0307639 0.332178
3 0.206502 0.993229 0.0229703 0.0135283 0.32835
3 0.334206 0.677216 0.0221889 0.0139532 0.322058
5 0.760418 0.0854262 0.0420643 0.0453193 0.310906
5 0.511298 0.739392 0.0114739 0.0465291 0.308511
4 0.540404 0.946278 0.024427 0.0174429 0.291402
3 0.0577027 0.507774 0.0434095 0.0141952 0.288078
3 0.0511407 0.488807 0.0218402 0.0147243 0.273253
3 0.512796 0.727301 0.0106859 0.043113 0.268677
5 0.539202 0.0123538 0.02241 0.0246521 0.256023
