0 0.507706 0.466271 0.00799447 0.0220405 0.682832
0 0.503504 0.202743 0.00982016 0.0279875 0.62245
0 0.483331 0.31615 0.00708736 0.0192478 0.57947
0 0.493803 0.173797 0.00801317 0.0246463 0.571326
0 0.494499 0.659435 0.00982666 0.0142098 0.553081
0 0.48307 0.759658 0.0105515 0.0176505 0.470801
0 0.515529 0.325354 0.00712071 0.0193903 0.46156
0 0.481274 0.172956 0.00981999 0.0226069 0.460643
0 0.50421 0.616007 0.00999813 0.0165155 0.435582
0 0.5308 0.126089 0.00842991 0.0277623 0.420376
0 0.479689 0.495992 0.00787445 0.0299485 0.40512
0 0.514781 0.908206 0.00841806 0.0229377 0.398762
0 0.495677 0.157516 0.00726685 0.0274643 0.382921
0 0.471143 0.603271 0.00859911 0.017785 0.381065
0 0.50322 0.390848 0.0067787 0.0195828 0.365102
0 0.517414 0.100972 0.00973528 0.0214112 0.36259
0 0.504055 0.758252 0.0119337 0.0213962 0.355872
0 0.486672 0.0718206 0.00744437 0.0247045 0.351496
0 0.511899 0.917199 0.00748914 0.01951 0.345269
0 0.473373 0.627901 0.00928297 0.0150002 0.344446
0 0.422905 0.307497 0.00886514 0.018518 0.334888
0 0.464277 0.536352 0.0092722 0.011594 0.330768
0 0.483218 0.925814 0.0108391 0.0213416 0.30012
0 0.490278 0.920449 0.00726318 0.0198449 0.29772
0 0.510304 0.772133 0.00820055 0.0163679 0.295913
0 0.516343 0.584255 0.0102751 0.0181443 0.271264
0 0.495604 0.392161 0.0079521 0.0160051 0.267491
0 0.488601 0.756751 0.0103035 0.0204897 0.258965
0 0.511311 0.918387 0.0101259 0.0164934 0.257046
