3 0.406426 0.657426 0.0680081 0.0812287 0.876112
3 0.500467 0.714688 0.0676956 0.0822862 0.875923
3 0.579281 0.851472 0.0666531 0.082354 0.85507
3 0.671458 0.902335 0.0752736 0.0856745 0.85401
3 0.71496 0.852103 0.0814281 0.0866976 0.853897
3 0.719748 0.777886 0.0763695 0.0861769 0.852071
3 0.478718 0.784855 0.0718718 0.0847678 0.850909
3 0.773953 0.965299 0.0796255 0.0649124 0.850356
3 0.297546 0.509773 0.0717817 0.0776354 0.845966
3 0.291531 0.584323 0.0733609 0.0810541 0.83988
3 0.604141 0.787994 0.0732274 0.0860482 0.811442
3 0.883149 0.884112 0.0876984 0.0970053 0.779288
9 0.798421 0.805146 0.0397292 0.0359344 0.755791
3 0.970335 0.938621 0.0593289 0.095841 0.749446
3 0.609586 0.700491 0.071492 0.0814188 0.746221
3 0.560812 0.920894 0.0812836 0.0843091 0.354526
