0 0.32964 0.873586 0.0174913 0.073521 0.642885
0 0.346836 0.860592 0.0150984 0.0648907 0.545386
0 0.606819 0.550814 0.0119267 0.0472104 0.52423
0 0.337704 0.165152 0.00921642 0.04373 0.48305
0 0.333102 0.871605 0.0150112 0.0736037 0.465745
0 0.592453 0.564522 0.0146749 0.064156 0.416041
0 0.567928 0.476043 0.0120938 0.0488909 0.367095
0 0.386049 0.890377 0.0164135 0.074014 0.322622
0 0.343568 0.881 0.0169614 0.0719016 0.313265
3 0.915003 0.0238273 0.0112877 0.0179946 0.296455
0 0.347241 0.886137 0.0144695 0.0659517 0.287347
0 0.621473 0.553659 0.0114866 0.043828 0.286016
0 0.622103 0.547145 0.011356 0.0409187 0.280201
