7 0.819211 0.147625 0.0289543 0.0359906 0.769651
0 0.525059 0.012979 0.0070816 0.0259581 0.625039
0 0.390155 0.481688 0.00948146 0.0281881 0.613076
0 0.365705 0.424924 0.00937956 0.0325411 0.577116
0 0.386116 0.480515 0.0102529 0.0294683 0.525413
0 0.45221 0.563635 0.0106338 0.0256294 0.504188
0 0.358361 0.415223 0.0083543 0.027435 0.502596
0 0.341612 0.628147 0.00936127 0.0337502 0.466452
0 0.388124 0.481217 0.0122416 0.0282713 0.463052
0 0.5238 0.0126604 0.0101006 0.0253208 0.430117
0 0.698394 0.269265 0.00992584 0.0316023 0.416569
0 0.706056 0.747613 0.0114725 0.0405925 0.385798
0 0.487347 0.0414415 0.00730456 0.0302136 0.359958
0 0.394501 0.553962 0.0112198 0.0312146 0.349016
0 0.52603 0.0124346 0.0104514 0.0248693 0.343776
0 0.780764 0.897592 0.0185478 0.0317985 0.318266
0 0.486135 0.0460314 0.00977077 0.0323252 0.314974
0 0.342758 0.630796 0.010018 0.0319936 0.299601
0 0.715797 0.274082 0.00930751 0.0277664 0.287652
7 0.877177 0.161188 0.0314355 0.033396 0.277409
0 0.67774 0.424284 0.0119404 0.0235864 0.27233
2 0.458861 0.208251 0.010688 0.0296741 0.261058
