0 0.502997 0.249391 0.0118369 0.0356725 0.763575
0 0.471529 0.109934 0.0101322 0.029835 0.756551
0 0.597242 0.109268 0.010728 0.0312328 0.743988
0 0.478405 0.395872 0.0113129 0.034197 0.716691
0 0.195272 0.382668 0.0146373 0.0310885 0.708534
0 0.496569 0.0882741 0.00896358 0.0347194 0.698286
0 0.546967 0.162207 0.0108784 0.0312364 0.696081
0 0.27217 0.463419 0.0141403 0.0318993 0.691646
0 0.510037 0.355912 0.0117401 0.0258747 0.684903
0 0.395446 0.422362 0.0145404 0.031637 0.683786
0 0.348562 0.0978066 0.0101846 0.0308971 0.68231
0 0.32934 0.136018 0.0113463 0.0341525 0.670516
0 0.568596 0.375497 0.00904558 0.0344023 0.667328
0 0.243594 0.44956 0.0146657 0.0258452 0.660107
0 0.216697 0.443639 0.0115854 0.0263182 0.657387
0 0.718718 0.16006 0.0116435 0.0333977 0.61616
0 0.425207 0.316143 0.0139296 0.0215585 0.577977
0 0.56721 0.285544 0.00950012 0.0305094 0.548554
0 0.322235 0.0932504 0.0111128 0.026851 0.487678
0 0.478487 0.388849 0.00950269 0.0253279 0.476962
0 0.515028 0.376804 0.0101069 0.0200404 0.381261
0 0.246472 0.454172 0.0152613 0.0255468 0.347728
0 0.259721 0.360557 0.0145912 0.0208258 0.320172
0 0.553363 0.390557 0.00900574 0.0223637 0.263779
0 0.467432 0.362838 0.00895425 0.0220343 0.261873
0 0.503665 0.371411 0.0110107 0.0186843 0.260285
