3 0.58915 0.806528 0.0922624 0.083122 0.901135
5 0.695183 0.672857 0.119742 0.0875033 0.900948
3 0.378393 0.673622 0.0701254 0.069948 0.875745
4 0.87623 0.651869 0.0764551 0.0651482 0.865519
3 0.48956 0.508648 0.0534143 0.0381813 0.86535
3 0.723279 0.885339 0.107468 0.0989217 0.851236
3 0.444383 0.521432 0.0530769 0.0379604 0.843405
3 0.332015 0.44455 0.0444486 0.0310169 0.818403
3 0.526149 0.953932 0.101849 0.0921369 0.812308
3 0.37227 0.464959 0.0476809 0.0364694 0.78334
3 0.849775 0.954202 0.128758 0.0915956 0.774638
3 0.0957446 0.495051 0.0408823 0.0413587 0.728628
3 0.128904 0.393778 0.0402236 0.030107 0.700097
3 0.0567595 0.468003 0.0381928 0.038114 0.634826
4 0.192966 0.490348 0.0464391 0.0430271 0.618356
3 0.0994049 0.419488 0.0473949 0.0271029 0.613187
3 0.0624657 0.342054 0.0492309 0.0271657 0.582843
9 0.193379 0.389249 0.0171367 0.0189518 0.536168
4 0.505167 0.752681 0.0668332 0.0673533 0.524636
9 0.598578 0.52566 0.0219322 0.0210636 0.491381
4 0.17866 0.547929 0.0552789 0.0546155 0.470947
3 0.179983 0.548031 0.0520706 0.0530899 0.46595
9 0.394717 0.976688 0.0172355 0.0447745 0.42288
9 0.188863 0.677838 0.0299409 0.0322789 0.406617
3 0.19314 0.490622 0.0466341 0.0432299 0.396631
9 0.563201 0.536546 0.0170864 0.0245054 0.359694
9 0.594053 0.521128 0.0196136 0.0272019 0.338298
4 0.722978 0.885582 0.106845 0.0994919 0.331752
0 0.483017 0.648135 0.00998191 0.0370379 0.29165
9 0.242873 0.729934 0.0288874 0.0348171 0.287126
3 0.128133 0.371592 0.0336656 0.0261587 0.278115
9 0.784964 0.591442 0.0167312 0.0334852 0.272457
3 0.682276 0.601276 0.0711262 0.0698902 0.262577
9 0.265032 0.59462 0.0235895 0.0231684 0.25164
