7 0.508818 0.816143 0.0189793 0.0634073 0.899978
3 0.766392 0.36607 0.0294037 0.0445215 0.769935
7 0.393873 0.907056 0.0337047 0.0604572 0.602374
7 0.505489 0.178041 0.0104445 0.0242218 0.535734
4 0.713496 0.199221 0.0190595 0.0318642 0.514614
6 0.450147 0.339747 0.0219107 0.0277229 0.450083
9 0.495189 0.750083 0.0157845 0.0519175 0.441566
6 0.563914 0.897998 0.0226139 0.0920516 0.436599
7 0.56352 0.896832 0.0234427 0.0928913 0.387617
9 0.468798 0.625231 0.0132986 0.0301053 0.384923
7 0.480442 0.0931815 0.0105247 0.018396 0.375232
6 0.436342 0.708655 0.0156069 0.0522058 0.361932
9 0.430238 0.664145 0.0186184 0.0272316 0.357306
9 0.519053 0.3814 0.00761987 0.0211048 0.332399
9 0.465649 0.371809 0.0105536 0.0226622 0.3221
7 0.110871 0.400947 0.0278498 0.0478837 0.320932
3 0.466629 0.178656 0.0126637 0.0249582 0.311203
6 0.211009 0.497438 0.0244154 0.0491619 0.310912
7 0.552668 0.443299 0.0161264 0.0381465 0.305638
0 0.453115 0.382181 0.00683129 0.0255932 0.298447
6 0.490366 0.505027 0.0155781 0.0405599 0.27596
0 0.486404 0.667386 0.0103245 0.0351688 0.263381
9 0.517679 0.3535 0.00703771 0.0264659 0.261315
7 0.486764 0.133516 0.0182109 0.0209739 0.261154
7 0.0790967 0.370009 0.0242832 0.04909 0.259701
0 0.502181 0.549144 0.008564 0.0282667 0.259667
