7 0.882338 0.585199 0.137133 0.0784742 0.522066
7 0.661161 0.0902096 0.0867572 0.0918737 0.502751
7 0.651777 0.190254 0.133736 0.116736 0.365428
5 0.733663 0.95012 0.123888 0.0944406 0.362866
5 0.905566 0.783731 0.168779 0.0946139 0.346852
6 0.725352 0.631937 0.0777395 0.0607799 0.344651
5 0.741115 0.871845 0.142007 0.103253 0.329259
7 0.911389 0.658397 0.145568 0.0946588 0.320687
0 0.342761 0.652246 0.0120569 0.0255939 0.319313
0 0.368021 0.112003 0.0128587 0.0449273 0.292781
4 0.741811 0.871309 0.141913 0.101935 0.286383
0 0.319425 0.749163 0.0198467 0.0294513 0.279091
9 0.329197 0.111189 0.0143794 0.0445215 0.275276
7 0.962609 0.317395 0.0740006 0.0683221 0.255136
7 0.655962 0.329615 0.0835396 0.0545941 0.251831
