3 0.492898 0.874223 0.119274 0.0802966 0.906888
3 0.473163 0.532573 0.114401 0.076005 0.903758
3 0.499976 0.693007 0.114469 0.0815834 0.903106
3 0.453912 0.319021 0.104622 0.0670511 0.893959
3 0.875192 0.880397 0.134975 0.077609 0.888448
3 0.727877 0.286996 0.11348 0.0742401 0.887836
3 0.134271 0.361596 0.110735 0.0712641 0.886933
3 0.60546 0.2979 0.108091 0.0722639 0.884998
3 0.640689 0.508155 0.104214 0.0633297 0.880248
3 0.843204 0.654034 0.121179 0.0715055 0.865842
3 0.863663 0.768823 0.138722 0.0758174 0.837409
3 0.888558 0.975991 0.127009 0.0479556 0.788023
0 0.0749115 0.623095 0.0372849 0.0223624 0.756086
4 0.0367569 0.436738 0.0735137 0.0680858 0.707239
3 0.0381429 0.0190104 0.0760958 0.0380207 0.699806
2 0.385544 0.840805 0.0320178 0.0339276 0.638598
3 0.0381672 0.013655 0.0763345 0.0273099 0.636833
6 0.340589 0.330166 0.0827374 0.062613 0.602068
3 0.581094 0.969576 0.0831294 0.0606456 0.596678
0 0.011089 0.22088 0.0220774 0.0302659 0.553061
4 0.60591 0.297238 0.108484 0.0726481 0.525937
9 0.386982 0.840165 0.0351694 0.0343941 0.392113
2 0.391773 0.835206 0.0418003 0.0345533 0.383153
6 0.260102 0.330412 0.0450092 0.0630882 0.359402
0 0.34906 0.753393 0.0156939 0.0334562 0.332315
9 0.361948 0.750397 0.0398455 0.0350252 0.297861
