8 0.256549 0.456936 0.101802 0.312257 0.909035
3 0.338497 0.930242 0.0568197 0.134077 0.891439
8 0.239368 0.931853 0.0601594 0.131018 0.844739
0 0.606679 0.317784 0.0149605 0.0490287 0.787378
0 0.589021 0.0768569 0.0131815 0.0536488 0.7594
0 0.152813 0.484726 0.0193546 0.0417907 0.751838
0 0.322782 0.136158 0.013014 0.0498587 0.731989
4 0.126995 0.262792 0.109017 0.113746 0.716616
0 0.300701 0.059282 0.0150805 0.0500629 0.642187
0 0.100668 0.928733 0.0381498 0.0436026 0.638802
0 0.438306 0.105414 0.0120308 0.0490898 0.637334
0 0.412801 0.129912 0.0133586 0.0470932 0.619767
0 0.633175 0.607584 0.0158694 0.0333718 0.585546
2 0.513639 0.383484 0.0308976 0.0289699 0.584932
2 0.515073 0.470725 0.0356701 0.0265038 0.577995
2 0.500566 0.308679 0.0270664 0.0287714 0.568406
2 0.503343 0.25039 0.0364585 0.0314394 0.515601
0 0.232469 0.0393821 0.0158503 0.0554754 0.512963
2 0.514049 0.439394 0.0311079 0.026977 0.503889
2 0.0866495 0.351415 0.0387226 0.0395665 0.497129
0 0.357077 0.103725 0.0138278 0.052525 0.489514
2 0.513739 0.350178 0.0436212 0.0284403 0.486152
0 0.115534 0.656631 0.0175041 0.0512136 0.485369
0 0.133364 0.655207 0.0227089 0.0517826 0.480384
3 0.126959 0.262177 0.109233 0.114441 0.477262
0 0.35599 0.12291 0.0147675 0.0447061 0.452536
2 0.508869 0.405766 0.0318029 0.0272595 0.428177
2 0.503071 0.283876 0.0337092 0.0297314 0.417296
0 0.290435 0.0868897 0.0121038 0.0439368 0.387236
2 0.498636 0.209172 0.0334967 0.0303381 0.373987
9 0.0860861 0.351757 0.0397114 0.0405451 0.373572
2 0.51057 0.614059 0.0384375 0.0307089 0.364756
0 0.107721 0.816009 0.0267772 0.0520089 0.357388
2 0.147232 0.042507 0.0331541 0.0375673 0.35085
9 0.499062 0.209374 0.0334036 0.0280551 0.34678
2 0.522319 0.325 0.028877 0.0288557 0.3446
2 0.510142 0.281442 0.0468389 0.0331138 0.332519
0 0.22737 0.0416739 0.0137959 0.0565851 0.332331
2 0.507806 0.558165 0.0342123 0.0292487 0.332225
2 0.499722 0.183218 0.0332479 0.0319354 0.323132
2 0.516932 0.279513 0.0349911 0.0297936 0.321049
0 0.279325 0.0922592 0.0136326 0.0528386 0.314832
0 0.297538 0.0625183 0.014245 0.0530461 0.314249
0 0.278144 0.0984566 0.0136702 0.0497461 0.303356
2 0.512394 0.492383 0.0395746 0.0297056 0.302388
5 0.440606 0.759019 0.0715572 0.265569 0.302115
2 0.514677 0.485927 0.0364735 0.0259818 0.290268
0 0.35766 0.118209 0.0154608 0.0488364 0.288205
2 0.0748809 0.392282 0.0324668 0.0509044 0.26988
0 0.224618 0.0416969 0.0152906 0.0514886 0.267833
9 0.507128 0.556453 0.0358835 0.0294165 0.260697
2 0.514976 0.506101 0.0353125 0.0277227 0.260329
