4 0.319037 0.30833 0.0681444 0.0776072 0.862604
4 0.306747 0.386726 0.0774407 0.0839849 0.810217
9 0.574114 0.801775 0.0224239 0.0956937 0.771806
4 0.930047 0.368132 0.084582 0.0742219 0.763922
6 0.588985 0.44899 0.0261066 0.0922681 0.717984
7 0.302849 0.659323 0.0491723 0.120067 0.708748
0 0.891146 0.579825 0.0234762 0.048586 0.669835
1 0.440757 0.439369 0.014489 0.0499128 0.597696
9 0.832908 0.708875 0.0336567 0.0664505 0.590163
1 0.827694 0.644551 0.0207676 0.0525294 0.557085
0 0.371691 0.383034 0.0119517 0.0487225 0.545142
9 0.53555 0.26358 0.0146442 0.0508187 0.532492
7 0.413247 0.0998921 0.0278995 0.0650168 0.495864
9 0.827299 0.650861 0.0383298 0.0453831 0.493619
0 0.547354 0.780848 0.0173971 0.0697785 0.486249
7 0.38889 0.0666843 0.0311973 0.0526591 0.464287
9 0.870127 0.557735 0.0326595 0.0441716 0.434482
9 0.53225 0.674386 0.0200575 0.0730557 0.432278
9 0.441472 0.451123 0.0159367 0.0451362 0.430742
0 0.341968 0.257145 0.0127504 0.0479627 0.426838
9 0.41872 0.132853 0.0260389 0.0372547 0.413355
1 0.826831 0.645975 0.0312624 0.0484052 0.40334
4 0.71889 0.457391 0.0888618 0.109087 0.39136
0 0.543631 0.180516 0.0104202 0.043394 0.371667
9 0.426004 0.130982 0.0155569 0.034975 0.370742
6 0.42705 0.960123 0.0687831 0.0758257 0.358426
7 0.221978 0.939047 0.0559886 0.116551 0.347362
9 0.497759 0.152682 0.0156572 0.0396694 0.33948
0 0.945211 0.578148 0.030439 0.0566013 0.334494
0 0.333007 0.538654 0.0158647 0.0465165 0.325237
0 0.354114 0.269332 0.0120735 0.0589981 0.316988
0 0.600761 0.415028 0.0116616 0.0433798 0.316271
0 0.35502 0.517585 0.0125132 0.0467342 0.31023
9 0.421109 0.288526 0.0224039 0.0379304 0.301921
9 0.534258 0.681957 0.0227678 0.0672289 0.292633
9 0.772339 0.42411 0.0209982 0.0459905 0.28295
9 0.542779 0.134763 0.0100489 0.0425969 0.282337
6 0.449803 0.0258645 0.0190147 0.0463409 0.274197
1 0.946643 0.577481 0.0280338 0.0561402 0.269995
6 0.491956 0.7255 0.0576796 0.0669153 0.263489
1 0.323096 0.190896 0.0139295 0.0381987 0.261248
1 0.51599 0.156816 0.0141577 0.0401472 0.25629
0 0.367115 0.24393 0.0136148 0.0452572 0.254402
0 0.35501 0.251015 0.0118407 0.0478522 0.25412
