3 0.549525 0.0170395 0.0250175 0.034079 0.828397
3 0.603031 0.430068 0.0305225 0.0797164 0.795419
3 0.633628 0.121435 0.0240225 0.0563857 0.788745
3 0.530923 0.138611 0.0249256 0.0600408 0.78123
3 0.538242 0.073971 0.0244684 0.0582007 0.768755
3 0.627391 0.183308 0.0260078 0.0618684 0.749247
3 0.639311 0.0589429 0.0233837 0.0539329 0.697367
3 0.516284 0.230277 0.0305231 0.0760229 0.611
3 0.619197 0.26856 0.0230086 0.061105 0.520621
3 0.507485 0.309348 0.0300043 0.0571562 0.435222
3 0.613635 0.339763 0.0276457 0.0701158 0.386624
3 0.590071 0.505067 0.0333506 0.0733188 0.373337
5 0.613376 0.340615 0.0271345 0.0714475 0.344456
3 0.494309 0.381459 0.0269047 0.0537784 0.331513
4 0.613348 0.340446 0.0282145 0.0712011 0.321356
3 0.503625 0.323921 0.0336398 0.0845989 0.306436
3 0.489148 0.42601 0.0274363 0.0495041 0.254934
