8 0.416867 0.721164 0.125703 0.121506 0.910115
3 0.306749 0.341725 0.0274559 0.0429395 0.847429
3 0.300897 0.634412 0.0481132 0.0512274 0.841489
3 0.588968 0.863872 0.0733146 0.0605546 0.830829
3 0.27968 0.281248 0.0289459 0.0469659 0.817437
3 0.263607 0.701151 0.0514913 0.0525176 0.81378
3 0.43408 0.833615 0.0618777 0.0576726 0.811115
3 0.281052 0.381189 0.0285873 0.0436007 0.810709
3 0.245662 0.328547 0.029525 0.0429728 0.798372
3 0.292758 0.674355 0.0525777 0.0545369 0.786208
3 0.265077 0.366216 0.0284288 0.0485149 0.757511
8 0.342965 0.282325 0.034185 0.0602848 0.66079
3 0.208559 0.350929 0.0297444 0.0373791 0.659621
3 0.219963 0.366955 0.0307856 0.0422377 0.655462
3 0.916425 0.783998 0.0535229 0.0433611 0.608111
0 0.156666 0.358269 0.00842675 0.0235797 0.431275
3 0.423965 0.163264 0.0247213 0.0320781 0.41324
3 0.402962 0.21017 0.0190065 0.0352274 0.321732
3 0.216923 0.361847 0.0318062 0.043833 0.291517
