0 0.737967 0.642138 0.00814471 0.0358784 0.681186
0 0.762211 0.557089 0.00821385 0.0338519 0.654194
0 0.629295 0.135046 0.00527536 0.0204601 0.591604
0 0.815907 0.781894 0.0108086 0.0352998 0.585208
0 0.64283 0.303334 0.00641833 0.0242014 0.524962
0 0.694434 0.656311 0.00945243 0.032065 0.496157
0 0.693992 0.244674 0.0042589 0.0237448 0.483076
0 0.670935 0.42382 0.00565164 0.0254984 0.457858
0 0.644603 0.294363 0.00552102 0.0233646 0.380993
0 0.766644 0.937218 0.0122646 0.0335861 0.348211
0 0.735817 0.644285 0.00924892 0.0348461 0.303306
0 0.689889 0.435161 0.00872537 0.0323382 0.291742
7 0.610304 0.0665125 0.00882804 0.0255867 0.271143
0 0.692496 0.656535 0.0103361 0.030661 0.261736
0 0.644953 0.56934 0.00839194 0.0307432 0.2517
