5 0.186353 0.185554 0.0612542 0.152136 0.922331
5 0.350219 0.705329 0.0777163 0.184168 0.893429
3 0.258596 0.304492 0.0432049 0.083671 0.893309
5 0.251012 0.194655 0.0993484 0.20096 0.892422
3 0.49221 0.887504 0.0443927 0.124331 0.891647
3 0.308892 0.327008 0.0398049 0.0828043 0.887404
3 0.42415 0.636314 0.0445796 0.108113 0.885894
3 0.204054 0.568402 0.0415496 0.0967286 0.879287
5 0.349661 0.418562 0.0632671 0.123815 0.87096
3 0.393704 0.543619 0.0458889 0.0997707 0.870338
3 0.180143 0.482394 0.0368064 0.09087 0.859468
4 0.462106 0.741467 0.0492558 0.127682 0.852767
3 0.192407 0.0755183 0.0391489 0.0668959 0.844154
3 0.158887 0.383785 0.0387573 0.083735 0.815466
3 0.0811797 0.202635 0.0323725 0.066372 0.729289
2 0.603394 0.816719 0.0239888 0.0289381 0.416561
0 0.0165138 0.268011 0.0126431 0.0314407 0.3688
2 0.536242 0.588733 0.023781 0.0250214 0.2565
