0 0.531193 0.0704799 0.0088783 0.0351877 0.6564
0 0.609743 0.726776 0.0130968 0.025162 0.647839
0 0.521451 0.072086 0.00840668 0.0342107 0.620971
0 0.594685 0.728803 0.0107382 0.0296409 0.613325
5 0.692729 0.725598 0.0592844 0.0684377 0.582641
0 0.503296 0.34374 0.0109684 0.0324066 0.508652
0 0.506001 0.187075 0.00898324 0.0369662 0.481082
0 0.495479 0.266024 0.00950544 0.0322658 0.387401
5 0.705603 0.808313 0.0572731 0.0632896 0.350269
7 0.705585 0.807621 0.0576657 0.0619922 0.30484
0 0.482015 0.140584 0.0090172 0.0301792 0.292292
0 0.504623 0.346297 0.0120457 0.0368788 0.253169
