3 0.780685 0.834052 0.0998796 0.149417 0.870019
7 0.605014 0.524179 0.0531756 0.103888 0.868523
3 0.456968 0.757694 0.110733 0.154793 0.855574
3 0.0663475 0.354083 0.0564365 0.069622 0.827839
7 0.0825183 0.226109 0.0372002 0.0467871 0.824069
6 0.387702 0.506839 0.0431392 0.057246 0.754539
3 0.499008 0.504564 0.0848458 0.0922089 0.746999
6 0.114014 0.33043 0.0300218 0.0557886 0.742912
0 0.0125554 0.848366 0.0250782 0.0766756 0.741407
9 0.171066 0.618073 0.0244559 0.0612846 0.737228
9 0.148857 0.633176 0.0224733 0.0629764 0.696932
0 0.453331 0.447211 0.0122708 0.0487804 0.691656
6 0.559636 0.351258 0.0321653 0.0384231 0.690355
9 0.359159 0.967733 0.026339 0.0604176 0.666847
0 0.153698 0.45111 0.0174218 0.0542187 0.653896
0 0.485473 0.366674 0.0122239 0.0410641 0.623002
6 0.607439 0.332056 0.0333082 0.0297648 0.622602
0 0.173855 0.483852 0.0149572 0.0606451 0.598154
6 0.403871 0.454958 0.0567572 0.0614805 0.583297
9 0.492196 0.444498 0.0209479 0.0456968 0.546636
7 0.913603 0.146012 0.0188263 0.0319195 0.509517
9 0.616254 0.429576 0.022465 0.0444361 0.502094
1 0.554018 0.389824 0.0129349 0.0356039 0.492163
6 0.593538 0.295492 0.0329784 0.034141 0.490347
7 0.674444 0.294498 0.0368146 0.0507251 0.487367
7 0.0199063 0.60917 0.0394639 0.0928241 0.481423
0 0.420462 0.606907 0.0148417 0.0549175 0.458154
1 0.359049 0.966093 0.0258786 0.0612722 0.427315
9 0.553586 0.401342 0.0177817 0.0422588 0.420239
6 0.69292 0.441676 0.0284328 0.074122 0.406438
0 0.640439 0.250263 0.0082005 0.0253605 0.398664
6 0.302275 0.435573 0.0580301 0.0794866 0.38561
7 0.302287 0.435563 0.0562739 0.0786351 0.373311
1 0.552792 0.343379 0.0114278 0.0379369 0.370622
6 0.421325 0.629235 0.0390246 0.0680174 0.364355
0 0.964919 0.977453 0.0324006 0.0396727 0.362555
7 0.682126 0.29132 0.0263657 0.04814 0.349121
0 0.966278 0.961568 0.034553 0.0637931 0.339959
0 0.447509 0.448581 0.0163856 0.0506451 0.330851
0 0.0400242 0.357742 0.0161186 0.050022 0.322017
7 0.059218 0.209546 0.0275766 0.0326887 0.298554
0 0.639233 0.270404 0.0093178 0.0269754 0.295809
0 0.0330914 0.355941 0.010678 0.0462856 0.283249
9 0.706442 0.356372 0.019685 0.03245 0.251943
