5 0.603036 0.616347 0.147499 0.121175 0.836438
4 0.596569 0.856714 0.132701 0.11215 0.82039
4 0.652306 0.711927 0.0896007 0.0626035 0.77198
4 0.617612 0.933882 0.0746739 0.0514291 0.751997
7 0.499734 0.178746 0.0357855 0.0596986 0.615461
0 0.446899 0.177973 0.0113302 0.0305427 0.505801
4 0.633292 0.790962 0.0935452 0.085642 0.500645
0 0.359463 0.776377 0.0121732 0.0206212 0.497096
0 0.422731 0.108371 0.0142746 0.0284142 0.494903
0 0.420274 0.609502 0.0098962 0.028878 0.489591
3 0.631899 0.789439 0.0934296 0.085366 0.419775
9 0.434168 0.926209 0.0261714 0.0249669 0.39431
5 0.65729 0.564016 0.0819764 0.0604372 0.392895
9 0.454044 0.734015 0.0277538 0.0235041 0.370565
0 0.424482 0.109966 0.0105511 0.0293044 0.357174
0 0.407066 0.731037 0.0115841 0.0266453 0.323105
0 0.715285 0.748274 0.0155291 0.0210935 0.320936
9 0.380388 0.117524 0.0330554 0.0349713 0.264755
