0 0.568931 0.445233 0.00787907 0.0161478 0.709356
0 0.723945 0.673174 0.0143866 0.019077 0.649409
0 0.634097 0.40121 0.00800384 0.0202491 0.641105
0 0.482658 0.801018 0.0100099 0.0152122 0.629786
0 0.719907 0.552514 0.00910396 0.0158299 0.626205
0 0.453028 0.968698 0.0099064 0.019892 0.6143
0 0.444505 0.46333 0.00756095 0.0210368 0.598434
0 0.670308 0.450115 0.00610038 0.0125902 0.59092
0 0.79281 0.626205 0.00929356 0.0146994 0.519434
0 0.486216 0.644985 0.00996447 0.0175312 0.480414
0 0.354692 0.689767 0.00707136 0.0160707 0.456763
0 0.487265 0.646764 0.0072447 0.0182423 0.448657
0 0.677501 0.418146 0.00766575 0.0153762 0.441238
0 0.668975 0.333569 0.00692461 0.0218049 0.44069
0 0.881525 0.598264 0.013059 0.017406 0.420259
0 0.678157 0.43547 0.00660361 0.0174279 0.415978
0 0.372846 0.624284 0.00865409 0.0139247 0.412617
0 0.903243 0.626858 0.0165388 0.0157296 0.3982
0 0.516075 0.253427 0.00763301 0.0245319 0.388681
0 0.893756 0.618021 0.0165535 0.0149625 0.385795
0 0.489022 0.501222 0.00946712 0.0195211 0.3831
0 0.401687 0.645724 0.00914913 0.0182296 0.344518
0 0.48934 0.497929 0.00883449 0.0187421 0.341926
0 0.401748 0.626701 0.009021 0.0154569 0.332695
0 0.488349 0.645817 0.0108164 0.0174197 0.301197
0 0.802361 0.328945 0.0123322 0.0177615 0.295535
0 0.872353 0.598413 0.0174223 0.0168242 0.291336
0 0.453049 0.965079 0.00905504 0.0203451 0.29029
0 0.92343 0.515343 0.0132541 0.0157764 0.272492
0 0.904895 0.685488 0.0146072 0.0148583 0.255178
