3 0.351333 0.854173 0.101786 0.0897416 0.869939
3 0.598082 0.410017 0.023755 0.0569838 0.858446
4 0.614328 0.470147 0.025651 0.0715443 0.850358
7 0.46821 0.633957 0.0451292 0.0580249 0.844682
6 0.45156 0.747443 0.029496 0.0811495 0.836145
9 0.430192 0.35847 0.0167192 0.0220461 0.760774
7 0.426017 0.849245 0.0252196 0.0958477 0.741686
4 0.514047 0.519594 0.0264616 0.065792 0.735829
9 0.408608 0.521357 0.0249938 0.0270652 0.71014
6 0.555338 0.364424 0.0115362 0.036887 0.682747
9 0.3643 0.553946 0.0204964 0.0354637 0.674677
9 0.510458 0.661681 0.0153448 0.0438125 0.671125
6 0.646869 0.853134 0.0244884 0.0797992 0.655961
3 0.577189 0.0952234 0.0102234 0.0201319 0.650056
9 0.407763 0.616195 0.00885029 0.0359391 0.647266
9 0.546833 0.813881 0.0162904 0.0623635 0.643115
9 0.654017 0.407071 0.0178233 0.0264692 0.632472
0 0.518491 0.571155 0.0118097 0.0427797 0.591312
1 0.407752 0.60816 0.00840332 0.0296427 0.58201
7 0.574315 0.481813 0.0180271 0.0569106 0.573759
4 0.355009 0.940037 0.103593 0.114919 0.571743
4 0.579878 0.23594 0.017342 0.0355911 0.553235
6 0.568011 0.540858 0.0176318 0.0508059 0.549881
9 0.373295 0.733931 0.0271001 0.0313829 0.54477
7 0.427751 0.617502 0.0211809 0.0578188 0.542108
0 0.717761 0.624327 0.00932748 0.0353805 0.522531
9 0.266831 0.902862 0.0307556 0.0434737 0.500093
6 0.364324 0.79304 0.0462484 0.0468584 0.487157
9 0.354366 0.501718 0.0107886 0.0294848 0.481604
6 0.556874 0.712989 0.0167069 0.0648202 0.481365
1 0.547002 0.803755 0.0158739 0.0459932 0.471682
7 0.499402 0.396639 0.0223503 0.0571435 0.462583
1 0.510172 0.656664 0.014484 0.0398243 0.459336
7 0.600676 0.282966 0.013749 0.0341185 0.450376
7 0.520303 0.196078 0.00911673 0.0264675 0.445124
9 0.530225 0.15553 0.0086689 0.0162206 0.442508
0 0.4711 0.387857 0.00755023 0.0324854 0.442051
3 0.502401 0.464825 0.0314155 0.0538973 0.433233
9 0.560776 0.260769 0.0124043 0.020679 0.424721
6 0.539388 0.181674 0.00899504 0.0251485 0.416408
9 0.441836 0.504749 0.0130919 0.0328484 0.414064
7 0.588075 0.173585 0.0119391 0.0255435 0.410029
1 0.572987 0.844365 0.0134144 0.0435733 0.38965
9 0.380588 0.525628 0.0124118 0.0280137 0.378521
3 0.354287 0.939912 0.104132 0.11443 0.371843
7 0.476416 0.582858 0.0406771 0.0603754 0.366826
9 0.381668 0.521536 0.0125139 0.0281117 0.357311
3 0.566683 0.0233497 0.0109425 0.0171234 0.356881
1 0.560979 0.255506 0.0096312 0.0222476 0.348406
9 0.3417 0.722486 0.0182128 0.0401477 0.33207
9 0.305797 0.780733 0.0233145 0.0315506 0.327522
9 0.543457 0.300065 0.0074907 0.0224933 0.326857
7 0.584108 0.155623 0.0140003 0.0230455 0.323008
6 0.606341 0.323814 0.0130652 0.0426872 0.318993
9 0.430134 0.400585 0.0155987 0.0256339 0.307699
6 0.583053 0.12723 0.00668462 0.0163287 0.301207
9 0.378126 0.49417 0.00950135 0.0288436 0.296861
9 0.452688 0.306479 0.0191533 0.0185374 0.284499
0 0.529261 0.352062 0.0081703 0.0299256 0.279656
9 0.382205 0.508949 0.0129062 0.0267694 0.277561
9 0.533562 0.524473 0.0114163 0.0369706 0.277319
9 0.529682 0.35769 0.00949823 0.0238163 0.27138
9 0.402297 0.488641 0.0166177 0.0283452 0.264853
6 0.556326 0.0386583 0.00613461 0.0157209 0.257119
9 0.625584 0.568422 0.0178091 0.030429 0.256037
1 0.543797 0.295813 0.00770094 0.0232328 0.251081
