3 0.29557 0.870071 0.123189 0.0759318 0.862869
3 0.437486 0.542832 0.0268968 0.0334531 0.812448
3 0.311873 0.559304 0.0384384 0.0307317 0.811367
8 0.817919 0.474142 0.0403248 0.0331242 0.810553
3 0.841476 0.428418 0.0319958 0.0198119 0.741871
3 0.748281 0.454074 0.0305865 0.0189426 0.736399
3 0.807958 0.412599 0.0255342 0.0155912 0.704924
3 0.826151 0.395283 0.0268829 0.0173913 0.696232
3 0.818799 0.375939 0.0226772 0.014063 0.660793
3 0.0874157 0.490226 0.0367066 0.0270738 0.631088
3 0.556895 0.51148 0.0188873 0.0268123 0.611389
3 0.584249 0.330676 0.013397 0.0139278 0.586445
3 0.343371 0.310445 0.0110044 0.0145633 0.572596
0 0.19245 0.566629 0.00846564 0.0223033 0.549217
3 0.62031 0.53982 0.0190172 0.0323464 0.543798
3 0.0487539 0.483243 0.034481 0.0299871 0.538822
3 0.90193 0.508067 0.0303558 0.0283467 0.521796
3 0.340512 0.382478 0.0162562 0.023437 0.516847
3 0.318765 0.347817 0.0155611 0.0201921 0.496063
3 0.596374 0.421773 0.0148174 0.0201104 0.494374
3 0.345123 0.324307 0.0128432 0.0146894 0.476777
3 0.306799 0.398596 0.0126654 0.0205989 0.474191
3 0.36404 0.406871 0.0181692 0.0283759 0.467031
8 0.0222001 0.586963 0.0444002 0.0858358 0.459263
3 0.084526 0.419904 0.0354422 0.022692 0.441828
3 0.334541 0.332177 0.0145259 0.0146453 0.433631
0 0.269067 0.463926 0.00717298 0.0201118 0.431793
3 0.557197 0.415997 0.015124 0.0181482 0.424182
3 0.338503 0.341581 0.0128395 0.0173663 0.423691
3 0.346151 0.237462 0.00666 0.00891648 0.421995
3 0.322371 0.37575 0.0128252 0.0240333 0.421343
3 0.353214 0.361748 0.0145239 0.0216692 0.417678
3 0.0560181 0.425548 0.0222841 0.0211416 0.411863
3 0.777312 0.323984 0.0167932 0.0128582 0.393608
3 0.0238519 0.46671 0.0322298 0.02601 0.388549
3 0.0108854 0.461736 0.0217496 0.0244011 0.385374
3 0.742959 0.42926 0.0285862 0.0196976 0.38229
3 0.743329 0.419801 0.0272369 0.0166045 0.380656
3 0.373773 0.290749 0.0100786 0.0117615 0.380375
3 0.803495 0.357137 0.0211598 0.0155045 0.371941
0 0.643506 0.610128 0.0083994 0.0246892 0.35811
3 0.812658 0.378915 0.0258829 0.0148683 0.357185
3 0.546616 0.440366 0.0217926 0.0335349 0.35268
3 0.94905 0.525522 0.044326 0.0332735 0.349574
3 0.320146 0.35348 0.0140052 0.0182094 0.338252
3 0.74206 0.406103 0.0251332 0.0176306 0.334213
3 0.0804516 0.42141 0.0269254 0.0209996 0.330058
3 0.344647 0.359744 0.0123405 0.0215713 0.329314
4 0.594094 0.496685 0.0204124 0.0384042 0.327975
3 0.314711 0.257742 0.0083563 0.0126578 0.327302
3 0.3756 0.291343 0.0113399 0.0115355 0.326069
3 0.343168 0.315299 0.0114915 0.0170475 0.322695
3 0.307647 0.434432 0.0208463 0.0288649 0.322642
3 0.0166512 0.460774 0.0333025 0.0257133 0.321834
3 0.336454 0.33578 0.014889 0.0151525 0.320253
3 0.338314 0.344941 0.0136973 0.0180408 0.317824
3 0.340498 0.389118 0.0160911 0.0263153 0.314002
3 0.0193734 0.464526 0.0364682 0.0267916 0.308395
3 0.809677 0.316713 0.0164125 0.0127645 0.296172
3 0.64391 0.245594 0.00718135 0.0101351 0.293086
3 0.307686 0.417556 0.0169247 0.0263059 0.27941
8 0.594886 0.497099 0.0221722 0.0397373 0.277148
3 0.342734 0.411204 0.0183795 0.0315339 0.273667
3 0.306805 0.409219 0.0151551 0.0239442 0.268813
3 0.0765935 0.42173 0.0207725 0.0191403 0.26645
3 0.0261908 0.426893 0.0254359 0.0213799 0.264479
3 0.031641 0.468865 0.0369437 0.0242176 0.259949
3 0.361032 0.401259 0.0174558 0.0275952 0.259541
3 0.787213 0.368067 0.0195106 0.0144213 0.256756
3 0.351389 0.346663 0.0126781 0.0176667 0.252526
3 0.447841 0.672696 0.024618 0.0454139 0.250304
