3 0.392226 0.373298 0.0145431 0.022102 0.77691
3 0.392449 0.284328 0.0121809 0.0179094 0.731277
3 0.392714 0.219701 0.00952597 0.0194602 0.707018
3 0.377919 0.23699 0.014391 0.0268979 0.684081
3 0.486272 0.422395 0.0151384 0.0293441 0.658655
4 0.386891 0.475855 0.0206012 0.0508714 0.54422
3 0.360509 0.280212 0.010692 0.023708 0.541767
4 0.507975 0.4138 0.0227316 0.0455567 0.504831
0 0.291802 0.570998 0.00666122 0.0246385 0.364335
0 0.704058 0.666079 0.0057002 0.0220868 0.350166
3 0.389655 0.191137 0.0091803 0.0176316 0.319477
0 0.288662 0.57082 0.00655513 0.0232058 0.306324
