0 0.422167 0.437514 0.00821878 0.0318761 0.710724
0 0.505227 0.275099 0.00702057 0.0283957 0.690295
0 0.434435 0.433907 0.00816995 0.0310172 0.681774
0 0.90394 0.310357 0.00856088 0.0285264 0.634358
0 0.772457 0.338623 0.010414 0.0314377 0.615656
0 0.730899 0.214521 0.00617488 0.0242008 0.607177
0 0.427499 0.480323 0.0075507 0.0271376 0.58648
0 0.882063 0.314939 0.0078363 0.0256524 0.559184
0 0.955239 0.388003 0.00932844 0.0290425 0.550857
0 0.604488 0.0149511 0.00684775 0.0233237 0.537824
0 0.7831 0.345231 0.00865653 0.0272526 0.506683
0 0.472789 0.361582 0.00815966 0.0264232 0.494421
0 0.830581 0.108047 0.00633353 0.0295892 0.494282
0 0.946182 0.195821 0.00788932 0.0244662 0.48573
0 0.494184 0.24013 0.00698138 0.0236576 0.465993
0 0.559947 0.487278 0.00771314 0.0283225 0.45743
0 0.571168 0.462288 0.00746364 0.0271306 0.448628
0 0.582249 0.481658 0.00753854 0.0273515 0.447064
0 0.876073 0.132127 0.0103858 0.0257399 0.445149
0 0.581553 0.0562111 0.00558834 0.0240671 0.4426
0 0.589692 0.0469408 0.00813542 0.0236257 0.416375
0 0.779246 0.0814741 0.00570844 0.0230686 0.415627
0 0.810755 0.103921 0.00901167 0.0235474 0.406941
0 0.446294 0.471681 0.00770839 0.0295751 0.386262
0 0.742218 0.052203 0.00630894 0.0226133 0.379566
0 0.929491 0.194007 0.00737191 0.0227226 0.373506
0 0.902289 0.15048 0.0093246 0.0284235 0.36199
0 0.968216 0.221673 0.00955392 0.0229303 0.359389
0 0.729388 0.07292 0.00650138 0.0249934 0.348084
0 0.771929 0.047797 0.00663042 0.0235313 0.334619
0 0.71242 0.110759 0.00535754 0.023402 0.333399
0 0.632849 0.204173 0.00666513 0.0262451 0.332543
0 0.840554 0.134611 0.00664516 0.0210257 0.328042
0 0.76007 0.059799 0.00764396 0.0194103 0.325188
0 0.959721 0.215126 0.00715907 0.0209713 0.321472
0 0.772399 0.0643252 0.00737549 0.0208914 0.303973
0 0.843853 0.107255 0.00746687 0.0248405 0.303829
0 0.570914 0.160192 0.00643328 0.0230531 0.296027
0 0.753501 0.0495423 0.00592869 0.0232686 0.293833
0 0.577128 0.541815 0.00857448 0.0284999 0.291348
0 0.586677 0.563517 0.00765856 0.0360305 0.288876
0 0.819755 0.103736 0.00862889 0.0246054 0.285414
0 0.873823 0.136856 0.0102383 0.0295409 0.279683
0 0.754312 0.594156 0.00941241 0.0213977 0.2785
0 0.934864 0.188686 0.00903948 0.0292714 0.270106
0 0.602949 0.435695 0.0068515 0.0241753 0.268967
0 0.741972 0.0580702 0.00477077 0.0215583 0.268836
0 0.898639 0.152512 0.00986485 0.0282665 0.258186
0 0.76128 0.0653958 0.00540065 0.0251872 0.253094
0 0.982771 0.232599 0.00881749 0.0248338 0.250217
