3 0.577819 0.863433 0.0626919 0.113425 0.912334
3 0.70524 0.492317 0.0803233 0.0628927 0.898661
3 0.871902 0.554371 0.0812071 0.0623225 0.893512
3 0.78872 0.521218 0.0805628 0.0568719 0.890567
3 0.395405 0.0454141 0.0342222 0.0595038 0.886151
3 0.6201 0.280117 0.0298293 0.0727112 0.881868
3 0.599364 0.0224988 0.0230276 0.0441901 0.865566
3 0.624843 0.210699 0.0278195 0.0594412 0.862448
3 0.630823 0.138601 0.0285627 0.05818 0.835637
3 0.63244 0.016611 0.02448 0.033222 0.818822
3 0.629553 0.0769756 0.0261398 0.0519933 0.811863
3 0.436388 0.0111576 0.0322435 0.0223152 0.763234
3 0.81896 0.714779 0.0712807 0.0465706 0.734232
3 0.373573 0.37171 0.0319339 0.0868933 0.666105
9 0.278617 0.32176 0.0257258 0.0232889 0.58357
4 0.591658 0.106888 0.0235061 0.0531644 0.566031
3 0.591648 0.106454 0.0241905 0.0524225 0.51186
9 0.895156 0.515155 0.0239 0.0359128 0.508657
0 0.630333 0.748604 0.0128819 0.0231931 0.502973
9 0.89993 0.516211 0.0218662 0.0344919 0.464189
4 0.373872 0.370922 0.0320668 0.0860987 0.463616
9 0.858328 0.437292 0.0201716 0.0382759 0.462823
9 0.919504 0.524117 0.015609 0.0379501 0.440049
9 0.890995 0.513368 0.0163719 0.0343993 0.420877
9 0.371934 0.253578 0.0259859 0.0182203 0.411578
2 0.633044 0.881525 0.0160225 0.0308173 0.328403
0 0.660465 0.411124 0.01151 0.0224804 0.318575
0 0.677748 0.425323 0.0111204 0.0237211 0.294025
9 0.547857 0.953589 0.0382976 0.0345445 0.280076
9 0.591521 0.981288 0.0298369 0.036237 0.275227
9 0.840379 0.500452 0.0156288 0.0367933 0.271477
2 0.545694 0.955905 0.0347404 0.0373207 0.267858
