3 0.893424 0.67876 0.0819384 0.060626 0.859106
3 0.62316 0.186 0.0513684 0.0472312 0.845661
3 0.122129 0.210054 0.0433414 0.0731823 0.841902
3 0.0300329 0.692123 0.0600005 0.123874 0.82055
3 0.0322546 0.22694 0.0616286 0.04993 0.806242
4 0.622607 0.827696 0.0690928 0.156975 0.743134
4 0.971233 0.64013 0.0575336 0.119181 0.665093
0 0.724738 0.594689 0.0175041 0.0247968 0.61865
0 0.911081 0.524937 0.0228929 0.0249923 0.545544
9 0.696482 0.850989 0.0185749 0.0737858 0.504588
0 0.761545 0.612356 0.018225 0.024574 0.466124
3 0.0277673 0.159833 0.0554656 0.0421596 0.437615
9 0.958795 0.850046 0.0435783 0.0312604 0.414963
0 0.761713 0.616624 0.0179118 0.0179428 0.392871
9 0.0120705 0.345948 0.021691 0.0372114 0.308533
3 0.781916 0.531579 0.085594 0.0715424 0.303242
