3 0.435262 0.79456 0.011809 0.0303052 0.854366
3 0.284547 0.887549 0.0296665 0.0195264 0.847831
3 0.230736 0.878893 0.0269634 0.020912 0.840901
3 0.532523 0.694494 0.0160505 0.026679 0.838496
3 0.50685 0.745512 0.0117348 0.0280285 0.833428
3 0.292265 0.96482 0.0175456 0.0354235 0.827961
3 0.457618 0.593715 0.00935093 0.0227651 0.823275
3 0.14053 0.949525 0.0219492 0.041676 0.821838
3 0.826854 0.883371 0.0253169 0.0234016 0.815637
3 0.539386 0.748714 0.0201916 0.0282615 0.812031
3 0.522946 0.82252 0.0245282 0.0309801 0.802986
3 0.250804 0.96399 0.0188892 0.0429484 0.79996
3 0.0130175 0.944022 0.0258988 0.0442566 0.799512
3 0.20728 0.953377 0.0187764 0.0391635 0.797053
3 0.495442 0.745646 0.00868216 0.0280696 0.796554
3 0.518853 0.7486 0.0136471 0.031042 0.794905
3 0.189358 0.951366 0.0210757 0.0376052 0.790533
3 0.165711 0.83588 0.01971 0.0351699 0.790527
3 0.107561 0.955643 0.0258651 0.0482059 0.780605
5 0.668405 0.913485 0.0533795 0.0388067 0.771041
3 0.316905 0.856538 0.0149956 0.0414827 0.769423
3 0.222153 0.95435 0.0215817 0.0435496 0.762359
5 0.81117 0.858581 0.0375902 0.0301702 0.748076
3 0.391531 0.536633 0.0178498 0.0130384 0.733892
5 0.0629645 0.946982 0.0352868 0.0561797 0.732172
3 0.0942352 0.953131 0.0249616 0.041125 0.717364
3 0.451815 0.521976 0.00902536 0.0194334 0.716018
8 0.453842 0.787993 0.016745 0.0740804 0.711913
3 0.307676 0.967304 0.0164157 0.0370643 0.702002
3 0.114659 0.991343 0.0338012 0.0173141 0.698706
5 0.436111 0.518245 0.0161295 0.0731568 0.68814
3 0.443434 0.40798 0.00539141 0.0112239 0.675519
3 0.466908 0.311277 0.0056056 0.0108481 0.665354
3 0.170957 0.950297 0.0227763 0.039979 0.656684
3 0.98689 0.985248 0.0262191 0.0243986 0.64176
3 0.398688 0.495948 0.0158682 0.0122003 0.635652
4 0.506544 0.691561 0.0186193 0.0267597 0.634358
8 0.712578 0.650006 0.0249061 0.0541298 0.633802
8 0.703095 0.674587 0.0188843 0.0520944 0.603664
3 0.447485 0.567543 0.00755005 0.0188418 0.597326
5 0.788068 0.818298 0.035042 0.026442 0.576527
3 0.391778 0.994164 0.0150154 0.0113721 0.576042
3 0.479624 0.537427 0.00773333 0.0212556 0.574845
3 0.533961 0.418619 0.0126908 0.00966913 0.534576
3 0.71408 0.494429 0.0203436 0.0118547 0.533978
3 0.45661 0.301914 0.00528299 0.0128687 0.527841
3 0.237854 0.9622 0.0179617 0.0366824 0.515187
3 0.441219 0.388506 0.00757673 0.0141104 0.502504
4 0.398509 0.600586 0.0111528 0.0313028 0.492553
3 0.44708 0.368635 0.00668204 0.0128292 0.484899
3 0.472589 0.341113 0.00769326 0.0103927 0.483058
3 0.509176 0.373265 0.0133041 0.0100634 0.482215
5 0.760048 0.659142 0.0231808 0.0412152 0.466107
5 0.440351 0.985297 0.0137911 0.0291616 0.451766
3 0.478069 0.505835 0.0081049 0.019499 0.447615
3 0.506422 0.691719 0.0183374 0.0267235 0.443814
3 0.452773 0.33162 0.00706665 0.0132946 0.429794
3 0.493868 0.371558 0.00774192 0.010432 0.423902
3 0.464079 0.215496 0.00491922 0.00777162 0.41633
4 0.0492463 0.941075 0.0253536 0.0423626 0.415428
5 0.454481 0.789171 0.0158463 0.0732343 0.377695
3 0.440452 0.985288 0.0144371 0.0294238 0.375193
3 0.487487 0.389781 0.00676845 0.0133425 0.372565
5 0.730127 0.649751 0.0176414 0.0474139 0.371647
3 0.502901 0.388968 0.0131246 0.011756 0.370294
3 0.444486 0.243101 0.00595398 0.00891869 0.360389
8 0.68943 0.616119 0.0209784 0.0452677 0.357389
4 0.746053 0.664307 0.0149741 0.0307188 0.355186
3 0.497836 0.346218 0.009037 0.00934033 0.352225
4 0.760247 0.658376 0.0229705 0.0413338 0.350447
3 0.496809 0.193906 0.0110798 0.00678417 0.348327
5 0.0545353 0.944498 0.0299763 0.0524111 0.347771
5 0.459906 0.243797 0.00732692 0.0146895 0.346964
3 0.167675 0.952713 0.021681 0.0398174 0.346347
3 0.466229 0.213438 0.005322 0.0102139 0.330305
3 0.488217 0.216543 0.00812204 0.00727301 0.311184
3 0.493712 0.263133 0.0109508 0.00974929 0.310442
5 0.784175 0.703897 0.0194066 0.0479929 0.299445
3 0.46787 0.172775 0.00622484 0.0100779 0.297533
3 0.278588 0.490042 0.0129534 0.0112812 0.282613
3 0.479689 0.452212 0.0116633 0.0128161 0.279214
3 0.671151 0.474172 0.0120473 0.016561 0.274649
3 0.497729 0.180077 0.0127704 0.0101583 0.272076
3 0.466234 0.311784 0.00749093 0.0106529 0.255129
