5 0.0719215 0.740434 0.110587 0.144291 0.919616
3 0.561238 0.878931 0.0447842 0.0684124 0.892127
3 0.654385 0.941214 0.0572638 0.0632052 0.881752
5 0.713778 0.531327 0.0312571 0.0463502 0.879607
5 0.460626 0.946051 0.0719135 0.106363 0.878818
3 0.660582 0.904092 0.0557844 0.0587082 0.877568
3 0.798621 0.929172 0.0397501 0.0736794 0.877526
3 0.21437 0.681711 0.0425351 0.0473345 0.866548
3 0.683622 0.879554 0.0594399 0.0612328 0.859889
3 0.691713 0.845032 0.0510818 0.0534671 0.856417
3 0.730518 0.732842 0.049022 0.0428772 0.854739
3 0.348291 0.570901 0.0347021 0.0363899 0.845066
3 0.701202 0.813106 0.0551825 0.0515876 0.842861
3 0.691456 0.695135 0.0276152 0.0443909 0.834661
3 0.874054 0.504301 0.0335414 0.0256946 0.831074
3 0.498898 0.418677 0.0243947 0.020765 0.823554
3 0.735949 0.689992 0.048557 0.042542 0.806296
3 0.88838 0.466913 0.0357872 0.0233054 0.805632
3 0.711591 0.778542 0.0481462 0.051828 0.795063
5 0.739654 0.492401 0.0297844 0.0474729 0.777391
3 0.766842 0.303237 0.0123402 0.0135981 0.759035
3 0.00742138 0.659094 0.0148428 0.0380188 0.754453
3 0.266994 0.601088 0.0323243 0.0371565 0.737885
4 0.050872 0.6254 0.0305411 0.0355075 0.732085
3 0.930195 0.526719 0.0206029 0.0313034 0.729952
3 0.844878 0.41988 0.0158455 0.0238277 0.725386
3 0.743005 0.672022 0.0418216 0.042321 0.723161
5 0.781671 0.423208 0.0197428 0.031271 0.713004
5 0.758889 0.630805 0.05802 0.0466619 0.711905
3 0.563975 0.365758 0.0213846 0.0225369 0.707695
3 0.910092 0.373696 0.0304453 0.0185531 0.685014
3 0.472213 0.440057 0.0286972 0.0253401 0.683767
3 0.921673 0.315279 0.0205492 0.0147404 0.666366
3 0.907305 0.225178 0.0174843 0.0108978 0.6499
3 0.766011 0.450895 0.0195763 0.0262371 0.640054
3 0.7285 0.306965 0.0225272 0.0155687 0.637576
3 0.238974 0.601099 0.0356291 0.0382383 0.621795
3 0.621481 0.320316 0.0161709 0.0148126 0.620497
5 0.800305 0.492216 0.0337565 0.0422996 0.609594
4 0.743348 0.671107 0.0426924 0.0411984 0.577155
0 0.319357 0.963744 0.00762948 0.0153694 0.577064
3 0.820917 0.35817 0.0144985 0.0178771 0.563329
5 0.85756 0.128796 0.0110641 0.0174039 0.548316
4 0.779303 0.577824 0.0404044 0.0424101 0.544774
9 0.159651 0.71523 0.0184036 0.0203259 0.515479
5 0.806324 0.384293 0.0238386 0.0353864 0.512549
5 0.779264 0.57801 0.0409127 0.0426745 0.505303
3 0.8821 0.2515 0.0165943 0.0104065 0.490514
8 0.208703 0.91523 0.167902 0.16954 0.482329
5 0.915545 0.391475 0.0357716 0.0265498 0.474544
9 0.120193 0.743787 0.0114475 0.0213178 0.471224
3 0.744733 0.193138 0.0138044 0.00967624 0.459491
5 0.93616 0.455609 0.0596931 0.0327842 0.452296
5 0.768505 0.61925 0.0420958 0.0359675 0.451657
9 0.159761 0.746392 0.0167011 0.0259463 0.438129
3 0.897316 0.339874 0.0265915 0.0178736 0.424162
5 0.692699 0.572291 0.025739 0.0310781 0.417063
9 0.143761 0.745885 0.0171425 0.0278956 0.40771
5 0.63343 0.816456 0.0389252 0.0624214 0.405188
4 0.599728 0.341244 0.0193403 0.0199673 0.403045
3 0.0258411 0.599403 0.0353983 0.0361729 0.400797
3 0.00325009 0.713686 0.00650018 0.0440677 0.38982
3 0.599214 0.341794 0.0195157 0.0207774 0.358318
3 0.753998 0.176828 0.013497 0.0102172 0.351861
5 0.209721 0.916136 0.169699 0.167728 0.348645
3 0.743335 0.29568 0.0107949 0.0131091 0.34097
3 0.900094 0.295512 0.0237783 0.0120022 0.322961
5 0.0262869 0.599764 0.0363768 0.0374437 0.315115
3 0.815857 0.315261 0.0140087 0.0129584 0.313869
3 0.752995 0.472078 0.0132417 0.0214471 0.31242
3 0.750943 0.191594 0.0139052 0.0103158 0.303666
0 0.152885 0.830244 0.00813911 0.0160544 0.292582
5 0.762974 0.622021 0.048903 0.0395073 0.290281
3 0.715665 0.28092 0.0147498 0.0170197 0.266457
4 0.73543 0.690359 0.0482305 0.0425728 0.259604
9 0.849347 0.735822 0.0200608 0.0186908 0.258155
9 0.177768 0.629482 0.010513 0.0206332 0.253714
