3 0.628106 0.935494 0.0311421 0.0710401 0.861523
3 0.590449 0.758241 0.02686 0.0537864 0.837641
3 0.311578 0.822402 0.0235976 0.0578326 0.832006
3 0.427468 0.188132 0.0103926 0.0169191 0.756044
3 0.321518 0.730977 0.0213727 0.0560931 0.736352
3 0.43273 0.213536 0.012002 0.0173728 0.714099
5 0.319673 0.642014 0.0284116 0.0743759 0.70657
3 0.311172 0.205171 0.0221169 0.0189856 0.663724
3 0.324663 0.217808 0.0201184 0.0201018 0.593394
3 0.467292 0.0456382 0.0160192 0.0110154 0.581898
3 0.294189 0.190678 0.0249519 0.0172691 0.521249
3 0.403342 0.0519859 0.0177815 0.0128552 0.488286
3 0.439986 0.168687 0.0110562 0.0158916 0.488125
3 0.303947 0.966399 0.0234979 0.0603049 0.464619
3 0.468225 0.0604574 0.0148216 0.012706 0.390498
9 0.612497 0.84601 0.0134681 0.0329745 0.369508
3 0.290108 0.189125 0.0251643 0.015909 0.368005
3 0.363488 0.0862624 0.0140458 0.0139777 0.351906
3 0.419075 0.153334 0.011054 0.0148579 0.344686
3 0.432694 0.0431514 0.0202434 0.0127498 0.311405
3 0.453652 0.0558529 0.0127601 0.0128705 0.307925
3 0.545504 0.531472 0.0242829 0.0416853 0.290743
3 0.364553 0.0770324 0.0100586 0.0120671 0.275237
3 0.477263 0.0604971 0.016622 0.0118248 0.255459
9 0.286042 0.853794 0.0240002 0.0165519 0.252092
