8 0.791327 0.490979 0.135056 0.166391 0.869848
3 0.711419 0.487143 0.0511243 0.0638185 0.855501
3 0.693017 0.433624 0.0428787 0.0469017 0.838861
3 0.538194 0.284267 0.0252747 0.0321252 0.83232
4 0.83619 0.611937 0.0746496 0.104163 0.790727
3 0.419612 0.315643 0.021316 0.0304776 0.787202
5 0.628005 0.341153 0.0850453 0.124011 0.758065
3 0.354245 0.220616 0.0143961 0.0214118 0.748185
5 0.444834 0.347882 0.035671 0.0655407 0.738064
3 0.375805 0.247871 0.017021 0.0254788 0.727931
3 0.39062 0.268821 0.0178236 0.0288363 0.722107
3 0.569198 0.311651 0.0328775 0.0390648 0.646074
0 0.622181 0.90855 0.018828 0.0798741 0.62837
0 0.415464 0.467788 0.00773948 0.0343257 0.620836
0 0.517318 0.731548 0.0116716 0.0526928 0.603838
0 0.501128 0.738203 0.0121569 0.0528196 0.584513
3 0.36473 0.199749 0.0136957 0.0204057 0.583007
0 0.441111 0.489714 0.0101402 0.0408969 0.576626
0 0.42667 0.478396 0.00940399 0.0414715 0.556972
3 0.424251 0.276858 0.0212994 0.0301139 0.556397
0 0.462783 0.608142 0.0101059 0.0419706 0.532967
3 0.412141 0.229956 0.0188024 0.0241908 0.519624
3 0.393909 0.240696 0.0164115 0.0199786 0.454425
3 0.350129 0.2015 0.012754 0.0202996 0.449293
3 0.408997 0.259429 0.0170145 0.0229686 0.41095
8 0.378583 0.177662 0.0343445 0.062615 0.410652
3 0.347768 0.174952 0.0127718 0.025582 0.408733
3 0.435235 0.25432 0.0231911 0.0325029 0.402895
0 0.402099 0.469104 0.00835549 0.0322114 0.391301
3 0.357229 0.160883 0.00980545 0.0181396 0.389963
5 0.378566 0.177959 0.0337908 0.0614469 0.351938
8 0.628218 0.341396 0.085866 0.128653 0.3421
5 0.435059 0.254227 0.0232319 0.0329072 0.292763
3 0.376869 0.214892 0.0175985 0.0244261 0.266503
3 0.331356 0.0938193 0.0107825 0.0166666 0.262821
5 0.329024 0.16248 0.0174706 0.0432448 0.261985
