4 0.567798 0.162266 0.0964807 0.102251 0.934649
3 0.697418 0.173596 0.108794 0.0854886 0.884945
0 0.738007 0.616187 0.0343625 0.076586 0.847878
0 0.3436 0.765724 0.0268861 0.0672258 0.8364
0 0.454215 0.836556 0.0316322 0.0703474 0.82426
0 0.193983 0.396401 0.0261194 0.06668 0.820049
0 0.479362 0.394168 0.017641 0.0704311 0.80181
0 0.376877 0.169356 0.0135336 0.0632964 0.764999
0 0.585105 0.447646 0.0195671 0.0761796 0.760433
0 0.425995 0.441978 0.0205724 0.0695463 0.752124
0 0.379699 0.348462 0.0183462 0.0594533 0.750759
0 0.517567 0.447492 0.0178509 0.0724319 0.747134
0 0.703234 0.619692 0.0256638 0.0765948 0.742147
0 0.417887 0.302139 0.0187984 0.0743343 0.68785
0 0.430366 0.672163 0.0252165 0.0572206 0.668712
0 0.549215 0.3876 0.01655 0.0487063 0.668447
0 0.616105 0.449652 0.0245813 0.0844423 0.651771
0 0.500594 0.393623 0.0161224 0.0623333 0.627552
0 0.304146 0.454387 0.0241333 0.0805359 0.622099
0 0.0550932 0.979596 0.0415953 0.0367235 0.61661
0 0.322153 0.452309 0.0276386 0.0679986 0.61241
0 0.383608 0.458297 0.0281875 0.0823257 0.610617
0 0.657968 0.429731 0.0204359 0.0615314 0.607897
0 0.447423 0.3868 0.0188376 0.0611297 0.596689
0 0.431518 0.376757 0.0153215 0.0562063 0.585065
0 0.56127 0.401023 0.0162718 0.0725384 0.565041
0 0.41387 0.379825 0.0205084 0.0569395 0.51979
0 0.424971 0.738116 0.0326742 0.057055 0.510326
0 0.428094 0.719546 0.0308655 0.0656199 0.495283
0 0.553285 0.400878 0.0264969 0.0745462 0.473007
0 0.0198195 0.970143 0.0393547 0.0515345 0.427623
0 0.388291 0.469753 0.0205514 0.0643275 0.421347
3 0.288748 0.133215 0.104394 0.0876929 0.400084
2 0.616431 0.451946 0.0250984 0.0843225 0.384089
0 0.429051 0.705534 0.0302551 0.0570092 0.38145
0 0.411135 0.383536 0.0229574 0.0611836 0.351343
0 0.42976 0.679328 0.0308929 0.0606426 0.295151
0 0.38368 0.359605 0.0166194 0.0522838 0.253242
