3 0.830094 0.934739 0.0560653 0.12401 0.880769
3 0.975956 0.952877 0.0478195 0.0932864 0.860179
3 0.912222 0.951703 0.0602087 0.0965937 0.856279
3 0.224405 0.308179 0.02109 0.0233069 0.724314
3 0.532181 0.209062 0.0217884 0.012089 0.72035
3 0.533357 0.241487 0.0228993 0.0142229 0.635499
3 0.205484 0.329333 0.0235606 0.0261932 0.587556
3 0.478435 0.188109 0.00800097 0.0114497 0.582597
3 0.535056 0.254562 0.0238205 0.0135663 0.56482
9 0.441278 0.755922 0.0175116 0.0419228 0.561361
5 0.279813 0.863696 0.112269 0.106645 0.557171
3 0.502475 0.24571 0.00798122 0.0182931 0.551691
9 0.870786 0.720732 0.0289393 0.0268687 0.535792
3 0.531337 0.193912 0.0185822 0.0112578 0.521191
3 0.532926 0.212178 0.02134 0.0104528 0.495793
3 0.529375 0.175007 0.0152683 0.0112404 0.472421
3 0.254374 0.267499 0.0227873 0.0183475 0.472024
9 0.988559 0.741727 0.0228821 0.0248511 0.454941
3 0.528416 0.153743 0.0167326 0.00974801 0.40856
3 0.27973 0.863866 0.111078 0.105578 0.391119
3 0.528307 0.143154 0.0149837 0.00872485 0.379147
3 0.528783 0.167427 0.0159452 0.00892915 0.352565
3 0.521521 0.124 0.00692557 0.00820748 0.340169
3 0.492441 0.107059 0.00684527 0.0112776 0.281355
3 0.531129 0.184925 0.0177274 0.00917441 0.268841
9 0.930666 0.690473 0.0305983 0.0170265 0.262069
2 0.4413 0.756555 0.0165387 0.0408447 0.252178
