4 0.644666 0.725882 0.110642 0.0950619 0.824047
0 0.39798 0.814039 0.0150594 0.0359592 0.78047
0 0.381307 0.262078 0.0135288 0.0537173 0.759595
0 0.390739 0.328449 0.0123521 0.0458791 0.718919
0 0.424231 0.313589 0.0139216 0.0490055 0.717493
0 0.434931 0.0291178 0.0128224 0.0536877 0.698948
0 0.438083 0.901717 0.0202115 0.0390678 0.660873
0 0.406506 0.202262 0.0112702 0.0548188 0.648772
0 0.380806 0.334535 0.012372 0.0525672 0.64255
0 0.416133 0.20417 0.0109446 0.0489694 0.642034
0 0.404866 0.0504862 0.0125487 0.0534021 0.63427
0 0.449138 0.812087 0.0152544 0.0351362 0.621143
0 0.250042 0.854261 0.0226654 0.0381505 0.567589
5 0.842225 0.937145 0.234802 0.118819 0.529507
0 0.440223 0.143962 0.0124215 0.0502337 0.504357
5 0.930068 0.674914 0.139016 0.181539 0.43901
6 0.713161 0.110468 0.0697012 0.0520054 0.369821
0 0.272296 0.805703 0.0241892 0.0288076 0.364139
6 0.708707 0.0508828 0.130055 0.0731828 0.354845
0 0.41404 0.204051 0.00967351 0.0528515 0.354201
5 0.94512 0.134618 0.109507 0.144547 0.351894
7 0.90783 0.368635 0.139549 0.158623 0.331832
0 0.436598 0.142631 0.0107473 0.0472057 0.311433
7 0.713463 0.156087 0.0784844 0.0578242 0.304308
0 0.36305 0.393591 0.014936 0.035104 0.300995
9 0.453432 0.716206 0.0251835 0.0639284 0.281007
0 0.452546 0.0477936 0.0101402 0.0397968 0.272712
0 0.481806 0.0928373 0.0129558 0.054295 0.260719
