3 0.518567 0.871582 0.019594 0.0143374 0.844738
3 0.460791 0.527482 0.0111077 0.0341734 0.844619
3 0.51866 0.981419 0.0239557 0.0173324 0.833417
3 0.233051 0.63731 0.0257344 0.0157258 0.83044
3 0.212639 0.238484 0.024389 0.0153019 0.821494
3 0.521351 0.853246 0.023534 0.0158593 0.818561
3 0.213557 0.204325 0.0233776 0.0141086 0.818172
3 0.243585 0.618707 0.0206864 0.015682 0.812648
3 0.4787 0.0169676 0.0108444 0.0339352 0.809815
3 0.153436 0.206535 0.0122561 0.034289 0.795261
3 0.148743 0.0460245 0.0125086 0.0358959 0.791332
3 0.706475 0.784738 0.0246609 0.0149985 0.789248
3 0.652835 0.522959 0.0236635 0.0168635 0.778803
3 0.530435 0.309592 0.0227249 0.0168 0.77836
3 0.489878 0.525608 0.0105392 0.0342738 0.774701
3 0.521674 0.774227 0.0222273 0.0258558 0.773675
3 0.529789 0.289207 0.0230608 0.0158447 0.771219
3 0.670899 0.823579 0.0112805 0.0358619 0.759911
3 0.57109 0.468681 0.0231417 0.017414 0.750521
3 0.521937 0.753909 0.0221734 0.0198896 0.749671
3 0.213294 0.221819 0.0227039 0.0137905 0.746796
3 0.148963 0.143749 0.0123527 0.0338348 0.745671
3 0.661954 0.78082 0.0241033 0.0164292 0.743489
3 0.570848 0.60965 0.0236113 0.0156197 0.738833
3 0.213782 0.186965 0.0220184 0.0148583 0.729216
3 0.120864 0.640449 0.0257755 0.0158505 0.72505
3 0.461271 0.812015 0.0117725 0.0376815 0.722686
3 0.679442 0.5211 0.0225371 0.0137824 0.712333
3 0.528582 0.416703 0.0116367 0.0369737 0.707046
3 0.543934 0.411527 0.0114801 0.0336779 0.706116
3 0.216864 0.0105706 0.0219017 0.0176801 0.696887
3 0.518654 0.948523 0.0228906 0.0159486 0.693178
3 0.214374 0.148861 0.0236066 0.0154709 0.692256
3 0.480424 0.172327 0.00938939 0.0336487 0.669914
3 0.470641 0.433958 0.0117487 0.0368172 0.667455
3 0.651544 0.901025 0.0125643 0.0251689 0.662667
3 0.527039 0.0381978 0.0218571 0.0148542 0.653469
3 0.706177 0.821935 0.0221375 0.0143058 0.653455
3 0.526247 0.02102 0.0212673 0.0149476 0.649635
3 0.215233 0.0818162 0.0225655 0.0153291 0.642612
4 0.476502 0.858748 0.0101593 0.0417429 0.626506
3 0.644999 0.827485 0.0108386 0.0360212 0.622477
3 0.214614 0.0683525 0.0222235 0.0155884 0.617188
3 0.522735 0.7279 0.0226765 0.0191826 0.615475
3 0.524726 0.146152 0.0207138 0.0143409 0.6056
3 0.706678 0.768707 0.0247012 0.0150317 0.599527
3 0.687822 0.889572 0.0106915 0.0255305 0.59881
3 0.524131 0.713328 0.020039 0.0188143 0.598669
3 0.707256 0.801413 0.0242612 0.0147847 0.594919
3 0.526027 0.11592 0.0236379 0.0169385 0.593407
3 0.864932 0.548687 0.0241079 0.0179236 0.592552
3 0.214584 0.0316671 0.022488 0.0167079 0.580458
5 0.463739 0.150796 0.0139361 0.0451017 0.574747
3 0.524646 0.118014 0.0225715 0.0151191 0.574006
3 0.147138 0.00789323 0.0135973 0.0156234 0.571339
3 0.524747 0.0719496 0.0233869 0.0161044 0.567152
3 0.585806 0.491479 0.0137959 0.0190621 0.566653
3 0.215595 0.0984391 0.0219764 0.0148367 0.555592
3 0.575559 0.413648 0.0116084 0.0348806 0.551667
3 0.215266 0.0501484 0.0221291 0.0155954 0.549552
3 0.52575 0.0527845 0.021733 0.0132766 0.540431
3 0.244058 0.615547 0.021493 0.0176361 0.539065
3 0.517699 0.932092 0.0215542 0.0144475 0.510368
4 0.706925 0.751111 0.0239277 0.0161247 0.507827
3 0.214615 0.0363772 0.0217668 0.0184072 0.507414
3 0.484287 0.986655 0.0122295 0.0261383 0.498433
3 0.523822 0.699025 0.018593 0.0164467 0.498301
3 0.494242 0.386559 0.0108095 0.0317144 0.486724
3 0.521729 0.829025 0.0223322 0.0159737 0.478307
3 0.524731 0.178217 0.020865 0.0129493 0.463303
3 0.522056 0.735362 0.0227322 0.0202764 0.461455
5 0.463624 0.114282 0.0139709 0.0295472 0.456687
3 0.518755 0.917162 0.0198727 0.0159202 0.456011
3 0.706992 0.817888 0.0228348 0.0145159 0.455639
3 0.565301 0.352118 0.00954651 0.0180855 0.454879
3 0.216203 0.116039 0.0220944 0.0150101 0.448386
3 0.496243 0.444504 0.0212988 0.0296625 0.438797
3 0.598042 0.604684 0.0232431 0.0167175 0.430247
3 0.524442 0.159577 0.0212962 0.0135068 0.42946
3 0.661369 0.764704 0.0244096 0.01728 0.42223
5 0.0175552 0.655734 0.0292843 0.0272494 0.416691
3 0.812945 0.563069 0.0218181 0.0155759 0.407969
3 0.463797 0.113714 0.013973 0.0299126 0.39861
3 0.708761 0.583859 0.0195826 0.0163348 0.395134
3 0.839845 0.487312 0.0199943 0.0142707 0.394933
3 0.525577 0.0572765 0.022264 0.0131952 0.390494
3 0.521234 0.840577 0.0224893 0.0119283 0.385113
3 0.716179 0.581981 0.029216 0.0168579 0.377931
3 0.566641 0.0194517 0.0206736 0.021537 0.366679
3 0.214528 0.152014 0.0229962 0.0140678 0.350165
3 0.215372 0.13067 0.0220314 0.0159826 0.348483
3 0.567019 0.240574 0.012653 0.0360126 0.346942
3 0.836275 0.557021 0.0210671 0.0160838 0.345805
5 0.524476 0.185731 0.0215135 0.0153395 0.34466
3 0.524475 0.165549 0.020973 0.0165527 0.339513
3 0.82156 0.49231 0.0192461 0.0166636 0.339331
8 0.144411 0.0874591 0.0148059 0.0328498 0.339189
3 0.556202 0.393678 0.0107084 0.0184958 0.323045
3 0.52436 0.382219 0.020496 0.0197068 0.314413
3 0.544871 0.496158 0.0133858 0.0175761 0.311525
4 0.143999 0.0880161 0.0148607 0.0323696 0.310444
9 0.210247 0.603948 0.00895551 0.0089048 0.308315
3 0.271843 0.927354 0.0188533 0.0195877 0.306163
3 0.529145 0.282989 0.0221068 0.0160531 0.304666
3 0.272218 0.00752311 0.0119327 0.0150326 0.298291
3 0.55823 0.4157 0.0112597 0.0302593 0.296577
3 0.541912 0.51471 0.012471 0.0249501 0.294549
3 0.837169 0.554613 0.0209774 0.0149052 0.294029
3 0.560782 0.496723 0.0175334 0.0157601 0.281304
3 0.521832 0.741833 0.021615 0.0140006 0.280119
3 0.558125 0.423644 0.0106898 0.0154196 0.26626
3 0.529086 0.31835 0.0218986 0.0142326 0.265042
3 0.214037 0.164501 0.0234401 0.015043 0.257926
3 0.523947 0.0855918 0.0225517 0.0144581 0.250615
