0 0.394181 0.473653 0.0145611 0.026772 0.668558
9 0.394101 0.802259 0.0183585 0.0626298 0.667258
9 0.182596 0.423946 0.0367128 0.0380584 0.580051
0 0.372458 0.485481 0.011953 0.0275846 0.57462
0 0.326532 0.399505 0.0125265 0.0276119 0.572099
0 0.419576 0.447866 0.011729 0.0277065 0.558135
0 0.399067 0.441168 0.0133348 0.0272401 0.532975
9 0.181137 0.418817 0.0377761 0.0310401 0.530282
0 0.494765 0.175555 0.00885402 0.0339492 0.499981
9 0.604522 0.586201 0.0130383 0.0431131 0.487277
0 0.386348 0.659061 0.0151343 0.0351396 0.487005
0 0.98538 0.654746 0.0268585 0.0251566 0.486541
9 0.565516 0.520068 0.0212706 0.0437766 0.473868
7 0.440467 0.130494 0.0240076 0.0663482 0.468701
0 0.516739 0.184232 0.0109647 0.0382642 0.466153
0 0.369731 0.452876 0.0120196 0.0310497 0.426529
0 0.345241 0.460183 0.0116481 0.0260375 0.425433
0 0.402217 0.600747 0.0109368 0.0251093 0.393766
0 0.311052 0.485246 0.0157992 0.0330894 0.389724
9 0.414467 0.813137 0.0149767 0.0361678 0.383306
0 0.58422 0.479984 0.0116821 0.0276121 0.380575
0 0.371621 0.455684 0.0113508 0.033093 0.364122
0 0.52124 0.746116 0.00943556 0.0291199 0.362897
9 0.342039 0.329806 0.0159045 0.0451479 0.34684
9 0.420226 0.792705 0.0151824 0.0384854 0.344112
9 0.397978 0.726518 0.0263815 0.0256939 0.325455
7 0.80081 0.64227 0.0452474 0.0372517 0.321934
0 0.402809 0.701655 0.0131138 0.0221505 0.310921
9 0.326002 0.284237 0.0168613 0.0443702 0.306636
0 0.232548 0.123173 0.0102187 0.0344032 0.300976
9 0.567857 0.47317 0.0157967 0.0252154 0.297149
0 0.505127 0.175344 0.00984022 0.0336708 0.292373
0 0.236638 0.0182977 0.0109211 0.0346161 0.285452
9 0.152836 0.400129 0.0245422 0.0288472 0.282063
0 0.356143 0.650944 0.0137602 0.0224195 0.272248
0 0.38693 0.653986 0.0148647 0.0304755 0.270198
9 0.153698 0.436882 0.0220347 0.0273859 0.269171
9 0.327113 0.27948 0.0144974 0.038335 0.266856
0 0.303079 0.179364 0.011351 0.0361244 0.255881
