0 0.571954 0.419781 0.0500115 0.153338 0.886387
0 0.358037 0.572395 0.0678071 0.175864 0.885115
0 0.117937 0.483143 0.0812449 0.156717 0.882079
0 0.447364 0.405717 0.0554377 0.156375 0.871978
0 0.487616 0.527429 0.0564906 0.20225 0.831204
0 0.624561 0.398157 0.0414679 0.141586 0.822228
0 0.672651 0.429276 0.0396601 0.163363 0.807867
0 0.478121 0.29648 0.0414066 0.127442 0.800484
0 0.290165 0.613802 0.0728256 0.221808 0.793835
0 0.834227 0.657885 0.0780932 0.132179 0.737761
0 0.284464 0.585171 0.0838901 0.280074 0.712854
9 0.512804 0.7921 0.169956 0.226538 0.439261
0 0.26262 0.486149 0.0789248 0.145152 0.399543
0 0.511484 0.581185 0.0780805 0.097959 0.25713
