3 0.545583 0.307003 0.0221466 0.0206615 0.848895
3 0.677667 0.0773495 0.0235001 0.0178405 0.843985
3 0.227989 0.757236 0.0216688 0.0158915 0.840398
3 0.484785 0.364747 0.0116625 0.0332418 0.840202
3 0.642393 0.087076 0.0229662 0.0153901 0.832541
3 0.730525 0.33729 0.0248445 0.0151664 0.822581
3 0.541337 0.422446 0.0210405 0.0156221 0.819609
3 0.54509 0.326708 0.0224847 0.0266376 0.816439
3 0.543832 0.405226 0.0229233 0.0146742 0.814158
3 0.703258 0.0734254 0.0225324 0.0186778 0.811297
3 0.865945 0.0388063 0.0209473 0.0192308 0.80886
3 0.547502 0.811674 0.0214737 0.0279416 0.805073
3 0.255796 0.770446 0.0219087 0.0174601 0.803841
3 0.49262 0.0369672 0.0116354 0.0350848 0.80378
3 0.498689 0.190258 0.0115124 0.0381542 0.803477
4 0.489897 0.741876 0.0127344 0.0440239 0.801295
3 0.512302 0.11291 0.0115154 0.0330227 0.799966
3 0.694202 0.378706 0.0120083 0.0314877 0.791437
3 0.517788 0.869989 0.0137762 0.0344886 0.791239
3 0.339319 0.172424 0.0210767 0.0182735 0.789941
3 0.685888 0.333779 0.024392 0.0160331 0.788752
3 0.839385 0.0480912 0.0245424 0.0266684 0.78822
3 0.54597 0.28359 0.0236351 0.0261213 0.787171
3 0.363263 0.892211 0.0119962 0.0390943 0.786924
3 0.505884 0.547324 0.0105291 0.0343643 0.784439
3 0.668094 0.38035 0.0117889 0.0328477 0.768372
3 0.548339 0.259977 0.0235996 0.0249811 0.768127
3 0.731016 0.3196 0.0246311 0.0158829 0.757799
3 0.128712 0.17657 0.0227737 0.0142003 0.756337
3 0.513203 0.80196 0.0106839 0.0368837 0.756282
3 0.376411 0.348585 0.0112723 0.0344833 0.754049
8 0.336377 0.978899 0.0188712 0.0408755 0.752756
3 0.567974 0.822065 0.0254522 0.0205494 0.749752
3 0.255218 0.714057 0.0236668 0.0159046 0.736711
3 0.593199 0.0970706 0.0244507 0.019619 0.736294
3 0.730725 0.354073 0.0251555 0.0161314 0.733391
3 0.730992 0.3026 0.0243881 0.015347 0.732683
3 0.684558 0.316092 0.0229969 0.0164435 0.728034
3 0.477969 0.686722 0.0125068 0.0454264 0.720335
3 0.541779 0.005093 0.023159 0.0101192 0.720276
3 0.534654 0.620291 0.0213407 0.0188771 0.652717
3 0.231049 0.684472 0.0223757 0.0156184 0.648983
3 0.541242 0.534324 0.0238841 0.0172293 0.634246
3 0.258039 0.191819 0.0228097 0.016335 0.627941
4 0.375512 0.740222 0.0128361 0.0422704 0.617245
3 0.253344 0.667182 0.0220416 0.0159066 0.609101
4 0.381845 0.425946 0.0118985 0.0395492 0.605021
3 0.537317 0.596295 0.0196598 0.0206296 0.603476
3 0.541928 0.498286 0.0242307 0.0144235 0.602386
3 0.545608 0.382373 0.0217352 0.0148222 0.563696
3 0.254841 0.681194 0.0226756 0.0164973 0.551321
3 0.34758 0.382297 0.0116203 0.0383274 0.546766
4 0.376298 0.732831 0.0127519 0.0539301 0.545594
3 0.731038 0.371645 0.0267218 0.0166639 0.529765
3 0.674218 0.450481 0.0120459 0.0260368 0.525789
3 0.531953 0.707316 0.0213923 0.0132021 0.525381
3 0.545177 0.391606 0.0222096 0.0130142 0.521791
3 0.532667 0.693455 0.0234318 0.0149284 0.495206
3 0.537326 0.600727 0.0181408 0.0189948 0.492874
3 0.245423 0.741666 0.0149217 0.0145422 0.487149
5 0.529787 0.653561 0.0347332 0.0205645 0.480353
3 0.540898 0.472391 0.0198538 0.0133715 0.473826
3 0.5415 0.483134 0.0220985 0.0144702 0.473344
3 0.541494 0.526061 0.0242337 0.0173507 0.4722
3 0.536244 0.574548 0.0208746 0.0220188 0.467609
4 0.532255 0.721391 0.0213546 0.0136838 0.459454
3 0.532287 0.653148 0.0299813 0.0195324 0.449154
3 0.310129 0.442685 0.0260245 0.0160997 0.444152
3 0.545976 0.384877 0.0215591 0.0157299 0.442281
3 0.531876 0.636175 0.0283226 0.0174252 0.421957
3 0.729468 0.285169 0.0220474 0.0151011 0.409053
3 0.292986 0.480398 0.0169543 0.0190822 0.405476
3 0.536908 0.612653 0.0185236 0.0178831 0.39386
3 0.251319 0.661948 0.0197433 0.0184066 0.369943
3 0.532167 0.721275 0.0198842 0.013856 0.369732
3 0.00485841 0.641779 0.00961309 0.0154251 0.366977
9 0.552011 0.15972 0.011088 0.00994033 0.331808
3 0.591856 0.0193743 0.0175541 0.0199048 0.330814
3 0.541172 0.531271 0.0244429 0.0169646 0.296603
4 0.376694 0.721258 0.0120963 0.0303115 0.280495
3 0.339255 0.196583 0.0182588 0.0130186 0.278898
3 0.730693 0.367563 0.0248377 0.0161409 0.271248
5 0.528932 0.668882 0.026703 0.0161744 0.26096
4 0.152403 0.649132 0.0272486 0.016317 0.250057
