8 0.89541 0.39599 0.0442327 0.0716115 0.887735
5 0.781123 0.796627 0.0598933 0.0992003 0.882235
5 0.878764 0.231453 0.0394285 0.0577423 0.843502
3 0.671349 0.285936 0.0219212 0.0208158 0.791652
3 0.951127 0.34585 0.0195022 0.0249153 0.782847
3 0.194193 0.428243 0.0288595 0.0267475 0.778479
5 0.869135 0.720859 0.04044 0.137345 0.775479
5 0.831154 0.730794 0.0462936 0.0829565 0.774786
4 0.620713 0.965378 0.0530759 0.0648574 0.774718
5 0.739026 0.246672 0.0383694 0.0438193 0.756867
3 0.799287 0.285368 0.0217056 0.0238338 0.726568
3 0.919706 0.174602 0.0147858 0.0214718 0.702968
3 0.458139 0.238841 0.0282289 0.0226789 0.694851
5 0.859996 0.159591 0.0211591 0.0350449 0.691155
5 0.959374 0.13736 0.0152848 0.0315896 0.679147
3 0.677404 0.175886 0.0182983 0.0182805 0.657156
3 0.930012 0.341251 0.0159546 0.0255051 0.653171
5 0.952836 0.0759883 0.0146549 0.0356906 0.636568
3 0.939231 0.175254 0.0135708 0.0219251 0.635058
4 0.686973 0.903813 0.0469316 0.0621195 0.621654
3 0.840519 0.189843 0.0156496 0.0203929 0.61371
3 0.966095 0.108082 0.0106116 0.0192469 0.612374
3 0.947446 0.119543 0.0119972 0.0181297 0.546333
5 0.822877 0.123772 0.0220184 0.029084 0.537333
3 0.849611 0.243644 0.0182197 0.0233607 0.51995
5 0.989289 0.709514 0.0214226 0.127478 0.505029
3 0.865719 0.390221 0.0200684 0.0268432 0.487419
3 0.687034 0.903396 0.0470939 0.0635106 0.411671
3 0.323642 0.261957 0.0164849 0.0182706 0.406497
3 0.938119 0.146152 0.0114383 0.0189975 0.393746
5 0.684311 0.966085 0.0784872 0.0622201 0.383123
3 0.929891 0.344436 0.0141073 0.021932 0.374016
3 0.460015 0.329018 0.0219709 0.0191097 0.373226
4 0.587205 0.313551 0.0271416 0.0240024 0.348978
3 0.871748 0.037873 0.00656581 0.0134512 0.332457
3 0.606304 0.278714 0.0236334 0.0240928 0.325491
3 0.858539 0.0669665 0.0106396 0.0137739 0.324241
3 0.89263 0.0671991 0.0100289 0.0172644 0.305421
3 0.615786 0.274618 0.0166566 0.0211079 0.301331
3 0.685081 0.227157 0.0117729 0.0170821 0.297566
3 0.884493 0.0268201 0.00730059 0.0127026 0.266465
3 0.898237 0.0247436 0.00918753 0.016841 0.25548
3 0.864066 0.0707809 0.00990069 0.0149731 0.25268
