0 0.586279 0.82996 0.0234474 0.0800985 0.81432
0 0.702003 0.878415 0.0217186 0.0870862 0.787363
0 0.669981 0.874993 0.0252796 0.0885784 0.725226
0 0.745787 0.739502 0.0162706 0.0554331 0.706902
0 0.503789 0.610596 0.0086809 0.0333884 0.694806
0 0.82209 0.972516 0.0375725 0.0549684 0.689583
9 0.142415 0.603273 0.0125376 0.0248138 0.688741
0 0.432302 0.589646 0.00837481 0.0294095 0.655982
0 0.616955 0.727162 0.0134421 0.056528 0.653746
3 0.399519 0.508699 0.0132467 0.0129823 0.640288
0 0.442714 0.587844 0.00865326 0.0303925 0.618151
1 0.142189 0.595888 0.0104349 0.0228963 0.611087
3 0.167957 0.544262 0.0241866 0.0210149 0.530764
3 0.428166 0.537214 0.0176547 0.0207159 0.521116
3 0.370525 0.493192 0.0148463 0.0124015 0.504606
3 0.415151 0.526014 0.0177128 0.0164554 0.437167
0 0.535536 0.634856 0.0120457 0.0384913 0.421212
3 0.215786 0.51418 0.0176944 0.0169098 0.419558
0 0.540851 0.636662 0.0109589 0.0349149 0.403722
1 0.559586 0.702841 0.0154762 0.0517565 0.403006
3 0.129819 0.538787 0.0318691 0.0239616 0.402862
3 0.259989 0.495005 0.0123915 0.0112671 0.387672
0 0.67287 0.880946 0.0240387 0.0783272 0.3742
0 0.444429 0.58671 0.00890028 0.0308566 0.360793
3 0.195507 0.530432 0.0199185 0.0188753 0.334537
0 0.560214 0.708625 0.0156943 0.0534687 0.315574
3 0.374951 0.493609 0.0125634 0.0137068 0.303213
0 0.538547 0.636291 0.0136121 0.0364759 0.298367
3 0.390353 0.49567 0.0143605 0.0129677 0.28173
3 0.191588 0.540027 0.0273524 0.0265317 0.277321
3 0.285598 0.481113 0.0099658 0.0130569 0.273297
3 0.189877 0.544888 0.0281554 0.0232338 0.272509
3 0.216144 0.517486 0.0183379 0.0152498 0.272248
3 0.258624 0.502266 0.0131561 0.014338 0.269077
3 0.379801 0.49337 0.0116964 0.0121035 0.260326
