3 0.475277 0.892221 0.0251396 0.0709721 0.769238
7 0.51818 0.933137 0.0256274 0.0833551 0.732356
7 0.635444 0.956798 0.0380846 0.044407 0.70789
9 0.6462 0.819826 0.0109138 0.0352149 0.6271
6 0.543921 0.602121 0.00944044 0.0268496 0.51008
3 0.495384 0.493611 0.0131492 0.0252534 0.469475
7 0.45462 0.544403 0.0272486 0.0269628 0.426012
9 0.539477 0.713915 0.00863055 0.0251693 0.423792
1 0.539324 0.710229 0.00660639 0.0214322 0.381201
7 0.573361 0.889688 0.0159127 0.0518445 0.372615
6 0.573166 0.889734 0.0151957 0.0498894 0.348809
3 0.547674 0.401016 0.0115686 0.0220288 0.328429
9 0.510604 0.717079 0.00872462 0.0261884 0.317132
6 0.443876 0.602999 0.0241167 0.0259098 0.314186
9 0.441317 0.70054 0.0164112 0.0241448 0.309465
9 0.443816 0.644581 0.0202976 0.0220499 0.307366
6 0.553848 0.446356 0.0103966 0.0188644 0.304252
9 0.451599 0.643119 0.00985718 0.0191056 0.296226
6 0.553155 0.465949 0.00892483 0.022444 0.295247
9 0.443969 0.684042 0.0132296 0.0227539 0.286124
9 0.418736 0.892931 0.0171699 0.0209614 0.284987
9 0.510964 0.721689 0.00945386 0.0270279 0.280153
1 0.510801 0.712415 0.0076853 0.025324 0.271615
9 0.439964 0.697299 0.0186522 0.0234551 0.256851
