3 0.227774 0.92965 0.0625783 0.139212 0.913903
5 0.459187 0.524354 0.0555956 0.229438 0.900887
3 0.339534 0.441868 0.0369968 0.0982134 0.896885
3 0.428907 0.214095 0.0246184 0.0671259 0.866862
0 0.617966 0.68865 0.0131025 0.0479981 0.827041
0 0.217335 0.646221 0.0137285 0.0500231 0.790701
0 0.557378 0.30076 0.00880511 0.0353768 0.717114
4 0.484057 0.856278 0.0467999 0.200316 0.693489
0 0.36681 0.219024 0.00730362 0.0340215 0.625913
0 0.199338 0.65979 0.0158473 0.0464515 0.622716
0 0.553379 0.115624 0.00604152 0.0329105 0.609858
0 0.674374 0.834959 0.014603 0.0496468 0.600171
0 0.576464 0.327415 0.00966226 0.0379668 0.533483
0 0.552159 0.164681 0.00826111 0.032763 0.485925
0 0.302957 0.154838 0.00764714 0.0327264 0.437449
0 0.534763 0.0952859 0.00704167 0.0291118 0.399083
0 0.542079 0.101662 0.00656978 0.0267005 0.391117
0 0.340549 0.207057 0.00813947 0.0374343 0.340314
0 0.580779 0.800728 0.0111826 0.0417181 0.334662
0 0.257426 0.39087 0.00917805 0.0368679 0.309386
0 0.389633 0.23541 0.00843305 0.0338362 0.277654
0 0.546319 0.0628425 0.00720577 0.0326603 0.268223
0 0.34229 0.207598 0.00885969 0.0368836 0.254024
0 0.258695 0.392788 0.00910769 0.0400503 0.250629
