3 0.525131 0.263518 0.0252838 0.0175817 0.712946
8 0.944069 0.26128 0.0695847 0.048652 0.683791
3 0.88722 0.288258 0.0224915 0.0198677 0.586527
3 0.894002 0.411995 0.0238432 0.027579 0.516744
3 0.65057 0.263887 0.0244436 0.0172653 0.472774
3 0.612192 0.259923 0.0222427 0.0175813 0.408336
3 0.879719 0.26729 0.0235223 0.0205797 0.390189
5 0.815329 0.268406 0.0512043 0.0359089 0.36281
8 0.823488 0.265729 0.0639343 0.0416693 0.361975
3 0.875411 0.266754 0.0182234 0.0201551 0.361833
3 0.9106 0.272015 0.0146099 0.0223989 0.325544
0 0.553275 0.291426 0.00615356 0.017122 0.308385
0 0.403471 0.29595 0.0064808 0.0178117 0.280196
3 0.606758 0.280398 0.0280073 0.0192179 0.263702
