3 0.586055 0.629729 0.0429075 0.0528339 0.900079
5 0.828166 0.261741 0.0468861 0.0460817 0.899791
3 0.798642 0.637184 0.050254 0.0432146 0.896584
3 0.663457 0.29278 0.0339187 0.0320428 0.894431
4 0.55247 0.788397 0.0407123 0.0592209 0.889662
3 0.43685 0.480516 0.0286965 0.053177 0.889073
3 0.542028 0.35142 0.0359907 0.0374132 0.888702
3 0.724614 0.257832 0.0326517 0.0306476 0.886592
3 0.577171 0.303241 0.0346808 0.0296291 0.886518
5 0.812586 0.188926 0.0444209 0.0465508 0.885694
3 0.925228 0.907446 0.0435871 0.064874 0.881411
3 0.883334 0.681458 0.0336861 0.0483343 0.878974
3 0.525996 0.310464 0.0332438 0.0336335 0.87831
3 0.808217 0.11112 0.0246193 0.0297217 0.876821
3 0.717656 0.197038 0.0289597 0.0316196 0.876346
3 0.956343 0.774994 0.0478778 0.0577645 0.874986
5 0.672319 0.245867 0.0493859 0.04787 0.869317
3 0.293495 0.477888 0.038099 0.0394256 0.865501
3 0.839779 0.783209 0.0526446 0.0410917 0.865402
3 0.539285 0.189724 0.0346279 0.0252612 0.865344
3 0.816319 0.344919 0.0349226 0.0392431 0.864773
3 0.812864 0.687391 0.0471395 0.0335617 0.863306
4 0.64059 0.700541 0.041616 0.0550471 0.851946
3 0.790886 0.37306 0.0339172 0.0409087 0.850703
3 0.824805 0.732158 0.0505879 0.0306759 0.84354
3 0.886266 0.21887 0.0188473 0.0406059 0.842098
5 0.592929 0.687114 0.105183 0.133265 0.838998
3 0.861132 0.43797 0.036833 0.0435931 0.838682
3 0.956904 0.310162 0.0326544 0.0372737 0.833848
4 0.88296 0.270447 0.0382626 0.0276262 0.830028
5 0.648385 0.963302 0.0877985 0.0733969 0.827266
3 0.932586 0.746838 0.0439436 0.055154 0.825323
3 0.0245366 0.794214 0.0490733 0.0505244 0.822305
4 0.911169 0.725495 0.0397251 0.0571574 0.819814
3 0.87801 0.425989 0.0346977 0.0425496 0.803529
5 0.450036 0.661124 0.0354141 0.0691314 0.789261
3 0.914349 0.383095 0.0366508 0.0395152 0.780461
3 0.8358 0.3317 0.0327557 0.0299033 0.771885
3 0.930723 0.373008 0.0341973 0.03699 0.770875
5 0.616449 0.314007 0.0433443 0.0447761 0.768978
3 0.0587234 0.114652 0.0272702 0.0354175 0.756007
4 0.948419 0.339476 0.0297802 0.0359552 0.755902
3 0.85421 0.322641 0.0311626 0.0399806 0.751233
4 0.887253 0.884956 0.0539314 0.049821 0.738406
3 0.869365 0.313752 0.031179 0.037926 0.733651
3 0.914888 0.0356512 0.0290327 0.0261228 0.724032
5 0.742393 0.932464 0.141875 0.134929 0.707454
3 0.0224118 0.749725 0.0448236 0.0548832 0.706816
3 0.987124 0.815414 0.0257526 0.062645 0.706088
3 0.0207014 0.837158 0.0414027 0.0580552 0.705908
4 0.88234 0.301292 0.0362671 0.0320806 0.683957
3 0.939682 0.356743 0.0332423 0.0339394 0.65415
5 0.711549 0.777196 0.064997 0.0777051 0.59851
3 0.794909 0.954935 0.0388245 0.0470842 0.595247
4 0.971246 0.899818 0.0556785 0.089682 0.594921
0 0.927212 0.20531 0.00817723 0.0158903 0.592206
5 0.0303643 0.11642 0.0607286 0.0938508 0.584365
5 0.0795572 0.188505 0.0568176 0.074899 0.577775
9 0.234407 0.417505 0.016974 0.0190872 0.555056
9 0.920871 0.292272 0.0158928 0.0145519 0.534245
9 0.769109 0.456706 0.0205922 0.0135308 0.516751
5 0.818546 0.965812 0.0863607 0.0683768 0.51032
3 0.541793 0.695956 0.0322002 0.0444366 0.507691
9 0.841677 0.669513 0.0123399 0.0243524 0.499778
3 0.873137 0.156313 0.0207534 0.0244028 0.494931
9 0.984301 0.130294 0.0118284 0.013502 0.484491
0 0.865862 0.391088 0.00741804 0.0167201 0.483794
3 0.859982 0.319467 0.0402605 0.0388616 0.47477
4 0.0167101 0.665906 0.0333478 0.0967146 0.470662
5 0.0242256 0.523423 0.0483157 0.122125 0.466735
5 0.0208662 0.837167 0.0417323 0.0592799 0.463188
3 0.992876 0.289266 0.0142479 0.0308384 0.453553
0 0.81157 0.442061 0.006747 0.0166527 0.450329
5 0.0223556 0.75048 0.0447111 0.0567818 0.440985
7 0.295493 0.63761 0.0364146 0.0297271 0.435802
6 0.745966 0.219453 0.0210558 0.0203333 0.432469
9 0.818766 0.547219 0.0103943 0.0195073 0.431076
9 0.976602 0.260807 0.0148464 0.0138003 0.419531
9 0.830962 0.487234 0.0139425 0.0120367 0.416369
0 0.939489 0.211563 0.00853952 0.0131151 0.411187
9 0.486244 0.55551 0.0148922 0.0159541 0.405821
9 0.864359 0.64879 0.0141525 0.0160565 0.405551
0 0.938174 0.21122 0.00698853 0.0154275 0.395614
5 0.109137 0.182421 0.0813852 0.0922108 0.369556
0 0.810417 0.441872 0.00833723 0.0152999 0.3668
0 0.878968 0.376137 0.00853699 0.0153976 0.351557
9 0.374012 0.660675 0.0175586 0.0179968 0.351418
3 0.887363 0.884961 0.0528303 0.0494204 0.343218
8 0.0800207 0.188238 0.0575126 0.0755158 0.325299
9 0.898589 0.412447 0.0101675 0.0201508 0.318452
1 0.985962 0.12513 0.00620876 0.0169632 0.307051
5 0.0170797 0.661562 0.0341594 0.0887774 0.294305
3 0.994681 0.874917 0.0106386 0.0541466 0.283651
0 0.0240311 0.714997 0.010985 0.0162586 0.280946
9 0.0151932 0.154862 0.0115243 0.0175198 0.279191
0 0.83082 0.522067 0.00959246 0.0150207 0.269917
9 0.900811 0.412412 0.0155548 0.0183996 0.26505
