8 0.521968 0.111211 0.0403216 0.17444 0.902146
3 0.582163 0.481053 0.0315569 0.0776291 0.880925
8 0.539379 0.586066 0.0505664 0.241409 0.861062
3 0.555862 0.277605 0.0250983 0.0663227 0.854584
3 0.505902 0.351242 0.0219282 0.0752439 0.758067
3 0.469968 0.0194902 0.0189077 0.0380012 0.739546
8 0.610453 0.931468 0.0548557 0.134638 0.712844
3 0.220969 0.725542 0.0356839 0.100136 0.710622
3 0.664866 0.965742 0.0447228 0.0655315 0.608401
5 0.331125 0.412076 0.0371471 0.117255 0.433506
0 0.404819 0.58371 0.0108051 0.044265 0.36887
0 0.467863 0.486887 0.00804805 0.037359 0.355559
3 0.331434 0.408101 0.0366528 0.107198 0.320119
0 0.468793 0.290307 0.00792864 0.0327108 0.290577
3 0.608973 0.931543 0.0524194 0.135922 0.282005
