5 0.508296 0.624546 0.0505617 0.156728 0.839909
0 0.569493 0.895066 0.00981942 0.0438002 0.77367
3 0.55082 0.36829 0.0185307 0.0303666 0.688433
3 0.589368 0.365562 0.0174435 0.0303029 0.664101
0 0.211628 0.857464 0.00962524 0.0489564 0.62019
0 0.183481 0.977428 0.0114133 0.0364836 0.596388
0 0.215676 0.787138 0.00909923 0.03765 0.555035
0 0.515085 0.49493 0.00742876 0.0333692 0.54787
3 0.629704 0.367427 0.018944 0.0306558 0.510184
0 0.215117 0.42706 0.00731086 0.024248 0.446445
4 0.650291 0.365925 0.0216777 0.03578 0.42265
0 0.16702 0.964469 0.0114398 0.0454662 0.416428
0 0.225837 0.785563 0.0108819 0.0401198 0.407018
0 0.229195 0.721932 0.00902614 0.0381485 0.386647
4 0.628841 0.367511 0.019849 0.0340121 0.371522
0 0.276646 0.727961 0.00932528 0.0378346 0.370207
0 0.192873 0.841762 0.010948 0.0364252 0.357077
0 0.210827 0.533329 0.00915739 0.0254324 0.31329
0 0.212186 0.532828 0.00676642 0.0269781 0.306964
