3 0.586002 0.668219 0.111804 0.0807514 0.89173
5 0.756103 0.177733 0.195551 0.137855 0.888054
3 0.349281 0.610096 0.0998597 0.0615583 0.882065
3 0.438359 0.412074 0.0883575 0.0632423 0.873777
3 0.552925 0.745409 0.109596 0.0912186 0.873031
3 0.355339 0.549738 0.0952897 0.0635499 0.859433
3 0.60011 0.595684 0.106445 0.0777753 0.855254
4 0.693389 0.294604 0.0873883 0.0655592 0.848844
3 0.333922 0.681502 0.116201 0.071134 0.84573
3 0.64889 0.387347 0.0872999 0.0599112 0.844228
3 0.661286 0.343918 0.0832409 0.0608324 0.839835
3 0.730816 0.11688 0.0653176 0.052079 0.818163
3 0.246798 0.453332 0.0923546 0.0813467 0.785294
3 0.0283202 0.387008 0.0566403 0.0681695 0.776483
3 0.643274 0.430144 0.0866313 0.0692376 0.761744
4 0.386574 0.480275 0.0891564 0.0776407 0.76062
3 0.216871 0.506423 0.0993947 0.087603 0.723402
3 0.454606 0.361278 0.0884119 0.0581803 0.718191
4 0.284367 0.757066 0.133117 0.0805369 0.714372
3 0.470609 0.305972 0.0827104 0.0607438 0.656855
3 0.701896 0.269853 0.0789166 0.0557713 0.621806
4 0.535318 0.918813 0.132488 0.113665 0.550948
3 0.489121 0.983142 0.124822 0.0333416 0.46984
4 0.232016 0.8871 0.134604 0.153104 0.459889
3 0.881477 0.00925495 0.0498148 0.0185099 0.418671
0 0.590954 0.0137246 0.0145215 0.027095 0.271055
9 0.590444 0.0135741 0.0131037 0.0270844 0.262088
