0 0.576686 0.421669 0.00994241 0.0301172 0.787145
5 0.262741 0.948879 0.143176 0.0933625 0.761321
0 0.552863 0.183757 0.00877664 0.0376306 0.755786
0 0.541437 0.182149 0.00831813 0.0390191 0.722805
0 0.54547 0.412205 0.0101586 0.0352821 0.694926
5 0.301748 0.175835 0.0992755 0.0996903 0.679675
0 0.572814 0.479842 0.0116936 0.0354448 0.642669
3 0.127273 0.241209 0.077621 0.0962577 0.627688
0 0.561631 0.429084 0.0108566 0.0250011 0.605252
3 0.294055 0.134978 0.0780266 0.0761602 0.599723
3 0.283537 0.849027 0.113693 0.115127 0.58645
3 0.301788 0.238086 0.0823897 0.0765273 0.570523
3 0.0421971 0.974534 0.084281 0.0470676 0.542745
0 0.576143 0.0664479 0.0104032 0.0501251 0.448253
5 0.0915449 0.372076 0.0775843 0.212924 0.419082
0 0.574133 0.0638191 0.0108312 0.0482362 0.410176
5 0.16846 0.126221 0.0901509 0.152188 0.40332
5 0.184561 0.127151 0.0595531 0.148689 0.395851
5 0.287972 0.847715 0.0995391 0.112689 0.388241
3 0.310437 0.275029 0.0656829 0.0569043 0.385472
5 0.124099 0.0570519 0.0731582 0.106536 0.381952
3 0.2612 0.948602 0.147149 0.0925278 0.369733
5 0.0259421 0.0920732 0.0517003 0.184146 0.351845
5 0.136946 0.509782 0.101221 0.109908 0.337442
5 0.136866 0.372668 0.0449828 0.159521 0.334698
9 0.521194 0.505982 0.00953007 0.0500538 0.32859
3 0.274605 0.784337 0.0897308 0.0897915 0.297705
3 0.507157 0.650266 0.0328415 0.102447 0.290918
6 0.310815 0.274275 0.0646422 0.0569489 0.279451
5 0.142061 0.606722 0.105261 0.0703547 0.266721
3 0.281624 0.0684631 0.0699065 0.0661845 0.265891
6 0.271977 0.0248373 0.0491373 0.0411466 0.26182
0 0.533437 0.0799328 0.0105639 0.0320028 0.257521
5 0.294743 0.162294 0.0855758 0.131194 0.256372
