8 0.983646 0.661491 0.0327087 0.171854 0.603899
0 0.791681 0.662383 0.0097549 0.0332133 0.553071
0 0.669662 0.223076 0.00639086 0.0240547 0.527797
0 0.713592 0.528382 0.006314 0.0271769 0.489713
0 0.792599 0.655088 0.0100965 0.0280964 0.457112
0 0.71946 0.530222 0.00763101 0.0264609 0.438964
0 0.668542 0.281341 0.00617685 0.0219576 0.401668
8 0.978606 0.680365 0.0427872 0.211677 0.386447
0 0.715843 0.197164 0.00589351 0.0211217 0.347272
0 0.729645 0.378621 0.00701577 0.0208466 0.337432
0 0.552515 0.51301 0.00753069 0.0152417 0.324711
0 0.546206 0.51391 0.00700989 0.0161385 0.288586
0 0.715983 0.520911 0.00656359 0.0229117 0.272473
