3 0.613114 0.654082 0.0537338 0.111979 0.931995
3 0.473478 0.926179 0.0517824 0.146491 0.913036
3 0.451673 0.781877 0.0555079 0.13253 0.906737
3 0.434706 0.653168 0.045504 0.123009 0.900406
3 0.533882 0.329181 0.0447689 0.0811628 0.892407
3 0.582747 0.533514 0.0468302 0.101289 0.884588
3 0.508146 0.223421 0.0414305 0.0787905 0.878091
3 0.872651 0.899834 0.0978638 0.0731277 0.855022
3 0.48673 0.138887 0.0360674 0.0600447 0.819682
3 0.350377 0.127655 0.0375409 0.0804343 0.777206
9 0.401613 0.766264 0.0405104 0.0223625 0.737971
9 0.411807 0.860929 0.0370873 0.0246783 0.736947
9 0.398252 0.713211 0.0328911 0.0203977 0.728892
9 0.384221 0.622826 0.0308257 0.0197288 0.710702
9 0.409597 0.815693 0.0335434 0.0272015 0.70959
9 0.941109 0.905854 0.0260986 0.0602311 0.631012
9 0.391404 0.682957 0.0406696 0.0222495 0.604891
9 0.383978 0.597027 0.0317923 0.0181109 0.583693
9 0.386575 0.640692 0.0333922 0.0223427 0.568586
3 0.336319 0.0434879 0.0392759 0.0750879 0.564585
3 0.466626 0.0468159 0.03854 0.0781707 0.49289
4 0.466102 0.0505018 0.0359797 0.0772566 0.45759
9 0.38026 0.578706 0.0339639 0.0211888 0.426545
9 0.386576 0.637338 0.030777 0.0193855 0.390414
2 0.39158 0.681286 0.0406138 0.0230929 0.38998
9 0.633999 0.576658 0.0296074 0.0195597 0.340279
3 0.333273 0.0343384 0.0384861 0.0686768 0.312829
9 0.41232 0.988963 0.0397664 0.0220739 0.282688
