0 0.395329 0.579226 0.0140437 0.0430808 0.779885
0 0.528105 0.612282 0.0152805 0.0428301 0.77318
0 0.362124 0.605502 0.0203965 0.043574 0.768216
0 0.250631 0.720899 0.0226375 0.0541318 0.699551
0 0.092619 0.571301 0.0157389 0.043587 0.680934
0 0.513869 0.592952 0.014466 0.0415404 0.540442
3 0.83682 0.371459 0.0277668 0.016809 0.464292
1 0.224008 0.732922 0.0236059 0.0437805 0.383616
3 0.880991 0.378081 0.0199223 0.0212735 0.376266
3 0.587209 0.373474 0.0326651 0.0187088 0.371865
1 0.250184 0.726177 0.0235649 0.0524332 0.362571
2 0.666384 0.685879 0.038324 0.0359973 0.321111
0 0.51186 0.590672 0.0161522 0.0489604 0.320064
2 0.67702 0.785258 0.0210903 0.0640882 0.318034
0 0.244915 0.456675 0.0114427 0.0264026 0.275711
0 0.469004 0.447407 0.00853162 0.028864 0.265439
3 0.831299 0.379146 0.0342484 0.0158884 0.257118
