0 0.48456 0.607548 0.0103414 0.0333642 0.706422
0 0.606733 0.265165 0.0100271 0.0351321 0.690177
0 0.617457 0.0941533 0.0109726 0.0428896 0.670409
0 0.470083 0.485866 0.0135969 0.040125 0.660319
0 0.347967 0.775797 0.0127128 0.0239228 0.649058
0 0.720022 0.036276 0.0115702 0.0394796 0.643844
0 0.551253 0.348018 0.0100334 0.0324753 0.638487
0 0.413123 0.647738 0.0120989 0.0383096 0.619814
0 0.572568 0.284358 0.00986938 0.0391614 0.594262
0 0.589725 0.297884 0.00863534 0.0317385 0.585814
0 0.621979 0.242335 0.00977727 0.0332371 0.585623
0 0.535132 0.344295 0.0103895 0.0392363 0.535271
0 0.33105 0.789665 0.014469 0.0224131 0.523373
0 0.690139 0.0162522 0.0124794 0.0325045 0.521801
0 0.765954 0.0252743 0.0114333 0.0351325 0.502875
0 0.432123 0.693315 0.0110998 0.0257312 0.488662
0 0.305168 0.802505 0.0161198 0.0262449 0.481314
0 0.535668 0.320483 0.00945243 0.0307096 0.472199
0 0.780248 0.018147 0.0121756 0.0326475 0.460599
0 0.70408 0.0360829 0.011612 0.039667 0.45978
0 0.244565 0.667237 0.0168867 0.0226863 0.443035
0 0.621132 0.296224 0.0111006 0.0319739 0.437833
0 0.54611 0.339259 0.0104745 0.0392124 0.436543
0 0.502696 0.607214 0.0145935 0.0270072 0.368924
0 0.607867 0.262391 0.00990121 0.0320891 0.365796
0 0.686379 0.0164287 0.0119438 0.0306603 0.363236
0 0.633505 0.311809 0.0103602 0.0248418 0.354939
0 0.606149 0.21688 0.0115332 0.0360181 0.332584
0 0.305898 0.521739 0.0143792 0.0308264 0.322725
0 0.544587 0.323616 0.0109699 0.0302222 0.308797
0 0.57729 0.304094 0.00839626 0.034748 0.293116
0 0.692448 0.402089 0.00999032 0.0320289 0.290081
0 0.505087 0.614793 0.0125497 0.0354848 0.28817
0 0.619587 0.0926465 0.0111238 0.0412911 0.274694
0 0.583933 0.468209 0.0139376 0.0331853 0.27467
0 0.475803 0.269051 0.0111002 0.0359645 0.256607
0 0.648374 0.0131249 0.00932962 0.024605 0.254312
