3 0.274468 0.751137 0.0827528 0.103091 0.929597
3 0.534202 0.870332 0.0773052 0.126941 0.92528
3 0.339477 0.630847 0.0738168 0.0903099 0.911149
4 0.370605 0.585231 0.0689276 0.0837087 0.902643
3 0.503615 0.382246 0.0679256 0.0678121 0.894853
3 0.649243 0.954803 0.0735867 0.089255 0.873955
3 0.612556 0.23344 0.0633557 0.0580237 0.872695
5 0.593595 0.916817 0.0824993 0.153135 0.856914
3 0.701328 0.0879139 0.0591597 0.0489697 0.8465
3 0.432942 0.496812 0.0583519 0.0651144 0.845946
3 0.639659 0.179504 0.0636472 0.0535964 0.838658
3 0.717645 0.0462669 0.057344 0.0477401 0.796574
3 0.711331 0.068548 0.0500025 0.0359885 0.499122
0 0.438195 0.958467 0.0186817 0.0240361 0.480073
3 0.704099 0.0747272 0.0561465 0.043567 0.253837
