3 0.954367 0.868129 0.0909308 0.0865896 0.854712
6 0.932404 0.94301 0.107363 0.11102 0.8506
3 0.401956 0.810933 0.0454739 0.0743074 0.832019
3 0.811053 0.792188 0.121672 0.0715619 0.815254
0 0.88315 0.758322 0.0183173 0.0430833 0.814735
3 0.0786026 0.706203 0.0687097 0.0415012 0.800292
0 0.5165 0.812805 0.0160538 0.0595525 0.794851
0 0.845927 0.878998 0.0230322 0.0795558 0.763866
3 0.580109 0.651308 0.028414 0.0321172 0.763096
8 0.955834 0.765022 0.0883325 0.138472 0.715519
0 0.266854 0.759508 0.0158445 0.0491816 0.709667
0 0.766178 0.711574 0.0115451 0.0384379 0.692348
0 0.714086 0.887864 0.0185851 0.0735547 0.652202
0 0.887492 0.974638 0.0367325 0.0507249 0.648547
0 0.276517 0.687405 0.00973528 0.0342236 0.643257
0 0.665128 0.84755 0.0189683 0.0630119 0.622624
0 0.746412 0.945908 0.024922 0.0892548 0.616552
0 0.619227 0.683625 0.00891327 0.029721 0.593545
0 0.535546 0.694849 0.0110171 0.0375893 0.582803
9 0.186265 0.788889 0.0439789 0.0431431 0.581255
0 0.627809 0.740756 0.0136246 0.044146 0.580656
0 0.606425 0.659347 0.0069761 0.0255534 0.575967
0 0.329593 0.675458 0.00938625 0.0320424 0.570926
0 0.590645 0.679437 0.00852325 0.0266152 0.535772
9 0.828192 0.921563 0.0203613 0.0587115 0.514248
4 0.396664 0.663852 0.0601987 0.0465299 0.493902
0 0.514178 0.674038 0.00963287 0.0320961 0.473827
9 0.249881 0.802452 0.044044 0.0424699 0.467493
9 0.852973 0.713686 0.0312782 0.0261966 0.454781
0 0.262897 0.689298 0.0103969 0.0409373 0.453553
0 0.781118 0.739867 0.0175919 0.0440358 0.452961
0 0.826283 0.875566 0.0215751 0.0657135 0.443859
0 0.668219 0.751578 0.0134058 0.0399867 0.426485
0 0.739395 0.726551 0.0123338 0.0463187 0.420939
9 0.157777 0.78067 0.0432129 0.0417175 0.419105
0 0.750649 0.716412 0.0114517 0.0395282 0.408629
9 0.130208 0.773526 0.0573575 0.0470673 0.407497
9 0.223556 0.74737 0.0355322 0.0335807 0.404189
0 0.261151 0.695172 0.0100418 0.0379206 0.402189
9 0.808421 0.883727 0.0609051 0.0573604 0.40209
9 0.70911 0.763876 0.0238748 0.0321122 0.396234
0 0.610794 0.716967 0.0109342 0.0324916 0.383385
3 0.817898 0.763038 0.090188 0.049987 0.38202
0 0.614011 0.73902 0.012196 0.0437823 0.377782
3 0.091667 0.662077 0.050039 0.033461 0.376944
0 0.744111 0.727017 0.0133926 0.0514661 0.370289
0 0.146102 0.677953 0.0125746 0.0319804 0.366728
0 0.451595 0.701166 0.0102997 0.033843 0.361182
0 0.558228 0.719157 0.00986611 0.0380473 0.359677
2 0.555753 0.743021 0.0134752 0.0378296 0.359415
0 0.735737 0.726253 0.0148425 0.0476082 0.356081
0 0.728732 0.967707 0.0238607 0.0623372 0.353912
1 0.557268 0.732092 0.0112761 0.0383901 0.353895
9 0.287385 0.783237 0.0315761 0.0405842 0.336599
0 0.482364 0.694614 0.00996116 0.0260958 0.336013
3 0.932139 0.94252 0.106957 0.110598 0.329101
0 0.726677 0.961009 0.0223971 0.0727913 0.328874
3 0.130123 0.66735 0.0316693 0.0295318 0.324869
2 0.231692 0.802503 0.0393826 0.0393733 0.324743
0 0.491102 0.674095 0.0090805 0.0272414 0.324546
0 0.530917 0.657769 0.00957816 0.031695 0.324481
3 0.190054 0.673234 0.0380998 0.0310146 0.323404
9 0.223447 0.768625 0.0434558 0.0329806 0.316533
1 0.556368 0.739965 0.0123178 0.0385672 0.31319
9 0.784562 0.911578 0.0248967 0.0667586 0.307467
0 0.665045 0.750879 0.0136881 0.0395115 0.305374
0 0.733138 0.952151 0.0270319 0.0905429 0.305025
0 0.61873 0.644009 0.00696372 0.024937 0.300774
9 0.223975 0.760004 0.0388326 0.0356666 0.300151
9 0.20533 0.691046 0.0301266 0.0225945 0.298753
0 0.471323 0.67736 0.00886004 0.0310392 0.295048
0 0.449031 0.701138 0.0107921 0.0346698 0.290933
0 0.725257 0.944233 0.024342 0.0902755 0.289655
0 0.634303 0.6887 0.00995004 0.0320423 0.273252
4 0.812837 0.76256 0.0987924 0.0475993 0.268654
4 0.227302 0.66476 0.0439627 0.0306376 0.266434
9 0.223957 0.754486 0.0361166 0.0337484 0.265407
