5 0.18991 0.289859 0.242796 0.202479 0.926299
3 0.492953 0.860385 0.111581 0.167105 0.912916
3 0.118351 0.915617 0.119817 0.168359 0.905397
3 0.264295 0.516981 0.100906 0.105596 0.892857
3 0.293487 0.564898 0.0959095 0.112343 0.890361
3 0.540211 0.933726 0.123055 0.132548 0.857575
3 0.228876 0.404457 0.0844048 0.0913999 0.84898
3 0.325619 0.607637 0.0977115 0.110398 0.841472
3 0.045582 0.758237 0.090804 0.136612 0.819535
3 0.0799939 0.849152 0.114462 0.177831 0.800385
3 0.132576 0.0307594 0.0798602 0.0614979 0.768373
4 0.246896 0.437182 0.0937189 0.116141 0.603789
3 0.350295 0.652107 0.0867865 0.110574 0.566027
5 0.0749952 0.0498767 0.113666 0.0997534 0.444743
3 0.425105 0.819569 0.127993 0.214811 0.438381
5 0.424962 0.819894 0.128054 0.214341 0.39917
3 0.248272 0.436641 0.0946425 0.119041 0.34132
3 0.0276469 0.726415 0.0552938 0.129588 0.31772
0 0.369596 0.247058 0.0224386 0.0437087 0.31694
3 0.0731535 0.0501542 0.115503 0.100308 0.267137
