3 0.78251 0.935277 0.123575 0.125588 0.741394
3 0.809371 0.844805 0.151508 0.135624 0.617013
0 0.403738 0.323727 0.0148783 0.0363223 0.606305
5 0.824914 0.651063 0.146738 0.136056 0.415973
1 0.304748 0.42639 0.0144721 0.0310153 0.408161
0 0.372101 0.425222 0.0116343 0.0272514 0.377114
0 0.291232 0.733328 0.0170264 0.0263079 0.367699
4 0.918392 0.485145 0.156279 0.152967 0.320295
0 0.326588 0.65042 0.0133478 0.0245226 0.304614
0 0.305377 0.828619 0.0129604 0.0265721 0.297715
0 0.418388 0.255863 0.00991516 0.0379808 0.264154
0 0.37935 0.731598 0.0178081 0.0320018 0.256496
0 0.40912 0.249618 0.00865535 0.0384872 0.252003
