8 0.866426 0.890474 0.146451 0.219052 0.899233
3 0.635158 0.64439 0.0426249 0.0245871 0.855794
3 0.528308 0.97203 0.0373451 0.0557043 0.855215
3 0.394084 0.639437 0.0462637 0.0244204 0.846566
3 0.521077 0.887926 0.0342245 0.082355 0.846536
3 0.615323 0.956601 0.0386013 0.086578 0.823725
3 0.116051 0.658201 0.0575101 0.0289447 0.815784
3 0.26026 0.71888 0.0545879 0.0328287 0.803713
3 0.192144 0.726163 0.059756 0.0316739 0.799268
3 0.0364767 0.660623 0.0569565 0.0327019 0.785117
3 0.278924 0.647963 0.0480819 0.0267825 0.758623
3 0.236481 0.631928 0.0469893 0.0247745 0.757438
3 0.313505 0.631027 0.0410835 0.023664 0.735935
4 0.1571 0.697879 0.0413556 0.0424891 0.733325
3 0.611555 0.53379 0.019166 0.0230257 0.68975
1 0.755614 0.817705 0.0109467 0.0232089 0.687873
3 0.578446 0.512974 0.0138034 0.0174574 0.677439
0 0.408101 0.792982 0.00770809 0.0287616 0.672558
0 0.441439 0.750409 0.00860212 0.0297078 0.638164
3 0.520277 0.773747 0.0319071 0.057002 0.592204
3 0.19807 0.650562 0.0443167 0.0266628 0.581288
3 0.54763 0.62108 0.020203 0.0325147 0.57702
0 0.803082 0.746788 0.00807129 0.0263517 0.563577
3 0.567318 0.492699 0.0112827 0.0154261 0.546554
0 0.565742 0.725488 0.00791548 0.0223628 0.539464
0 0.460047 0.707447 0.00762883 0.0202843 0.528103
2 0.755702 0.824295 0.0167019 0.0275764 0.526026
0 0.419457 0.781192 0.0085124 0.0290759 0.519825
0 0.671686 0.720344 0.00789699 0.0259685 0.505471
3 0.614096 0.495509 0.0178299 0.0181689 0.4773
3 0.483033 0.388146 0.00741817 0.011188 0.4634
0 0.57668 0.736578 0.00934208 0.0248959 0.450019
0 0.418534 0.794293 0.00943325 0.0341676 0.438805
7 0.667191 0.590423 0.0161448 0.021683 0.437137
3 0.027034 0.776452 0.0539843 0.0430173 0.381835
4 0.520078 0.773742 0.0306712 0.0571807 0.374919
9 0.834998 0.736533 0.0169594 0.0197403 0.352303
9 0.640076 0.744747 0.0270028 0.0193438 0.347816
9 0.227661 0.609477 0.0125322 0.0177529 0.336035
3 0.552575 0.392821 0.00912458 0.0113138 0.310655
9 0.859184 0.718625 0.0202073 0.0178609 0.306758
6 0.632828 0.580223 0.0107524 0.019255 0.297479
0 0.572343 0.608705 0.0072137 0.01772 0.29168
0 0.551857 0.731701 0.00921718 0.0221356 0.291575
3 0.197884 0.79973 0.0724775 0.0454173 0.288214
9 0.642754 0.766834 0.0219496 0.0176761 0.286385
0 0.473876 0.746714 0.0102526 0.0257189 0.285604
0 0.91591 0.648679 0.0083796 0.0226883 0.284268
2 0.655062 0.796436 0.0258222 0.0212916 0.27947
1 0.657961 0.695598 0.00876038 0.0198261 0.27774
9 0.517309 0.623751 0.00935538 0.02018 0.272762
1 0.755967 0.821199 0.0132236 0.0260626 0.271938
3 0.591432 0.455395 0.0148222 0.0136107 0.253654
