3 0.530986 0.734908 0.149453 0.0895535 0.914488
3 0.0594771 0.76716 0.118954 0.108497 0.902057
3 0.946525 0.752868 0.106951 0.0913671 0.882883
3 0.156841 0.569121 0.0384532 0.0298812 0.816903
3 0.0286941 0.594862 0.0573555 0.0379052 0.746298
3 0.70769 0.599449 0.0765271 0.0360028 0.72923
3 0.5306 0.569396 0.0367178 0.0224205 0.727798
3 0.683649 0.589378 0.0488358 0.0299999 0.670164
3 0.480372 0.551666 0.0190563 0.0188417 0.650921
0 0.248441 0.621916 0.0146651 0.0516538 0.65036
3 0.0766909 0.593603 0.0647496 0.0400177 0.635143
3 0.117562 0.567604 0.0350561 0.0314664 0.628102
3 0.644292 0.577111 0.0491272 0.0257206 0.571956
3 0.549322 0.570909 0.0565512 0.0262802 0.571906
3 0.620449 0.564307 0.0465542 0.02339 0.552163
3 0.0784607 0.564757 0.0393995 0.0302043 0.548085
3 0.00760781 0.566963 0.0152156 0.0290834 0.529883
3 0.572302 0.545333 0.0306629 0.0163584 0.52801
3 0.495813 0.534859 0.0131853 0.0141581 0.500892
3 0.576661 0.54778 0.027589 0.0159767 0.497228
3 0.609607 0.561771 0.0395569 0.0215309 0.486595
3 0.536811 0.570956 0.0485824 0.0230784 0.478247
3 0.602937 0.559129 0.0342905 0.0233897 0.469112
3 0.639042 0.571228 0.0402079 0.0238523 0.429425
3 0.0391342 0.570631 0.0478402 0.0300176 0.429167
3 0.561783 0.563583 0.0309729 0.0187984 0.416789
3 0.550617 0.562418 0.0301813 0.0148081 0.411633
3 0.459828 0.541363 0.0190641 0.0182985 0.40347
3 0.0477954 0.573066 0.0535258 0.0299207 0.394794
3 0.545294 0.537716 0.0225575 0.0141574 0.391727
3 0.557582 0.562217 0.0383636 0.0170261 0.391471
3 0.587418 0.551428 0.0377668 0.0178172 0.383592
3 0.62825 0.565702 0.0396667 0.0208337 0.381707
3 0.627027 0.568256 0.0513819 0.0269599 0.366515
3 0.561313 0.541327 0.0247066 0.0144803 0.365447
3 0.476346 0.528476 0.0121473 0.015095 0.355777
3 0.590609 0.554188 0.0366717 0.0214172 0.352789
3 0.585879 0.549198 0.0311887 0.0170648 0.313672
3 0.0215836 0.569722 0.0431348 0.0306638 0.303735
3 0.98675 0.717795 0.026499 0.0588979 0.300278
3 0.50918 0.524092 0.0129614 0.00968674 0.294925
3 0.649684 0.584538 0.0500243 0.0290524 0.291658
3 0.457281 0.556112 0.0244094 0.0165179 0.279388
4 0.230273 0.563833 0.0310475 0.033467 0.274639
3 0.551402 0.533048 0.0260286 0.0162411 0.266721
3 0.531833 0.528518 0.013909 0.0112585 0.263007
3 0.065254 0.568132 0.0529859 0.0310125 0.258642
