0 0.566201 0.593248 0.0107772 0.0466053 0.669342
0 0.535249 0.702378 0.0132536 0.0467114 0.646996
0 0.5328 0.441605 0.0103155 0.0408502 0.602881
0 0.545181 0.70925 0.0110925 0.0400498 0.600064
0 0.542536 0.0836527 0.00589142 0.020602 0.584384
0 0.605161 0.326269 0.00877053 0.036797 0.548009
0 0.53004 0.604268 0.00947226 0.037736 0.533603
0 0.599738 0.602341 0.0123587 0.0457428 0.524482
0 0.467752 0.222972 0.00696695 0.0309267 0.510288
3 0.556423 0.11936 0.0260121 0.0236718 0.436103
0 0.539517 0.702944 0.0126603 0.0475235 0.425257
3 0.552868 0.120878 0.0321884 0.0247956 0.406823
3 0.577968 0.0912716 0.0293699 0.0248308 0.388532
0 0.534811 0.438089 0.00894658 0.037384 0.364586
0 0.477924 0.247238 0.00696306 0.0250023 0.356614
0 0.0973788 0.749625 0.0123151 0.0450582 0.355535
0 0.494631 0.266382 0.00627611 0.0261798 0.347693
0 0.531607 0.28285 0.00687321 0.0355609 0.332653
0 0.405287 0.139246 0.0063198 0.0218026 0.32488
3 0.581394 0.0872798 0.0350791 0.0231475 0.324586
0 0.448315 0.210058 0.009136 0.0276023 0.317534
0 0.560395 0.0562685 0.00832062 0.0239223 0.298166
3 0.439162 0.110137 0.0188909 0.0221311 0.253733
