0 0.552128 0.257336 0.0113871 0.0346001 0.714694
0 0.510186 0.317802 0.0130115 0.027288 0.693995
0 0.679416 0.0783364 0.00972709 0.0331275 0.63911
0 0.792809 0.82036 0.0151886 0.0293393 0.617787
0 0.532211 0.312313 0.0124526 0.0259273 0.600352
9 0.504878 0.388622 0.0224255 0.0425973 0.540657
9 0.395638 0.529975 0.0141179 0.0423147 0.495665
9 0.612218 0.268784 0.0287283 0.0413939 0.454058
9 0.409965 0.513272 0.0161264 0.0382725 0.45079
9 0.585491 0.31011 0.015462 0.0360252 0.431386
9 0.570454 0.336039 0.0156263 0.0414513 0.413378
9 0.703922 0.132687 0.0282262 0.0360586 0.412542
9 0.655258 0.210064 0.0197811 0.034797 0.397791
9 0.434824 0.48582 0.0137062 0.0403722 0.389638
9 0.420043 0.496431 0.0181324 0.0411909 0.386393
9 0.695039 0.156369 0.0288198 0.0414488 0.376495
9 0.381101 0.546802 0.0150493 0.0404168 0.373056
9 0.656789 0.241065 0.0271909 0.0396583 0.360612
9 0.598977 0.201701 0.0188555 0.0508158 0.355204
9 0.754565 0.128797 0.0185936 0.0396427 0.348634
9 0.644563 0.233685 0.0217115 0.040469 0.3435
0 0.612408 0.879329 0.0133026 0.015018 0.33433
9 0.715501 0.11399 0.0259155 0.0328843 0.331117
0 0.770709 0.715967 0.0141554 0.0288242 0.324147
9 0.340052 0.580617 0.0193168 0.0562335 0.320207
0 0.254874 0.549253 0.0106134 0.0180769 0.300885
9 0.683493 0.201625 0.0173418 0.0470834 0.300288
9 0.441662 0.483761 0.0142494 0.0424601 0.292222
0 0.591174 0.898281 0.0111896 0.020836 0.290467
9 0.546587 0.365585 0.0187643 0.0409408 0.286937
9 0.647172 0.236618 0.0274907 0.0443108 0.286588
9 0.33323 0.59826 0.0134349 0.037412 0.283543
9 0.796721 0.110684 0.0212733 0.0404001 0.282404
9 0.417465 0.500817 0.0190255 0.0460361 0.2795
9 0.780378 0.0993848 0.0219114 0.0361373 0.276592
9 0.764368 0.130183 0.0318758 0.0400043 0.274987
9 0.56761 0.344037 0.0189104 0.0439603 0.27038
9 0.630057 0.0999583 0.0180811 0.0349777 0.269394
0 0.59101 0.902554 0.012742 0.0282971 0.268802
0 0.159683 0.55484 0.0166426 0.0249274 0.2673
9 0.443056 0.467949 0.0199102 0.0498007 0.262278
9 0.698524 0.159747 0.0299137 0.0403058 0.25289
