0 0.580103 0.564973 0.00753087 0.0267767 0.735035
5 0.0962996 0.0676513 0.192599 0.135303 0.694565
0 0.440036 0.929833 0.00777396 0.0197015 0.632437
0 0.454844 0.137507 0.00843039 0.0290811 0.601646
0 0.521005 0.859482 0.00876495 0.0228384 0.601243
0 0.581028 0.418049 0.00985565 0.0281853 0.58862
0 0.556746 0.526962 0.00889718 0.0342479 0.58635
0 0.476963 0.636147 0.0103867 0.024657 0.57685
0 0.559904 0.816103 0.010724 0.0292373 0.573772
0 0.43912 0.739663 0.00966775 0.0235846 0.565903
0 0.539834 0.316771 0.0111799 0.0279854 0.550647
0 0.528508 0.756046 0.00720272 0.0206147 0.537872
0 0.455054 0.352186 0.0117374 0.0287112 0.526651
0 0.514579 0.791274 0.00940552 0.0215521 0.500621
0 0.5357 0.793274 0.00780731 0.0214747 0.497406
0 0.548318 0.775352 0.00913831 0.0250607 0.487375
0 0.540109 0.450724 0.0103395 0.021252 0.485105
0 0.533896 0.449686 0.0093798 0.0208237 0.483268
0 0.533966 0.795368 0.00971911 0.0203691 0.479156
0 0.53745 0.754467 0.0075075 0.02157 0.408638
0 0.572796 0.520703 0.0101362 0.0363092 0.396539
0 0.535951 0.316227 0.0100363 0.0283737 0.382371
0 0.533444 0.492128 0.0111209 0.0254464 0.381639
0 0.546586 0.083238 0.0107609 0.03583 0.371601
0 0.457275 0.0973863 0.00859031 0.0372364 0.35482
0 0.573493 0.512541 0.0105093 0.0316327 0.352835
0 0.456951 0.351358 0.0115247 0.0262654 0.34182
0 0.557592 0.51945 0.0108632 0.0250729 0.340211
0 0.538351 0.754403 0.0108144 0.0198526 0.339843
0 0.55955 0.790325 0.00878069 0.0235622 0.325025
0 0.559412 0.802361 0.0098686 0.0301332 0.319423
0 0.518183 0.242084 0.00911791 0.0331189 0.312385
0 0.443414 0.657649 0.00803528 0.0212058 0.30646
0 0.550895 0.777389 0.011266 0.0274614 0.30257
0 0.448671 0.229168 0.0100559 0.0277237 0.298552
0 0.534866 0.498668 0.00881452 0.024688 0.29767
0 0.502208 0.836234 0.00896157 0.0244668 0.256911
0 0.449198 0.233297 0.0110966 0.027382 0.252025
