0 0.064173 0.344655 0.0174925 0.0383604 0.697103
0 0.0202627 0.423102 0.0183849 0.0431382 0.674555
0 0.0211386 0.290733 0.0201083 0.0404673 0.653587
0 0.0880836 0.25979 0.0152642 0.0467834 0.589387
0 0.822214 0.631048 0.011861 0.0410415 0.416021
0 0.50442 0.555881 0.00972081 0.0404694 0.399501
0 0.960565 0.650356 0.0178852 0.0389301 0.339979
0 0.964228 0.606412 0.0154247 0.0365314 0.316667
0 0.492463 0.557863 0.0100387 0.0439927 0.294346
0 0.505527 0.561972 0.0093828 0.0452322 0.271269
0 0.833189 0.574484 0.0112786 0.0401236 0.267949
