0 0.48325 0.782942 0.010927 0.028587 0.678449
0 0.566924 0.124158 0.0114107 0.0466382 0.649324
0 0.580907 0.506989 0.0100258 0.0292745 0.636052
0 0.578494 0.127318 0.0115074 0.036625 0.609464
3 0.158784 0.117317 0.0844585 0.0938392 0.569121
0 0.482221 0.909605 0.0132084 0.0244976 0.559846
0 0.569028 0.50264 0.012018 0.0332015 0.544773
0 0.470603 0.817615 0.0111404 0.0286188 0.528596
5 0.287676 0.166258 0.138938 0.0957628 0.524702
0 0.593098 0.543265 0.0102544 0.0362814 0.498879
0 0.508108 0.110413 0.00903368 0.0342297 0.475833
0 0.470249 0.82241 0.0110754 0.0339425 0.464719
5 0.23368 0.922904 0.14766 0.109341 0.448605
0 0.955953 0.0838138 0.0248941 0.0446251 0.448065
6 0.277549 0.285368 0.0666815 0.0470029 0.443116
0 0.602872 0.533495 0.0104475 0.0338561 0.436427
5 0.249647 0.719602 0.0884787 0.0686423 0.432432
0 0.496293 0.86658 0.0176658 0.0368749 0.377283
6 0.159185 0.117384 0.085653 0.0935633 0.303586
3 0.232891 0.922594 0.148875 0.108175 0.299637
9 0.526308 0.867271 0.015571 0.0751419 0.29168
5 0.269314 0.652994 0.0891328 0.0863225 0.263024
3 0.270448 0.822537 0.0948301 0.0825656 0.261479
5 0.148983 0.18269 0.116111 0.103638 0.260075
9 0.916466 0.0591598 0.0249287 0.0292958 0.253176
