5 0.345918 0.508236 0.0398443 0.115273 0.897424
3 0.844016 0.739975 0.0465931 0.0583009 0.89128
3 0.630847 0.728841 0.0474535 0.0343094 0.884154
3 0.777413 0.772397 0.0471584 0.0626602 0.882554
3 0.732382 0.79916 0.0459422 0.0689126 0.876276
3 0.719776 0.964645 0.0559555 0.061219 0.873063
3 0.684194 0.816682 0.0414408 0.0665713 0.870615
5 0.53935 0.709707 0.0668995 0.0537109 0.870381
3 0.754427 0.785864 0.0426512 0.059978 0.868038
3 0.617937 0.848191 0.0373884 0.0714311 0.866597
5 0.38669 0.543307 0.0464906 0.129807 0.86399
5 0.316635 0.376308 0.03039 0.0870675 0.861628
5 0.319496 0.943814 0.036284 0.109099 0.859849
3 0.703963 0.800284 0.0411707 0.0643379 0.854617
3 0.802583 0.757399 0.0415966 0.0603826 0.851742
3 0.590787 0.864125 0.0385181 0.0744192 0.850819
3 0.748002 0.381238 0.0285985 0.0178435 0.828436
5 0.933789 0.577972 0.050558 0.0431444 0.82665
3 0.355194 0.431797 0.0154121 0.0244736 0.824426
3 0.824667 0.689743 0.0389317 0.032392 0.819646
3 0.216263 0.76786 0.0232895 0.0577043 0.796862
5 0.935417 0.685314 0.0733851 0.0767697 0.784057
3 0.296809 0.173913 0.00769529 0.0119554 0.78307
3 0.87314 0.714568 0.0513977 0.0544548 0.781552
8 0.437164 0.765332 0.0779087 0.218365 0.77181
3 0.896519 0.355192 0.0289095 0.0195175 0.748598
3 0.841628 0.363339 0.027355 0.0202167 0.747033
3 0.892553 0.707618 0.0433984 0.0586998 0.742738
5 0.342228 0.372335 0.0335943 0.0825223 0.726609
3 0.786361 0.426757 0.0302145 0.0197241 0.718822
3 0.259044 0.130663 0.00775081 0.0115005 0.710922
3 0.302942 0.201114 0.00803547 0.0144885 0.692568
5 0.315308 0.259558 0.0216298 0.0414218 0.689783
9 0.291869 0.83957 0.00970516 0.0334088 0.68287
3 0.326748 0.299516 0.0112169 0.0209492 0.672141
3 0.292285 0.154618 0.00710284 0.0109547 0.668526
3 0.611445 0.465117 0.0320707 0.0182733 0.664698
3 0.715474 0.388385 0.0290085 0.0168696 0.661682
3 0.372334 0.378617 0.0136586 0.0229987 0.654508
3 0.328962 0.224948 0.0112397 0.013304 0.649131
3 0.316533 0.18547 0.00878239 0.0124129 0.641395
3 0.363308 0.356751 0.0133379 0.0236238 0.622669
3 0.336156 0.247962 0.0101271 0.0157714 0.606182
3 0.483966 0.418743 0.032679 0.023041 0.602799
3 0.477084 0.455168 0.0296986 0.0234214 0.591985
5 0.299183 0.267558 0.0227677 0.0563296 0.587751
9 0.340989 0.866025 0.0101858 0.0345318 0.572346
3 0.327675 0.332983 0.0116614 0.0232586 0.571114
0 0.428313 0.50623 0.0062132 0.017226 0.533019
9 0.79404 0.373145 0.014785 0.0113344 0.518537
9 0.417351 0.460941 0.0142977 0.0122756 0.480275
3 0.695121 0.403447 0.0218376 0.018649 0.472488
8 0.281603 0.174232 0.0152306 0.0457818 0.47138
3 0.939195 0.34343 0.0253334 0.0180608 0.462682
5 0.290655 0.215279 0.0107458 0.0223228 0.459203
0 0.429519 0.589863 0.00494468 0.0159685 0.396243
3 0.293722 0.142198 0.00670109 0.00970529 0.394439
3 0.272209 0.118912 0.00764548 0.0125157 0.381023
0 0.247813 0.791044 0.00864086 0.0237669 0.380008
5 0.282872 0.179306 0.0152456 0.0373187 0.377579
5 0.982092 0.558082 0.0358166 0.0525639 0.377503
3 0.316645 0.182254 0.00832387 0.0145393 0.362962
9 0.406067 0.478286 0.014104 0.013859 0.362935
3 0.284442 0.125436 0.00743931 0.0113624 0.356054
5 0.438344 0.76648 0.0795607 0.219645 0.351832
0 0.258273 0.780824 0.007371 0.0217107 0.338011
3 0.284063 0.119282 0.00762968 0.0113171 0.337624
3 0.270979 0.11434 0.00811757 0.0123361 0.327747
3 0.25933 0.0497742 0.00723467 0.00881677 0.327627
3 0.239935 0.105211 0.00765305 0.0104152 0.312159
7 0.8839 0.597726 0.0400418 0.0268694 0.311471
3 0.879642 0.710132 0.0444969 0.0573969 0.309231
2 0.518961 0.910715 0.0102368 0.0228302 0.300006
3 0.277048 0.142808 0.00909138 0.0153364 0.295184
9 0.264163 0.791895 0.0131987 0.0170903 0.292667
3 0.972815 0.386546 0.0230755 0.0183899 0.290434
3 0.290372 0.130796 0.00786351 0.011677 0.286075
3 0.276677 0.0768872 0.0092916 0.00894098 0.284309
5 0.310983 0.232226 0.0142438 0.0187047 0.280713
3 0.238359 0.050579 0.00691472 0.0083909 0.264123
