0 0.0946688 0.59161 0.0196052 0.0498114 0.806393
0 0.158359 0.579687 0.019172 0.0468631 0.743099
0 0.241742 0.414612 0.00915765 0.0239723 0.689371
0 0.581957 0.388549 0.00790501 0.0233793 0.680551
0 0.986396 0.378348 0.00889587 0.0241595 0.652646
0 0.784344 0.468657 0.0114282 0.0298602 0.645203
0 0.818298 0.367768 0.00689584 0.0208825 0.631447
0 0.82836 0.38263 0.00689436 0.0233822 0.609448
0 0.751876 0.376107 0.00875549 0.0184399 0.576924
0 0.560503 0.347179 0.00591134 0.0182943 0.544095
0 0.135599 0.340247 0.00874141 0.0215234 0.494847
0 0.51163 0.349719 0.00643899 0.017631 0.483521
0 0.827945 0.365249 0.00671849 0.0166255 0.481929
0 0.962278 0.344428 0.007515 0.0199781 0.471356
0 0.832675 0.313643 0.00502773 0.0152474 0.45219
0 0.522104 0.419787 0.00958631 0.0262388 0.43933
0 0.96408 0.34195 0.00934867 0.0208478 0.419595
0 0.845796 0.384028 0.00684431 0.025178 0.407387
0 0.227506 0.351805 0.0075802 0.0224079 0.39274
0 0.847044 0.375988 0.00670358 0.0228042 0.392346
0 0.451663 0.364594 0.00918675 0.0188295 0.383181
0 0.857437 0.369095 0.00577715 0.0211315 0.370403
0 0.219434 0.400684 0.0089098 0.0281256 0.367408
0 0.846712 0.362604 0.00608669 0.0192694 0.359544
0 0.2202 0.403839 0.0105239 0.0289687 0.355447
0 0.932522 0.323891 0.00510045 0.0164858 0.347324
0 0.866243 0.358728 0.00579921 0.0235136 0.342368
0 0.355358 0.373999 0.00671149 0.0194631 0.337647
0 0.954187 0.346749 0.00617257 0.018822 0.333068
0 0.944246 0.345943 0.00740662 0.0225532 0.331509
0 0.857555 0.361742 0.00499512 0.0249962 0.300414
0 0.508636 0.34821 0.0056669 0.0169216 0.294853
0 0.834217 0.312849 0.00660575 0.0146127 0.288687
0 0.934294 0.348404 0.00663757 0.0226179 0.275505
0 0.932707 0.353349 0.00698286 0.0218841 0.275263
0 0.83722 0.360082 0.00566659 0.0205373 0.263814
0 0.920734 0.356674 0.0066612 0.0231787 0.260937
0 0.946214 0.349121 0.00615566 0.0216889 0.260375
