3 0.947353 0.826116 0.0568584 0.0628634 0.879215
3 0.910195 0.762172 0.0401571 0.0465273 0.84618
8 0.392292 0.91092 0.05418 0.15717 0.754006
4 0.419997 0.772023 0.030189 0.0551288 0.746059
3 0.710866 0.457473 0.0120373 0.0183411 0.709867
3 0.695816 0.455241 0.0123489 0.0181651 0.704997
8 0.395998 0.892421 0.0468497 0.119738 0.492699
3 0.727479 0.457661 0.0127159 0.0214038 0.351777
3 0.769307 0.468471 0.0174856 0.0141091 0.351406
5 0.792282 0.64661 0.0526192 0.0403572 0.34187
3 0.770231 0.560272 0.0315584 0.0225217 0.285403
4 0.489644 0.364894 0.00826704 0.0147115 0.256257
3 0.660088 0.312014 0.00718214 0.00996934 0.256139
