0 0.37184 0.441881 0.00791962 0.0294763 0.715684
0 0.305358 0.868444 0.00919161 0.027503 0.681718
0 0.382216 0.516769 0.00793309 0.0357022 0.599952
0 0.393433 0.493205 0.00812701 0.0278117 0.575665
0 0.386453 0.432649 0.0075286 0.0297132 0.529399
0 0.385393 0.429667 0.0085856 0.0340528 0.512844
0 0.271415 0.887288 0.0103522 0.0314808 0.475924
0 0.352123 0.559919 0.00916663 0.0265118 0.469284
0 0.372877 0.453485 0.00833657 0.0318327 0.447551
0 0.350876 0.600969 0.0110029 0.0257946 0.389517
0 0.341532 0.575444 0.00879497 0.0258096 0.330269
0 0.397872 0.430395 0.00841361 0.0289077 0.316535
0 0.396861 0.524875 0.0110825 0.0221062 0.306025
0 0.396899 0.433358 0.00720581 0.0285623 0.294185
9 0.273727 0.943876 0.0160724 0.0460235 0.282351
0 0.402484 0.513895 0.00804173 0.0282972 0.269491
0 0.37016 0.690684 0.00743434 0.0207979 0.265865
0 0.368211 0.399886 0.00956327 0.0303468 0.263451
0 0.414211 0.665433 0.00940905 0.0278628 0.256193
0 0.40226 0.491826 0.00805045 0.0262997 0.252388
9 0.360965 0.920173 0.0398056 0.031731 0.250311
