3 0.332773 0.549265 0.0920126 0.198434 0.936313
4 0.422754 0.621763 0.0591375 0.218201 0.905905
3 0.36042 0.160296 0.0392928 0.100021 0.882356
7 0.5923 0.924727 0.0512978 0.150546 0.861711
6 0.411703 0.0884126 0.0231285 0.0938505 0.803724
6 0.426912 0.228564 0.0305699 0.106621 0.798617
0 0.666043 0.357251 0.0142314 0.0557893 0.792583
3 0.336589 0.310608 0.050313 0.16342 0.768776
0 0.649216 0.394702 0.0129911 0.0596913 0.751281
7 0.559663 0.290963 0.0421385 0.100426 0.732713
6 0.513801 0.0429238 0.0427394 0.0806538 0.728673
7 0.556082 0.201793 0.0357624 0.104945 0.722662
6 0.673407 0.537329 0.0466823 0.130449 0.716547
6 0.597558 0.484384 0.0320853 0.0991088 0.695016
9 0.789242 0.523677 0.0417631 0.0465355 0.655046
6 0.558335 0.435882 0.0563396 0.177172 0.622203
9 0.659547 0.204773 0.0341396 0.0428946 0.571367
6 0.620397 0.327464 0.0224527 0.0812413 0.567524
9 0.199082 0.477442 0.0343189 0.0372871 0.540225
9 0.786862 0.564766 0.0446273 0.0513844 0.516309
4 0.336609 0.309472 0.0502102 0.166703 0.511855
9 0.659871 0.178582 0.0332636 0.0413953 0.497909
6 0.554599 0.476867 0.0489387 0.112012 0.488114
9 0.166467 0.576825 0.0280385 0.0615839 0.477924
9 0.523706 0.979792 0.031453 0.0404159 0.428573
1 0.563612 0.536517 0.0261074 0.0607852 0.399051
9 0.163129 0.230249 0.0237621 0.0396551 0.367727
0 0.590145 0.113329 0.01222 0.0538874 0.359684
0 0.43377 0.978466 0.0254398 0.0419855 0.327978
6 0.559765 0.29012 0.0413456 0.0989767 0.310879
1 0.748199 0.496831 0.0277785 0.0404737 0.274518
6 0.569068 0.39804 0.0344433 0.112402 0.270565
