3 0.79304 0.794445 0.1281 0.381723 0.923664
9 0.364881 0.787407 0.0377957 0.150883 0.810533
0 0.465692 0.405327 0.0241937 0.102326 0.753272
0 0.581075 0.286396 0.0156216 0.0700735 0.736116
0 0.536466 0.329411 0.0175831 0.0896067 0.69541
0 0.55917 0.322245 0.0174273 0.0852519 0.673755
0 0.484146 0.386883 0.0174849 0.0964015 0.673108
0 0.07244 0.267461 0.0196339 0.0769892 0.658179
0 0.604661 0.271811 0.0146788 0.0778706 0.597282
0 0.271548 0.251502 0.0197438 0.0641626 0.538037
1 0.365279 0.774688 0.0365294 0.124052 0.429311
9 0.00816291 0.210401 0.0163258 0.0477521 0.309159
0 0.269356 0.246654 0.0179307 0.0706824 0.293503
0 0.58535 0.246667 0.01405 0.0715432 0.263086
