5 0.377948 0.552111 0.213976 0.194039 0.941583
3 0.741404 0.853282 0.164113 0.16918 0.935147
3 0.514538 0.797389 0.195938 0.167702 0.900255
3 0.120005 0.902142 0.230895 0.19466 0.895886
3 0.574802 0.54572 0.136532 0.0844424 0.891183
3 0.924744 0.420027 0.113026 0.0636921 0.863882
3 0.787838 0.321721 0.0789184 0.0641174 0.830273
3 0.628184 0.414939 0.123681 0.0806803 0.828689
4 0.46957 0.441107 0.109455 0.0779166 0.816279
3 0.689092 0.317949 0.0638456 0.0536027 0.78649
0 0.734674 0.461029 0.0194785 0.0517593 0.757233
3 0.973832 0.548604 0.0523356 0.0869647 0.684957
0 0.715445 0.442951 0.015535 0.0586063 0.672366
0 0.704926 0.452873 0.0190132 0.0512778 0.666529
0 0.879914 0.353875 0.01399 0.0455746 0.583347
3 0.856846 0.320356 0.0702783 0.0610851 0.481091
3 0.652702 0.341504 0.0725021 0.0530335 0.456347
0 0.927957 0.320153 0.0177517 0.044937 0.406791
0 0.689366 0.344888 0.0141976 0.0393118 0.368319
3 0.977525 0.327328 0.0447913 0.0504466 0.367799
0 0.865042 0.367324 0.0153246 0.0442265 0.357019
0 0.862752 0.360877 0.0136673 0.047198 0.292822
0 0.923687 0.315631 0.0165333 0.0428335 0.289384
3 0.974624 0.646596 0.0507517 0.104608 0.289097
0 0.877538 0.355413 0.0150097 0.0492172 0.280249
3 0.992585 0.36078 0.0148299 0.055468 0.258546
0 0.939686 0.318953 0.0126643 0.0401936 0.253429
