3 0.454972 0.142085 0.135333 0.097765 0.895084
0 0.148023 0.546068 0.0612199 0.197495 0.870176
0 0.221884 0.433568 0.049681 0.14911 0.849597
0 0.716178 0.50398 0.0376268 0.186914 0.819733
0 0.665345 0.505892 0.0350235 0.174929 0.819456
0 0.28941 0.411113 0.0405563 0.137402 0.804256
0 0.432454 0.419369 0.0328463 0.14782 0.755924
0 0.351735 0.258443 0.0293939 0.134307 0.748746
0 0.43342 0.34812 0.0291224 0.12936 0.732787
0 0.40654 0.382611 0.0290133 0.131893 0.708882
0 0.0459464 0.122505 0.0296979 0.0870506 0.70609
0 0.475123 0.370186 0.0269737 0.131568 0.699202
0 0.0824786 0.576038 0.0605835 0.194032 0.628855
0 0.0927216 0.586226 0.0818857 0.219036 0.596867
4 0.279324 0.175193 0.158648 0.14999 0.576256
9 0.143664 0.0913438 0.0249607 0.0741807 0.446889
0 0.432219 0.380982 0.0275089 0.15682 0.418478
