0 0.677918 0.560152 0.0110908 0.0206973 0.591614
0 0.6625 0.480014 0.0100447 0.0277883 0.56629
0 0.651572 0.460057 0.00961112 0.025322 0.485029
0 0.604683 0.848463 0.0117498 0.0354586 0.456442
0 0.35903 0.0308685 0.0106433 0.0312673 0.431845
0 0.541313 0.192418 0.00914307 0.0338665 0.428967
0 0.794483 0.024294 0.0124675 0.0308164 0.368164
0 0.369143 0.0314771 0.0103609 0.0311302 0.356514
0 0.538043 0.014065 0.0115651 0.02813 0.341275
0 0.593193 0.824867 0.0132972 0.0235446 0.329512
9 0.331263 0.241224 0.0208723 0.0352466 0.320056
0 0.691645 0.115635 0.0126531 0.0395556 0.318034
9 0.340386 0.214478 0.0202134 0.0331903 0.280967
0 0.541514 0.239311 0.0107195 0.0491332 0.279543
1 0.891886 0.0699538 0.0132745 0.0340242 0.274588
0 0.357585 0.0382509 0.0111441 0.038934 0.267601
0 0.372746 0.0357203 0.00953605 0.0348623 0.253837
