3 0.442213 0.894327 0.117073 0.19599 0.939721
3 0.592891 0.792888 0.115478 0.185507 0.939304
3 0.219561 0.78388 0.084122 0.167998 0.92719
3 0.276552 0.484243 0.071552 0.124496 0.916055
3 0.471231 0.340057 0.0747882 0.107626 0.910979
4 0.701131 0.478091 0.118299 0.0830346 0.909052
4 0.634232 0.604838 0.115549 0.0838043 0.903457
3 0.411319 0.385841 0.0719815 0.120455 0.901887
3 0.35042 0.42748 0.0651889 0.13216 0.89923
4 0.556147 0.263531 0.0682996 0.0987428 0.891802
3 0.604928 0.25168 0.0696568 0.0815066 0.858229
0 0.168639 0.546941 0.0253014 0.0410961 0.802655
3 0.0253253 0.781194 0.0506506 0.164417 0.761198
0 0.201125 0.545137 0.0263496 0.0346148 0.73187
9 0.733269 0.956176 0.0540055 0.0797609 0.730051
9 0.0958675 0.433392 0.0602019 0.0502516 0.529
3 0.309372 0.966421 0.0840523 0.0670308 0.512279
0 0.90447 0.0726064 0.0194996 0.043717 0.371627
9 0.636983 0.975173 0.0559889 0.0496537 0.342381
9 0.735682 0.345188 0.0298956 0.0310577 0.261729
