3 0.610983 0.556132 0.0645069 0.0527438 0.87853
3 0.658917 0.715899 0.0937606 0.0906041 0.871487
3 0.474447 0.704443 0.0886221 0.0870298 0.866293
3 0.508206 0.612714 0.0573047 0.062867 0.864195
3 0.10039 0.927976 0.200781 0.140341 0.863709
3 0.415874 0.669007 0.0900224 0.0719546 0.855334
3 0.278196 0.734787 0.1281 0.086322 0.854724
3 0.297574 0.548773 0.051705 0.0529299 0.84232
3 0.215669 0.536822 0.0430044 0.0551992 0.796752
3 0.252016 0.512209 0.0427575 0.0405508 0.793734
3 0.348287 0.536702 0.0502333 0.0517154 0.785154
3 0.717741 0.478526 0.0556846 0.0365163 0.775846
3 0.416382 0.539731 0.0538388 0.0527248 0.771044
8 0.11761 0.394918 0.0433204 0.0545412 0.769137
3 0.311327 0.504282 0.0380637 0.0420526 0.755904
3 0.422039 0.389907 0.0302162 0.0197602 0.753318
3 0.361525 0.442595 0.0386805 0.0321937 0.753304
4 0.47537 0.410358 0.0387659 0.029915 0.745117
3 0.233421 0.483488 0.0371368 0.0380502 0.729315
3 0.275334 0.475004 0.0404448 0.0427396 0.70675
3 0.376387 0.511049 0.0427593 0.0433376 0.700547
3 0.571693 0.430001 0.0425088 0.0308889 0.647316
3 0.62832 0.495888 0.0686485 0.0367278 0.646469
3 0.272445 0.442103 0.0310951 0.0291462 0.639685
3 0.116889 0.335758 0.0158618 0.0151452 0.634384
3 0.213043 0.461182 0.0314728 0.0337013 0.619784
3 0.305036 0.354849 0.0274869 0.0206951 0.605947
3 0.332032 0.48456 0.0388041 0.035689 0.596678
3 0.302417 0.459636 0.0357043 0.0348831 0.56942
3 0.862988 0.550686 0.0613819 0.0556723 0.560201
4 0.812604 0.507095 0.0738072 0.0431295 0.553186
0 0.472374 0.433455 0.00747053 0.0222212 0.549428
3 0.205921 0.423443 0.0270029 0.0310432 0.54902
3 0.188784 0.442968 0.0271536 0.0332712 0.538259
0 0.81618 0.546247 0.0112661 0.0383494 0.524003
4 0.160852 0.453869 0.0340681 0.0370031 0.517017
4 0.687152 0.514367 0.076036 0.0470929 0.503354
0 0.659496 0.451238 0.0114912 0.0265557 0.474852
3 0.160233 0.414513 0.02093 0.025793 0.4596
3 0.813356 0.507066 0.0739112 0.0429038 0.453718
3 0.182669 0.430342 0.0296498 0.0276868 0.439442
3 0.174677 0.47782 0.029312 0.0378542 0.42603
9 0.766311 0.612911 0.0490242 0.0298668 0.422265
0 0.588852 0.6114 0.0135633 0.0391167 0.414524
0 0.917974 0.578016 0.0112793 0.0372842 0.388282
3 0.395617 0.366793 0.0246608 0.0244019 0.371154
1 0.769015 0.57648 0.0129247 0.0365767 0.365333
9 0.845092 0.587812 0.0382751 0.03725 0.364131
0 0.473335 0.434756 0.00715598 0.0247812 0.361288
3 0.394499 0.37331 0.0238838 0.022207 0.35801
9 0.778295 0.550318 0.0225615 0.0237836 0.329108
0 0.589469 0.603097 0.0114866 0.0367559 0.32783
0 0.366128 0.366658 0.0069582 0.022278 0.321742
0 0.835641 0.553017 0.0102032 0.034968 0.320629
3 0.186102 0.439025 0.0316046 0.0327192 0.300433
3 0.233254 0.440556 0.0381852 0.0394252 0.286904
3 0.104936 0.311707 0.0123789 0.0118673 0.285129
3 0.0363152 0.703347 0.0724846 0.0754206 0.278743
3 0.0433877 0.320142 0.0112463 0.0125287 0.269358
4 0.0359567 0.702868 0.0719135 0.072522 0.254767
8 0.176954 0.309961 0.0215962 0.0197775 0.253178
3 0.503528 0.410063 0.0242523 0.0224879 0.250266
