3 0.358522 0.191697 0.0292667 0.0321916 0.756322
0 0.827719 0.760651 0.0114232 0.0448984 0.70619
0 0.419887 0.675684 0.00938472 0.041381 0.705434
3 0.341767 0.194474 0.0260178 0.0305708 0.636487
8 0.9785 0.219237 0.0429994 0.109503 0.621593
0 0.839288 0.688251 0.00979658 0.0390014 0.579261
0 0.904618 0.208214 0.0060335 0.0226562 0.572902
0 0.437012 0.609476 0.00837267 0.0347958 0.530682
0 0.429208 0.597789 0.00808123 0.0378811 0.518345
0 0.831737 0.687935 0.00908273 0.0382463 0.470035
8 0.400492 0.427835 0.0849903 0.109945 0.442583
0 0.890376 0.216644 0.00725351 0.02124 0.436839
3 0.307214 0.206223 0.0304908 0.0279407 0.398654
0 0.871896 0.704472 0.0139137 0.0351522 0.393507
0 0.889245 0.218222 0.0064529 0.021532 0.379644
0 0.868695 0.249609 0.00666565 0.0216903 0.369544
0 0.880525 0.218859 0.007069 0.0218772 0.344995
3 0.411592 0.175255 0.0191139 0.0243408 0.304464
0 0.894228 0.204663 0.0064461 0.0216678 0.289444
0 0.864623 0.24716 0.00726929 0.0217966 0.273181
0 0.44609 0.77818 0.0104713 0.0418895 0.264739
2 0.458271 0.603439 0.0133842 0.0304697 0.25883
3 0.323455 0.366353 0.0481561 0.0488447 0.253601
