0 0.861298 0.220885 0.0173126 0.0295926 0.678532
0 0.769843 0.908329 0.0121983 0.0251924 0.583519
0 0.39049 0.716726 0.0125656 0.0198032 0.555552
0 0.848552 0.196436 0.0163532 0.0293002 0.546213
0 0.636011 0.367643 0.0108768 0.025741 0.52679
0 0.404119 0.913602 0.0097202 0.0159716 0.451965
0 0.831414 0.199415 0.0154419 0.0312373 0.419506
0 0.753954 0.881289 0.0159188 0.0293974 0.404446
0 0.446719 0.797668 0.0123352 0.0182633 0.392612
0 0.268605 0.502928 0.0112634 0.0168024 0.349441
0 0.727798 0.0712337 0.0101277 0.0240026 0.326024
0 0.595182 0.336483 0.0120691 0.0283598 0.319713
0 0.627301 0.336878 0.00869969 0.0203573 0.318422
0 0.623662 0.312275 0.00991843 0.0254691 0.316333
0 0.331326 0.627591 0.0114199 0.0187083 0.284162
0 0.98783 0.031949 0.0196586 0.0253143 0.282724
0 0.390345 0.721515 0.013702 0.0227564 0.279367
0 0.9861 0.0392418 0.0225453 0.0398516 0.276951
0 0.722143 0.886554 0.0175041 0.0171148 0.276016
1 0.776337 0.116011 0.0104904 0.0266224 0.264838
0 0.321123 0.646685 0.0140974 0.0187508 0.262471
