3 0.556518 0.775941 0.0340893 0.0886909 0.865887
3 0.181767 0.662125 0.0601997 0.0425158 0.836607
3 0.427876 0.429003 0.030468 0.0432385 0.807224
3 0.454004 0.430365 0.0261341 0.0426688 0.806902
3 0.526962 0.305415 0.0200718 0.0376607 0.776422
3 0.494342 0.31265 0.0220684 0.0342692 0.678315
3 0.440171 0.334146 0.0402195 0.0322076 0.634813
3 0.667255 0.164442 0.0112074 0.0219763 0.539911
3 0.534412 0.268981 0.0187227 0.032297 0.460249
3 0.672223 0.166122 0.0129313 0.0214682 0.390919
0 0.373728 0.991481 0.011938 0.0168843 0.341967
3 0.669932 0.165384 0.0157892 0.0212234 0.252348
