4 0.846776 0.383959 0.0858839 0.230005 0.942633
3 0.737638 0.382845 0.0784496 0.25064 0.921506
3 0.709273 0.912323 0.0688175 0.172286 0.914821
5 0.59506 0.527884 0.0834904 0.37028 0.899334
9 0.373872 0.462607 0.0459994 0.0486747 0.791821
4 0.528117 0.935091 0.0593756 0.126098 0.786983
9 0.781515 0.702157 0.0317527 0.0941398 0.780369
6 0.806758 0.188013 0.0376012 0.134075 0.750452
6 0.80549 0.801408 0.0571818 0.164398 0.738528
6 0.823818 0.0776149 0.0427528 0.143154 0.699517
9 0.403202 0.165435 0.0457655 0.0416898 0.659567
9 0.988276 0.0464308 0.0234487 0.0506212 0.653793
9 0.617187 0.802595 0.0284921 0.0840168 0.643072
0 0.942815 0.702704 0.0391721 0.0364557 0.610141
6 0.738354 0.0600534 0.0469961 0.120107 0.576581
9 0.307574 0.617984 0.0180651 0.06969 0.549256
9 0.368119 0.407702 0.0472641 0.039234 0.499241
6 0.868686 0.0438574 0.0577644 0.0864497 0.464832
6 0.527206 0.417431 0.0466162 0.148413 0.426318
9 0.433293 0.0434872 0.0235466 0.0620237 0.405387
3 0.543081 0.026789 0.0543628 0.053578 0.401849
0 0.9829 0.6551 0.0341705 0.0331136 0.389732
9 0.408447 0.13257 0.0446024 0.042881 0.328245
9 0.799404 0.752654 0.0295012 0.0783544 0.315469
9 0.348185 0.599396 0.0428056 0.0419238 0.294447
9 0.310242 0.501817 0.0204768 0.0921238 0.287508
