3 0.954405 0.120987 0.0472173 0.0316222 0.75082
0 0.620221 0.630307 0.0103783 0.0503105 0.730735
0 0.592234 0.523833 0.00964486 0.0363955 0.719938
0 0.594541 0.360156 0.008733 0.0380093 0.684236
0 0.639523 0.493862 0.00988521 0.0411748 0.663904
0 0.669294 0.746566 0.0127756 0.0570707 0.653923
0 0.67066 0.741338 0.0127879 0.0556679 0.65338
0 0.58545 0.41683 0.00863626 0.0401423 0.530885
0 0.846258 0.431181 0.0114963 0.0316694 0.501807
0 0.654307 0.51424 0.00956804 0.0366833 0.469043
0 0.0590679 0.414425 0.0100212 0.0346809 0.441409
0 0.596642 0.790369 0.0126025 0.0576291 0.408439
0 0.630334 0.362058 0.00764845 0.0328217 0.291327
0 0.850537 0.432758 0.0117443 0.0319687 0.290615
0 0.557868 0.315725 0.00997545 0.0328174 0.284744
0 0.594104 0.574942 0.0106634 0.0395073 0.271755
