3 0.63436 0.874997 0.0505198 0.0701265 0.892832
3 0.523957 0.954778 0.0496453 0.0902892 0.879214
3 0.514425 0.862783 0.0387043 0.0738565 0.868193
3 0.518693 0.794801 0.035784 0.0639743 0.840975
3 0.835655 0.951526 0.104379 0.0956595 0.840638
3 0.685195 0.81875 0.0519173 0.0592161 0.839783
3 0.632077 0.714419 0.0298933 0.0304133 0.837202
3 0.66218 0.769008 0.0430035 0.0430865 0.835915
3 0.588318 0.742527 0.0296412 0.0368047 0.833279
0 0.56741 0.640379 0.00631888 0.0224959 0.659547
0 0.490929 0.675425 0.00664882 0.0261079 0.610325
0 0.466862 0.713456 0.00861816 0.0288338 0.604728
1 0.544053 0.681542 0.00863831 0.0217631 0.590579
0 0.784087 0.810033 0.0101241 0.0400024 0.558092
5 0.511582 0.648612 0.029611 0.0587845 0.55474
0 0.458716 0.641656 0.00589438 0.0232676 0.547535
5 0.608402 0.663577 0.0270517 0.0446007 0.539748
0 0.446561 0.711003 0.0092783 0.03246 0.538567
0 0.781983 0.810235 0.0121013 0.0402184 0.526539
0 0.490091 0.677286 0.00655879 0.0252506 0.519481
0 0.432351 0.710415 0.0089151 0.0340237 0.51594
0 0.0031727 0.612594 0.00624973 0.0202878 0.485766
0 0.47368 0.677972 0.00986023 0.0277542 0.481807
0 0.0123096 0.620629 0.00780136 0.0280745 0.463605
0 0.0105332 0.626653 0.00857514 0.0197993 0.45361
0 0.482549 0.678003 0.00659807 0.0281066 0.448355
0 0.440926 0.724916 0.00878714 0.0333847 0.439477
0 0.0223247 0.586415 0.00715222 0.0161015 0.426855
0 0.564311 0.776525 0.00980491 0.0251625 0.413758
3 0.511451 0.61974 0.0212801 0.0191215 0.410638
0 0.774162 0.80994 0.0109907 0.0414396 0.406038
0 0.0371487 0.585367 0.005384 0.0154383 0.400537
3 0.509892 0.55204 0.00792685 0.0110894 0.387267
0 0.640988 0.782257 0.0102996 0.0352112 0.356848
0 0.142427 0.601063 0.00668479 0.0171842 0.356227
0 0.38778 0.804566 0.00972643 0.0408857 0.348857
3 0.543094 0.562854 0.0111226 0.0132777 0.332769
0 0.0143638 0.612728 0.0088567 0.0204076 0.321615
0 0.472366 0.624292 0.00723267 0.0162613 0.3209
0 0.432864 0.698575 0.00927887 0.0378639 0.307643
8 0.539802 0.585031 0.013623 0.0271261 0.302015
3 0.567709 0.593761 0.0157778 0.0140084 0.30107
0 0.146004 0.568187 0.00524313 0.0139707 0.299649
0 0.0132741 0.626255 0.0109606 0.0208631 0.292835
3 0.564473 0.584233 0.0161276 0.0159694 0.288785
3 0.509921 0.582979 0.0132982 0.0125231 0.287966
0 0.044345 0.584709 0.00460936 0.0150048 0.281148
0 0.436629 0.679875 0.00811388 0.0297564 0.263852
0 0.448563 0.640887 0.00962812 0.0205811 0.254894
0 0.557783 0.60935 0.00530566 0.0160014 0.253978
0 0.604218 0.588377 0.00494681 0.013987 0.251323
