3 0.381537 0.546867 0.0231186 0.0348 0.876649
3 0.287204 0.800241 0.047793 0.0653877 0.866945
3 0.403855 0.786647 0.0380743 0.08652 0.856751
3 0.354026 0.563094 0.0238118 0.0359403 0.831878
3 0.400383 0.493624 0.0191068 0.029086 0.831311
3 0.374685 0.500624 0.0224293 0.0386981 0.789728
3 0.0938949 0.75929 0.0612584 0.050336 0.739716
3 0.316172 0.559521 0.0229986 0.0387236 0.729022
0 0.528844 0.86122 0.0105772 0.0510569 0.726134
3 0.403725 0.350768 0.0227795 0.0199448 0.677143
8 0.455599 0.341684 0.0156246 0.0366644 0.673477
3 0.384592 0.467005 0.0196443 0.0351887 0.666686
3 0.346307 0.515191 0.0206822 0.0333249 0.645915
4 0.395853 0.43556 0.0187075 0.034673 0.628303
0 0.217539 0.907572 0.0115056 0.0495089 0.606519
0 0.282493 0.629576 0.009367 0.0310031 0.548145
3 0.021915 0.765035 0.0437472 0.0489618 0.542866
3 0.415368 0.312836 0.0103774 0.0161679 0.48924
3 0.354545 0.489025 0.0198946 0.027209 0.473493
3 0.473312 0.34111 0.0136526 0.0203019 0.449551
3 0.378797 0.353323 0.0180019 0.0207008 0.44631
3 0.471356 0.345759 0.0112449 0.019172 0.401252
8 0.473083 0.289901 0.0148977 0.0213202 0.358984
3 0.476647 0.329142 0.0130562 0.0247663 0.353454
3 0.458886 0.296935 0.00825317 0.0173154 0.346621
0 0.528653 0.577107 0.00690347 0.0326878 0.309572
8 0.475545 0.295732 0.0134505 0.0295647 0.267231
