3 0.777315 0.565923 0.0483307 0.0683582 0.8656
3 0.476538 0.704332 0.0530457 0.0680858 0.862926
4 0.820696 0.729845 0.0562334 0.106324 0.861754
3 0.1533 0.472456 0.0791577 0.0664406 0.860846
3 0.558571 0.55377 0.0447424 0.0591107 0.860838
3 0.589634 0.48713 0.0389978 0.0519837 0.858412
3 0.710423 0.696003 0.0507997 0.0987282 0.856219
3 0.878037 0.595752 0.0414717 0.0730881 0.849079
3 0.636577 0.544132 0.0437174 0.067787 0.839768
3 0.760818 0.708815 0.0646392 0.118902 0.834962
3 0.731956 0.537952 0.042371 0.0636791 0.833548
3 0.78217 0.345063 0.047718 0.0280752 0.831143
3 0.75534 0.364709 0.051154 0.0342339 0.829948
3 0.827622 0.299331 0.0408169 0.0222214 0.816729
3 0.92824 0.305785 0.0406906 0.0237935 0.810884
3 0.945815 0.373486 0.0264306 0.0311455 0.808603
3 0.830685 0.575213 0.041449 0.0784934 0.796824
3 0.665579 0.45107 0.0294495 0.0477676 0.79529
3 0.411012 0.808818 0.05368 0.104434 0.785807
3 0.880047 0.347049 0.0436847 0.024059 0.784854
3 0.956955 0.776526 0.0592474 0.104358 0.783798
3 0.864307 0.466205 0.0610989 0.0377125 0.780636
4 0.525953 0.614523 0.0597774 0.0870539 0.773806
3 0.915465 0.367079 0.0252882 0.0307427 0.766795
3 0.627384 0.245159 0.0232612 0.0239259 0.745901
3 0.834173 0.350029 0.0430142 0.02387 0.744961
3 0.930542 0.349053 0.0418743 0.0254131 0.742522
4 0.61543 0.59977 0.0539348 0.0921572 0.73156
3 0.975627 0.37519 0.0263537 0.030877 0.726766
0 0.800181 0.618533 0.0167212 0.0380913 0.703701
3 0.615405 0.599912 0.0540046 0.0923452 0.695848
3 0.812059 0.402713 0.0586532 0.0366995 0.694818
3 0.466341 0.171281 0.0168507 0.0192753 0.694487
0 0.641481 0.654561 0.0131535 0.043648 0.685815
3 0.874578 0.755388 0.0542322 0.0910221 0.684825
3 0.623877 0.407307 0.0273123 0.0431718 0.674573
3 0.653483 0.493619 0.0354252 0.057775 0.670088
0 0.710321 0.511138 0.0124692 0.0338771 0.646854
3 0.611128 0.445293 0.0322029 0.0455731 0.642562
3 0.879128 0.40753 0.0563751 0.0311283 0.638633
3 0.582396 0.140063 0.0118284 0.0162805 0.638599
3 0.98267 0.346221 0.0342793 0.0251211 0.62914
3 0.485432 0.148199 0.0152542 0.015958 0.606256
3 0.879076 0.386128 0.0541448 0.0293546 0.595905
3 0.810174 0.408261 0.0569904 0.033709 0.592907
3 0.973501 0.32495 0.0399261 0.0212748 0.574848
3 0.881455 0.421982 0.0587055 0.0362131 0.565352
3 0.879857 0.391623 0.0578069 0.0358304 0.562686
3 0.491449 0.197407 0.0187922 0.0222754 0.546254
4 0.353528 0.928835 0.0963802 0.13914 0.540797
3 0.536158 0.13585 0.0123905 0.0160746 0.531512
3 0.879939 0.433378 0.0608055 0.0385231 0.527465
3 0.797904 0.424475 0.0600439 0.0365711 0.518152
3 0.522381 0.111407 0.0120441 0.0132135 0.514043
3 0.113915 0.862737 0.146916 0.121037 0.513056
3 0.571316 0.112168 0.0104601 0.0135505 0.487595
1 0.439782 0.559211 0.0134337 0.0291466 0.485138
0 0.621681 0.657388 0.0127251 0.0382633 0.470842
3 0.526075 0.614523 0.059464 0.0868068 0.464945
0 0.697274 0.390873 0.0116965 0.0264234 0.464015
9 0.573493 0.317511 0.00983512 0.022522 0.435325
0 0.694201 0.470142 0.0106478 0.0316191 0.433165
3 0.593259 0.125063 0.014171 0.0141445 0.427948
3 0.880254 0.414443 0.0591294 0.0358533 0.42309
0 0.700628 0.390329 0.0112644 0.0266754 0.415073
3 0.803478 0.416363 0.0577996 0.0329318 0.406644
3 0.922935 0.604624 0.0435243 0.0768477 0.396797
3 0.970309 0.303347 0.0386671 0.0231996 0.373828
3 0.795756 0.432007 0.0576862 0.0380661 0.370701
2 0.43812 0.565211 0.0203791 0.0295136 0.345641
3 0.320949 0.607554 0.0765004 0.066378 0.329722
3 0.970036 0.307784 0.0373219 0.0216797 0.326905
3 0.61281 0.180774 0.0184488 0.0195869 0.321448
3 0.979527 0.32904 0.0406104 0.023374 0.3199
0 0.202575 0.328977 0.00761191 0.0254992 0.31709
9 0.378985 0.256554 0.00819999 0.0173787 0.313501
3 0.567002 0.132038 0.0123924 0.014624 0.305182
3 0.615847 0.137073 0.0184954 0.0147966 0.299057
3 0.354571 0.926916 0.0956175 0.13584 0.291365
3 0.990741 0.36407 0.0185184 0.0268936 0.286049
3 0.584186 0.0949884 0.0142502 0.0105224 0.275244
3 0.58946 0.0942381 0.0126404 0.0114245 0.273909
3 0.608728 0.138472 0.0158222 0.015499 0.270643
3 0.435851 0.0958455 0.0154882 0.0152044 0.269143
0 0.690397 0.745379 0.011882 0.0353241 0.265442
3 0.602936 0.131482 0.0192103 0.0155475 0.259092
9 0.691183 0.278787 0.00948316 0.0169926 0.25701
