0 0.730953 0.521135 0.00921365 0.0397764 0.755494
0 0.805425 0.827809 0.0132194 0.0435532 0.726861
0 0.702533 0.268451 0.00753257 0.0257833 0.681581
0 0.656027 0.328449 0.00865505 0.031653 0.652675
0 0.687472 0.483761 0.00866106 0.0349116 0.618128
0 0.678548 0.496847 0.00830706 0.0398325 0.613518
0 0.67806 0.499187 0.0106931 0.0393069 0.612711
0 0.68362 0.263824 0.00703448 0.0305205 0.580958
0 0.68433 0.168695 0.00643768 0.0292338 0.57988
0 0.627564 0.296949 0.00754547 0.0326925 0.565804
0 0.615355 0.195927 0.00705357 0.0299956 0.559786
0 0.771331 0.547906 0.00965402 0.040175 0.551349
0 0.602669 0.0892584 0.00716875 0.0229721 0.544915
0 0.718141 0.221117 0.00770608 0.0320398 0.537594
0 0.685133 0.166403 0.00598175 0.0298572 0.53413
0 0.692611 0.399847 0.00951059 0.0289179 0.518092
0 0.689231 0.483236 0.00988961 0.0354832 0.503195
0 0.680397 0.390389 0.00897008 0.0331084 0.478789
0 0.754704 0.405376 0.0115954 0.0378234 0.465306
0 0.661588 0.504297 0.0106948 0.0289154 0.459736
0 0.68408 0.386936 0.00891379 0.0367883 0.457265
0 0.659998 0.243204 0.00775316 0.0295303 0.455232
0 0.67167 0.126059 0.00608006 0.0228157 0.430488
0 0.764728 0.539298 0.011389 0.0313628 0.413939
0 0.703892 0.438346 0.00933663 0.0302846 0.384645
0 0.663145 0.122888 0.00565469 0.0284143 0.38375
1 0.509502 0.220506 0.00879347 0.0180202 0.370508
0 0.617168 0.156874 0.00645085 0.0257242 0.358527
0 0.661792 0.246803 0.00853232 0.024868 0.342722
0 0.685672 0.294359 0.00798492 0.0312312 0.31336
0 0.614007 0.15879 0.00658168 0.0247556 0.311734
0 0.776898 0.982269 0.0194254 0.032196 0.305266
0 0.716639 0.220188 0.008463 0.0295917 0.30037
0 0.66538 0.119082 0.00715293 0.0229485 0.297931
0 0.592146 0.0137377 0.00556274 0.0191697 0.296484
0 0.645154 0.0152419 0.00519409 0.0223669 0.281215
0 0.6835 0.306646 0.00660876 0.032095 0.273867
0 0.673509 0.333863 0.00958483 0.0336791 0.260602
0 0.664429 0.247937 0.00867959 0.0228633 0.253316
