0 0.441488 0.223041 0.00698774 0.0374464 0.690968
0 0.526393 0.296616 0.00975848 0.032133 0.63209
0 0.43061 0.202127 0.00746251 0.0322528 0.627131
0 0.418297 0.538721 0.0113191 0.0278779 0.618751
0 0.48654 0.303743 0.00736219 0.0309981 0.569908
0 0.510667 0.280471 0.00895168 0.0327442 0.561646
0 0.452338 0.50949 0.0101616 0.0423007 0.560718
0 0.445925 0.342469 0.0090577 0.0327248 0.532211
0 0.472837 0.220377 0.00822104 0.0334598 0.521386
0 0.411579 0.617955 0.0116162 0.0315977 0.513072
0 0.436277 0.156906 0.00820905 0.0348546 0.509239
0 0.43429 0.156551 0.010146 0.0337406 0.497637
0 0.519989 0.210116 0.00765499 0.0359323 0.469745
0 0.423243 0.246553 0.00903931 0.0333199 0.46136
0 0.414818 0.0482288 0.00808725 0.025524 0.455936
0 0.527283 0.210207 0.00859985 0.0344029 0.451255
0 0.432543 0.22459 0.00730268 0.035921 0.436925
0 0.438242 0.155673 0.0110297 0.0333617 0.343054
0 0.423828 0.252356 0.0101944 0.0347011 0.325935
0 0.45247 0.503565 0.00956247 0.0324357 0.323846
0 0.42625 0.253946 0.0100198 0.0319626 0.297895
9 0.892881 0.899409 0.0375003 0.0416446 0.292232
0 0.452117 0.518122 0.00944733 0.0401695 0.283295
0 0.438743 0.44512 0.0102245 0.0227129 0.280757
0 0.423481 0.0112691 0.00712167 0.0225383 0.255171
