3 0.5208 0.700548 0.057611 0.0882167 0.898832
3 0.496081 0.594057 0.0455001 0.0608155 0.884779
3 0.628897 0.569497 0.0547346 0.0693927 0.88179
3 0.506998 0.644785 0.0586957 0.0745672 0.852974
3 0.156545 0.477206 0.0610868 0.0399032 0.852105
5 0.346261 0.407007 0.0277092 0.0642185 0.840261
3 0.384247 0.401649 0.022407 0.0424417 0.839018
3 0.480727 0.550553 0.0499705 0.0606778 0.811681
3 0.201371 0.31537 0.0455848 0.0282422 0.808921
3 0.464177 0.510789 0.0525287 0.054974 0.791815
3 0.368388 0.747961 0.0379046 0.102831 0.776302
3 0.58575 0.365409 0.028525 0.0496195 0.759265
3 0.22774 0.249702 0.039527 0.0235191 0.757359
3 0.590829 0.547057 0.0543169 0.0692315 0.742168
3 0.164102 0.431079 0.0521293 0.0286226 0.69589
3 0.316459 0.412436 0.0219639 0.0423449 0.630444
3 0.243653 0.19 0.0358815 0.0215867 0.624671
3 0.244546 0.175108 0.0339619 0.0202413 0.612882
3 0.232402 0.228761 0.037 0.022094 0.581622
3 0.714666 0.704174 0.0717169 0.10814 0.49588
9 0.314507 0.470456 0.022889 0.0169342 0.464032
4 0.185448 0.366937 0.038487 0.0276284 0.41092
3 0.173239 0.403527 0.0477318 0.0295896 0.37491
3 0.303355 0.302807 0.0345712 0.0310876 0.363362
4 0.173564 0.400667 0.0477436 0.0306858 0.297432
0 0.290007 0.451479 0.00982662 0.0188754 0.279662
