8 0.323942 0.539585 0.111556 0.257835 0.920167
8 0.374017 0.648098 0.0736112 0.18329 0.880135
3 0.430993 0.259266 0.039149 0.0798236 0.836575
3 0.41433 0.44206 0.0443014 0.10662 0.820951
3 0.452918 0.440296 0.0468535 0.113176 0.718283
3 0.290173 0.795209 0.0602733 0.14235 0.642892
3 0.230875 0.408614 0.0485957 0.0609817 0.625623
0 0.326876 0.330711 0.00885997 0.0254501 0.457519
0 0.447139 0.119412 0.00874137 0.0345748 0.399195
0 0.484532 0.902859 0.0119982 0.0253828 0.370719
0 0.254537 0.254503 0.0100802 0.0252701 0.361012
0 0.380626 0.220319 0.00815909 0.0258696 0.351571
0 0.346721 0.178058 0.00895381 0.0280377 0.346577
0 0.235898 0.562241 0.00831255 0.0240487 0.344384
0 0.40467 0.217626 0.00786141 0.0306644 0.331587
0 0.480828 0.890204 0.0104496 0.0246707 0.327135
0 0.384399 0.143252 0.00645918 0.0250326 0.298869
0 0.255616 0.271442 0.0100532 0.0280536 0.296383
0 0.248684 0.269944 0.00992743 0.0278961 0.295713
3 0.561199 0.135562 0.0448023 0.0853489 0.276637
