3 0.227073 0.650612 0.0919522 0.0883458 0.886935
3 0.725094 0.738876 0.137063 0.0990878 0.884599
4 0.553581 0.749447 0.0849062 0.115506 0.879771
4 0.29408 0.652422 0.0940071 0.100971 0.867155
3 0.279905 0.565231 0.0789206 0.0661589 0.858555
3 0.197441 0.464325 0.0616237 0.04579 0.840541
3 0.0540672 0.57397 0.0975113 0.0638031 0.815413
3 0.243017 0.484883 0.063219 0.0387206 0.811685
0 0.844148 0.835086 0.0244735 0.0727361 0.810348
3 0.961948 0.70871 0.0761045 0.0575586 0.806725
3 0.306191 0.454664 0.0492237 0.0341398 0.806612
3 0.964681 0.762298 0.0700415 0.0686549 0.802345
0 0.797963 0.799785 0.0203449 0.0696943 0.801831
4 0.440359 0.913439 0.137016 0.166621 0.785464
4 0.752407 0.647861 0.124613 0.0704447 0.784753
3 0.966884 0.828238 0.0657819 0.0793524 0.783111
3 0.393808 0.578257 0.0810659 0.0743118 0.769606
3 0.215274 0.570077 0.0842828 0.0679288 0.76928
3 0.116139 0.498976 0.0721091 0.0470076 0.762776
4 0.747069 0.604233 0.10107 0.0579851 0.754434
3 0.297451 0.426924 0.0437879 0.0330954 0.742155
3 0.337884 0.566847 0.0847717 0.0776353 0.741684
4 0.78426 0.522063 0.0930587 0.0580204 0.738865
3 0.72374 0.444632 0.0318298 0.0335435 0.721411
3 0.971447 0.909464 0.0570381 0.0995715 0.672443
3 0.699512 0.416489 0.0276541 0.0276282 0.644362
3 0.346076 0.428472 0.0357201 0.0310069 0.631688
3 0.914592 0.455468 0.0491486 0.0295457 0.617252
3 0.853339 0.472772 0.0353543 0.0456291 0.58228
3 0.276307 0.401698 0.0393499 0.0270628 0.567995
3 0.0220338 0.471955 0.0440676 0.0476587 0.564087
3 0.879405 0.329503 0.0234748 0.0166402 0.551372
3 0.828075 0.398683 0.0242806 0.0221437 0.513108
3 0.970454 0.975548 0.0590916 0.048648 0.486352
3 0.901301 0.420373 0.0319866 0.0243296 0.449421
3 0.759772 0.39361 0.0176665 0.0198358 0.442739
3 0.906321 0.437108 0.0385712 0.0283923 0.439086
4 0.747118 0.578016 0.0986601 0.0492078 0.433682
0 0.870153 0.40593 0.00896755 0.0221493 0.429316
3 0.832688 0.37537 0.0204803 0.0170145 0.416228
3 0.804506 0.414739 0.047571 0.0242439 0.403537
3 0.901365 0.411885 0.0309411 0.0234491 0.400834
3 0.907719 0.432308 0.0402639 0.02756 0.395476
3 0.887644 0.333987 0.0215141 0.0158947 0.358171
3 0.754499 0.557055 0.0902151 0.0476857 0.356479
4 0.39005 0.412115 0.0332945 0.0308752 0.32045
3 0.867418 0.310225 0.0157436 0.014828 0.317194
3 0.395279 0.407454 0.0312144 0.0258663 0.316353
3 0.897524 0.384988 0.0309071 0.0180115 0.313062
3 0.900628 0.364501 0.0363209 0.0167636 0.306044
3 0.897974 0.391722 0.0298969 0.0177211 0.303696
3 0.76418 0.409998 0.0180332 0.0221556 0.298214
3 0.898563 0.3969 0.030537 0.0184371 0.294566
4 0.807718 0.449959 0.05221 0.0360155 0.291064
3 0.391514 0.410943 0.0337023 0.0301558 0.290265
3 0.839351 0.348525 0.0253635 0.0174377 0.288415
3 0.912734 0.360148 0.0288441 0.0158789 0.281744
0 0.025869 0.50689 0.0123093 0.039664 0.279574
3 0.901217 0.33062 0.0287624 0.0159695 0.270991
3 0.914539 0.355046 0.0326276 0.0160066 0.270599
3 0.896718 0.331997 0.0266724 0.0173716 0.26332
4 0.36592 0.397332 0.0332285 0.0292249 0.254431
3 0.897941 0.335615 0.0323642 0.0168367 0.25233
3 0.89749 0.379083 0.0319778 0.0197705 0.251477
4 0.800734 0.445163 0.0602213 0.0336798 0.25012
