3 0.325642 0.352205 0.0548639 0.108095 0.882653
3 0.624842 0.700127 0.0512407 0.155037 0.838237
0 0.726028 0.93905 0.0176657 0.0272551 0.619646
0 0.802048 0.270256 0.00850699 0.0266765 0.536437
0 0.323619 0.288166 0.0102912 0.0350768 0.527939
0 0.776868 0.324752 0.0103787 0.0305907 0.505975
0 0.313345 0.138693 0.0109661 0.035608 0.504131
0 0.333489 0.289455 0.0115653 0.0352291 0.495586
5 0.575516 0.680347 0.0561339 0.168244 0.465561
0 0.696776 0.555321 0.0108665 0.0303615 0.396085
0 0.79111 0.263702 0.00932338 0.0320525 0.367546
0 0.294488 0.134074 0.00923357 0.0270534 0.366054
4 0.575272 0.680235 0.0573526 0.167214 0.331624
0 0.325885 0.289521 0.0107618 0.0352104 0.310454
0 0.707979 0.979253 0.0159246 0.0250288 0.294904
0 0.265822 0.380789 0.0173718 0.0333867 0.287022
0 0.211994 0.409957 0.0119339 0.0388918 0.279491
0 0.739692 0.965633 0.0126186 0.0282329 0.255607
