0 0.564386 0.293353 0.0104296 0.0349012 0.660919
0 0.539316 0.658604 0.0103645 0.0358417 0.645632
0 0.52685 0.663147 0.00927085 0.0331008 0.636337
0 0.546157 0.0455603 0.00867488 0.0356332 0.609108
0 0.519017 0.549688 0.0105 0.0358631 0.599987
0 0.54351 0.243097 0.00881147 0.0352409 0.565295
0 0.557329 0.0179418 0.0108795 0.0337635 0.469767
0 0.530946 0.213389 0.00890503 0.0420453 0.452944
7 0.58245 0.125232 0.0253759 0.0504889 0.415665
0 0.535858 0.0193482 0.00945635 0.0346578 0.405511
0 0.513853 0.240908 0.0098114 0.0377935 0.40035
0 0.560808 0.0202006 0.00886488 0.03567 0.382839
0 0.525578 0.0183554 0.00896079 0.0356644 0.356437
0 0.524038 0.0193929 0.0105799 0.0329776 0.34504
0 0.517413 0.240238 0.0115644 0.0360988 0.342964
0 0.531144 0.2223 0.0100235 0.0458551 0.339942
9 0.485369 0.87164 0.0132586 0.0517826 0.323581
0 0.53646 0.028329 0.00895172 0.0421863 0.299258
0 0.511859 0.239463 0.0112304 0.0332557 0.282611
0 0.562376 0.293115 0.0122631 0.0331092 0.27487
