3 0.387506 0.844161 0.0553295 0.0812251 0.894084
3 0.422182 0.23545 0.0550838 0.0826028 0.892924
3 0.311021 0.254424 0.0575378 0.0830969 0.892343
3 0.609259 0.212262 0.0575682 0.0860569 0.889419
3 0.416077 0.427067 0.055065 0.083092 0.888721
4 0.357846 0.331516 0.0589921 0.0849747 0.881254
4 0.672309 0.023162 0.0742447 0.0461021 0.877597
4 0.715825 0.915062 0.0543751 0.0855977 0.874591
3 0.540818 0.624307 0.0557382 0.0846902 0.871717
3 0.442498 0.835527 0.0529608 0.0668627 0.869018
3 0.410021 0.0523396 0.0560907 0.0880411 0.864412
3 0.490922 0.334619 0.0467316 0.091823 0.841531
4 0.460165 0.499495 0.0463113 0.0657188 0.81955
4 0.631074 0.107461 0.0625681 0.0463147 0.808552
3 0.449995 0.0262667 0.0418903 0.0523251 0.769918
3 0.540273 0.267144 0.0605465 0.0808803 0.760687
5 0.603576 0.734655 0.0779566 0.121316 0.743064
4 0.12542 0.446932 0.0562577 0.0708922 0.725318
3 0.503635 0.983702 0.0512394 0.0318426 0.689981
0 0.360987 0.106741 0.0119274 0.0212624 0.638671
3 0.126002 0.447448 0.0534075 0.0720273 0.58843
2 0.632862 0.29164 0.0212915 0.0223418 0.540184
0 0.375051 0.0983513 0.0114112 0.0250387 0.518331
0 0.66566 0.813111 0.0129493 0.0171176 0.449505
0 0.268634 0.254582 0.0117808 0.021557 0.445559
0 0.669444 0.818125 0.0180738 0.0226394 0.427842
0 0.335875 0.660281 0.0114551 0.0142791 0.425053
9 0.509612 0.39975 0.0230362 0.0353927 0.423414
0 0.321363 0.645242 0.0115885 0.0185346 0.423013
9 0.786065 0.674371 0.0274445 0.0257911 0.407055
9 0.753165 0.641175 0.0202038 0.0231524 0.398304
0 0.657718 0.530265 0.0100899 0.0139552 0.38723
9 0.670125 0.27384 0.0189055 0.0211534 0.382639
3 0.487413 0.00561658 0.0333095 0.0112332 0.37472
0 0.319495 0.754342 0.0126144 0.0201224 0.371839
9 0.648815 0.615161 0.0266903 0.0264608 0.365883
9 0.696246 0.695089 0.0199517 0.0188832 0.353997
0 0.280917 0.245128 0.0115995 0.0193783 0.339891
9 0.245774 0.565097 0.03195 0.0332967 0.335369
0 0.336091 0.656318 0.0117269 0.0176388 0.314778
6 0.592539 0.541661 0.0352741 0.0531759 0.311899
9 0.155963 0.545795 0.0184563 0.0182945 0.308499
9 0.265694 0.636149 0.0256546 0.0402969 0.272847
0 0.371941 0.106143 0.0127834 0.0238546 0.272626
0 0.285761 0.763814 0.0195419 0.0160141 0.262873
0 0.848393 0.924276 0.0223156 0.0209205 0.261228
9 0.619037 0.57382 0.0319212 0.0206195 0.251643
9 0.156739 0.550239 0.0180779 0.0194773 0.250917
