3 0.583462 0.640132 0.0697025 0.0907155 0.900668
3 0.419136 0.433079 0.0692514 0.0902808 0.898165
3 0.81378 0.808954 0.0711697 0.0856702 0.879648
3 0.418429 0.299615 0.0664495 0.0788238 0.873562
3 0.0376104 0.973044 0.0752208 0.0539117 0.865915
3 0.744864 0.929387 0.0632997 0.0842644 0.852338
3 0.712989 0.610647 0.0725309 0.0855851 0.849131
3 0.898567 0.808539 0.0794527 0.0946342 0.746457
9 0.228161 0.444883 0.0226775 0.0316824 0.704928
3 0.0683786 0.464883 0.0564734 0.0566553 0.435659
3 0.552468 0.85365 0.0842659 0.0852468 0.423002
3 0.888291 0.799617 0.099464 0.111059 0.293378
