3 0.419866 0.66695 0.0275487 0.0357853 0.834201
3 0.284926 0.759346 0.0366437 0.0400181 0.81345
3 0.33853 0.733549 0.0306641 0.0336532 0.810856
3 0.368203 0.690749 0.030018 0.0352393 0.795107
8 0.480749 0.538996 0.0326365 0.0419068 0.762883
3 0.539113 0.479871 0.0191619 0.0242035 0.739782
3 0.411452 0.621322 0.0276024 0.0309487 0.709821
3 0.641042 0.398365 0.0132047 0.0180976 0.665849
8 0.566579 0.455551 0.0366869 0.0635178 0.619309
3 0.597096 0.419257 0.0146168 0.0198586 0.571467
8 0.627747 0.370793 0.0194515 0.0364709 0.434597
3 0.6699 0.392702 0.0142119 0.0188963 0.407452
3 0.677625 0.32606 0.0154316 0.0168059 0.347919
3 0.616669 0.41 0.0173113 0.0245235 0.301283
3 0.571611 0.48327 0.0187389 0.019558 0.282606
3 0.246269 0.974208 0.0442977 0.0503825 0.276147
3 0.659341 0.330751 0.0131574 0.013612 0.27497
3 0.705176 0.375484 0.0139788 0.0217769 0.266545
3 0.667951 0.331312 0.0136017 0.0143155 0.263494
3 0.683274 0.314204 0.0124478 0.0133538 0.259242
