5 0.764623 0.800954 0.090925 0.0826796 0.717444
7 0.766668 0.565039 0.0909846 0.0745129 0.655872
5 0.784756 0.942925 0.134317 0.108464 0.632524
0 0.443794 0.163043 0.0133083 0.0355028 0.595997
6 0.763453 0.800896 0.0929285 0.0822413 0.590091
0 0.380315 0.204539 0.0106634 0.0335968 0.557357
0 0.452788 0.0926386 0.0145445 0.0407749 0.454277
1 0.750995 0.0551248 0.0366023 0.050457 0.36647
7 0.76888 0.463734 0.0975936 0.0565078 0.340306
6 0.77906 0.341322 0.107253 0.0655519 0.304978
0 0.357669 0.746877 0.0139645 0.0203176 0.302366
7 0.771457 0.407798 0.0989023 0.0668985 0.277367
