4 0.302521 0.410894 0.0792795 0.140319 0.929796
3 0.422539 0.885668 0.0981692 0.209715 0.919404
3 0.339107 0.926665 0.104867 0.146671 0.888593
3 0.436509 0.290106 0.0853591 0.162678 0.873933
0 0.951707 0.438751 0.0396049 0.031495 0.829542
0 0.920809 0.371515 0.0351646 0.0427921 0.796565
0 0.538358 0.936246 0.0213739 0.0297513 0.775772
0 0.833124 0.0425534 0.0271738 0.0514796 0.770687
0 0.814515 0.66941 0.0283772 0.0300021 0.689593
0 0.835188 0.858248 0.0347466 0.0278193 0.688451
0 0.323856 0.650725 0.0201735 0.0255671 0.687096
7 0.430945 0.0635483 0.0442756 0.100414 0.623472
9 0.943181 0.505673 0.0654144 0.0424654 0.605669
0 0.203502 0.661418 0.0279692 0.0266146 0.582467
0 0.722327 0.934832 0.019167 0.0261531 0.563121
0 0.351033 0.700354 0.0293806 0.0244489 0.541248
0 0.823528 0.711427 0.028314 0.0188447 0.536874
0 0.475849 0.771813 0.0276635 0.0318576 0.499393
0 0.456939 0.793341 0.01462 0.0340728 0.496461
0 0.983818 0.471541 0.0306595 0.026404 0.47449
0 0.768326 0.692084 0.0147898 0.030125 0.427816
0 0.739798 0.0928435 0.030117 0.0431388 0.412136
7 0.963376 0.567658 0.0664451 0.0522084 0.400719
0 0.452094 0.793935 0.0229179 0.0348788 0.389403
5 0.729822 0.21776 0.110493 0.179873 0.352017
1 0.611411 0.641681 0.0284403 0.0271642 0.345047
0 0.854534 0.914737 0.0337536 0.028815 0.334446
0 0.656811 0.70729 0.0140015 0.0261243 0.332924
4 0.913344 0.055779 0.0819742 0.111229 0.326268
6 0.629515 0.365743 0.0870312 0.13632 0.321027
0 0.793298 0.615452 0.0307438 0.0323266 0.303701
0 0.79031 0.620548 0.0246491 0.0260824 0.303417
6 0.96353 0.567176 0.0673001 0.0518463 0.296114
9 0.519997 0.207832 0.0409857 0.0224679 0.295376
0 0.851245 0.857803 0.0585129 0.0347122 0.290082
0 0.447426 0.796257 0.031583 0.0297984 0.278468
2 0.942208 0.506396 0.0640776 0.0443947 0.27816
7 0.729712 0.833948 0.0576855 0.0779214 0.267332
0 0.74875 0.901149 0.0292265 0.0234912 0.263795
