8 0.445428 0.597842 0.0271423 0.0921826 0.838296
3 0.428828 0.443954 0.0182698 0.0405108 0.836706
3 0.408254 0.591602 0.0237671 0.0478987 0.83533
3 0.432386 0.406138 0.0158108 0.0312143 0.670018
3 0.452718 0.276921 0.0126478 0.0257336 0.655409
0 0.289398 0.726785 0.0090661 0.0414413 0.484877
0 0.279054 0.724482 0.00971536 0.0396697 0.44516
0 0.29659 0.714243 0.00841056 0.0313861 0.412419
0 0.306 0.739447 0.00906477 0.0323992 0.335802
4 0.445972 0.597844 0.0267344 0.0913865 0.321399
3 0.641388 0.135568 0.015905 0.013528 0.316059
