3 0.390115 0.399319 0.0451463 0.032357 0.890191
3 0.488938 0.779062 0.0223694 0.0677277 0.865555
3 0.665784 0.588109 0.0255969 0.059568 0.853948
3 0.494403 0.700635 0.0233955 0.074299 0.853108
3 0.23965 0.358897 0.0418486 0.0285437 0.84573
3 0.520251 0.328673 0.0290834 0.0529114 0.82578
3 0.718779 0.973398 0.0299709 0.052951 0.813207
3 0.478532 0.967847 0.0274738 0.0642612 0.808578
4 0.518562 0.914881 0.0210365 0.0664148 0.772452
3 0.480875 0.878463 0.0244186 0.0848882 0.759861
3 0.445668 0.531363 0.0438051 0.0320497 0.738888
3 0.544142 0.128754 0.0151866 0.0292222 0.70112
3 0.674173 0.452852 0.0386473 0.0536817 0.640965
3 0.545843 0.105611 0.0146759 0.025092 0.633544
3 0.012966 0.301575 0.0259321 0.0350191 0.620795
3 0.126868 0.332212 0.0432191 0.0301608 0.561051
9 0.366424 0.371184 0.0144076 0.0165151 0.457373
3 0.548542 0.0828825 0.0169826 0.0278367 0.396226
3 0.17802 0.344929 0.048431 0.0314846 0.38197
4 0.178937 0.345565 0.0467866 0.0324804 0.360787
3 0.549344 0.076068 0.0175125 0.0391709 0.345739
9 0.746347 0.624714 0.0135999 0.0170687 0.31006
3 0.551369 0.0649099 0.0135762 0.0318022 0.276791
3 0.0643307 0.315434 0.0522186 0.0372213 0.271467
9 0.684887 0.698311 0.015688 0.013519 0.26562
