0 0.470244 0.172847 0.00792406 0.0252387 0.671308
0 0.421139 0.354452 0.00940207 0.0197449 0.639437
0 0.521433 0.23769 0.00828779 0.0269788 0.625727
0 0.454861 0.156207 0.00815887 0.0314181 0.624712
0 0.493849 0.265182 0.00753021 0.0213733 0.60421
0 0.53172 0.594625 0.0109324 0.0199909 0.563013
0 0.478129 0.297654 0.00947401 0.0186379 0.558395
0 0.543727 0.578941 0.0114162 0.0171966 0.532329
0 0.541356 0.688411 0.00879251 0.018956 0.523669
0 0.530345 0.236849 0.00885694 0.0266228 0.479544
0 0.546278 0.859614 0.0124156 0.0182312 0.475626
0 0.477772 0.187244 0.00804574 0.0232392 0.473974
0 0.455042 0.0859734 0.00944061 0.0317046 0.463059
0 0.593103 0.705747 0.0121666 0.0210069 0.444998
0 0.477084 0.185265 0.00966147 0.0290674 0.421076
0 0.492655 0.54867 0.0112909 0.0146409 0.42031
0 0.469904 0.441942 0.00993234 0.0154016 0.414688
0 0.569134 0.801071 0.00696564 0.0194308 0.408459
0 0.522903 0.552585 0.00971928 0.0161361 0.390555
0 0.489055 0.0446798 0.00979688 0.0297243 0.38444
0 0.526334 0.426237 0.0100504 0.019703 0.383264
5 0.0377998 0.603868 0.0749549 0.0594716 0.369397
0 0.552088 0.801159 0.00845755 0.0192369 0.344147
0 0.549163 0.813561 0.0109192 0.0180434 0.341148
0 0.542571 0.545636 0.0113868 0.0200641 0.338859
0 0.551657 0.670777 0.00977583 0.0168484 0.335532
0 0.454223 0.430535 0.00891266 0.0205109 0.333774
0 0.466702 0.427578 0.00859144 0.0171809 0.331882
0 0.50063 0.0189208 0.0112561 0.0309174 0.317662
0 0.53416 0.654554 0.0096977 0.0181596 0.311767
0 0.402435 0.462282 0.00851336 0.0149626 0.295549
0 0.487784 0.566326 0.00909624 0.0172719 0.289174
0 0.48105 0.0441996 0.00858629 0.0281572 0.287549
0 0.263353 0.373344 0.0161959 0.0259765 0.280788
0 0.572966 0.478617 0.00846784 0.0228848 0.265607
0 0.467727 0.128306 0.00959529 0.03386 0.26503
