0 0.468988 0.651839 0.0167684 0.0529569 0.804356
0 0.497111 0.636241 0.0183825 0.0514397 0.795923
0 0.259952 0.431115 0.0125473 0.0361121 0.743172
0 0.211049 0.342509 0.00834244 0.0256356 0.722057
0 0.314365 0.305279 0.00884181 0.027883 0.711266
0 0.281736 0.31353 0.00937053 0.0245582 0.679441
0 0.511333 0.574905 0.0116569 0.0438802 0.662556
0 0.293858 0.310265 0.00769566 0.0255559 0.649517
0 0.210253 0.384874 0.0119385 0.0301472 0.644731
0 0.216506 0.384245 0.0108248 0.0301882 0.601119
9 0.982117 0.752357 0.0356895 0.0492383 0.583268
0 0.303907 0.310808 0.00719539 0.0241568 0.572652
9 0.94079 0.782699 0.0512413 0.043618 0.547765
0 0.136776 0.289321 0.00749939 0.0244075 0.531499
0 0.523223 0.576917 0.0117839 0.0387365 0.526048
2 0.940299 0.782077 0.0490826 0.0446803 0.506012
3 0.134868 0.211275 0.0230133 0.0154565 0.505405
0 0.202252 0.343717 0.00866074 0.0253549 0.492493
0 0.213615 0.384937 0.0103033 0.0319854 0.491329
0 0.501433 0.581565 0.0119329 0.0460885 0.48465
9 0.888635 0.623328 0.0586777 0.0330945 0.410972
0 0.0583616 0.222561 0.00553186 0.0141646 0.370096
0 0.521091 0.573223 0.0135667 0.0455648 0.366047
3 0.0987559 0.207164 0.0145149 0.016968 0.363948
0 0.0112953 0.218109 0.00590847 0.0176431 0.352755
3 0.0190233 0.194585 0.0287273 0.0147307 0.33632
3 0.139627 0.211728 0.0266984 0.0169711 0.315434
3 0.344575 0.23714 0.022319 0.0238216 0.296736
0 0.21251 0.342374 0.0125042 0.0270093 0.293217
0 0.922215 0.826086 0.0231827 0.0353355 0.285734
0 0.138328 0.290842 0.0108582 0.0247565 0.283085
2 0.888259 0.621899 0.0578789 0.0375607 0.272203
3 0.0592312 0.201862 0.0258035 0.0208023 0.260595
0 0.480783 0.277616 0.00803279 0.0189194 0.256733
3 0.00686564 0.194911 0.0135219 0.0130863 0.256315
2 0.853457 0.730436 0.0564541 0.0527788 0.25278
