0 0.594873 0.338295 0.00967769 0.0205305 0.529512
0 0.544662 0.376662 0.00907859 0.0203604 0.528831
5 0.564472 0.235823 0.09296 0.119405 0.513717
0 0.392393 0.464804 0.0120426 0.023813 0.493621
0 0.550813 0.323338 0.0110893 0.0200965 0.401158
0 0.328681 0.508749 0.00968868 0.021449 0.366635
0 0.445622 0.413116 0.00665157 0.0181713 0.324052
0 0.875965 0.208595 0.0154808 0.0194546 0.306346
9 0.723476 0.241296 0.018153 0.0197823 0.303694
0 0.794821 0.802422 0.00721872 0.0184462 0.302286
0 0.529582 0.341964 0.00923196 0.0177774 0.288106
0 0.798776 0.763788 0.010061 0.0223331 0.283416
0 0.84473 0.215272 0.0152044 0.0200246 0.283355
0 0.498226 0.377287 0.00897313 0.0270443 0.279804
0 0.762895 0.200155 0.0118834 0.0302808 0.264952
9 0.586855 0.274527 0.0194962 0.0289796 0.258593
