0 0.530421 0.574887 0.0093583 0.0339296 0.736293
0 0.580353 0.741286 0.0102495 0.0348857 0.692926
0 0.707707 0.605073 0.00979039 0.0307408 0.432863
0 0.572035 0.320676 0.00712603 0.031542 0.429925
0 0.704494 0.621306 0.0103859 0.029166 0.418785
0 0.678179 0.700092 0.00855608 0.0341905 0.399532
0 0.573736 0.657344 0.0102521 0.0322093 0.399229
0 0.476777 0.242963 0.00901777 0.0273182 0.309903
0 0.443957 0.628353 0.0101101 0.0264657 0.305944
0 0.527056 0.282511 0.00848049 0.0334359 0.279162
0 0.52598 0.281264 0.00741407 0.0302011 0.255637
0 0.494022 0.230938 0.00820312 0.0231228 0.250456
