0 0.294759 0.517771 0.020457 0.0256202 0.704682
0 0.391094 0.324252 0.0113914 0.032923 0.69423
0 0.38273 0.584374 0.0148022 0.0215479 0.586521
3 0.899672 0.204682 0.127192 0.0736838 0.558559
0 0.207758 0.343172 0.0261529 0.0311019 0.549369
0 0.172461 0.339709 0.021371 0.0240136 0.518656
0 0.351359 0.505478 0.0129706 0.0254648 0.492042
6 0.748023 0.483502 0.0986792 0.068285 0.478429
5 0.744783 0.811752 0.100688 0.0813511 0.399047
5 0.923194 0.94506 0.119797 0.108544 0.381499
0 0.672132 0.384098 0.0134891 0.0289899 0.371494
0 0.280186 0.624511 0.0140086 0.0178012 0.351182
3 0.748247 0.483312 0.100933 0.0688481 0.337636
0 0.371625 0.21668 0.0156121 0.0476575 0.328738
0 0.3459 0.269335 0.0184881 0.0373512 0.318144
0 0.364279 0.989917 0.0146084 0.019406 0.314858
0 0.3954 0.659837 0.0150402 0.0225569 0.311024
0 0.434924 0.957386 0.0118256 0.0218641 0.283245
3 0.71476 0.220379 0.139822 0.0856774 0.281741
0 0.36637 0.741922 0.0128233 0.021223 0.280291
0 0.460859 0.523905 0.0114409 0.0261363 0.277991
6 0.744546 0.814077 0.102872 0.082846 0.265369
2 0.444215 0.656076 0.0304528 0.0213103 0.253437
