3 0.278437 0.784428 0.0851717 0.0976172 0.919535
8 0.351453 0.509026 0.135073 0.117333 0.916583
3 0.30844 0.590528 0.0640541 0.0639823 0.883052
3 0.532902 0.427089 0.047929 0.0307134 0.880756
4 0.096215 0.945858 0.124216 0.108285 0.875251
3 0.0919148 0.883432 0.13291 0.117051 0.858598
4 0.0866265 0.820003 0.115037 0.107109 0.850652
3 0.333649 0.561262 0.0568353 0.0507822 0.846763
8 0.870438 0.35664 0.0485897 0.0650505 0.844317
3 0.739211 0.444932 0.0557612 0.0362834 0.832308
0 0.248095 0.952073 0.0238349 0.0582873 0.832202
3 0.217927 0.5971 0.0635773 0.0634817 0.820384
3 0.929758 0.349556 0.0276963 0.0278154 0.806359
3 0.0681028 0.560366 0.0479445 0.0468572 0.771813
3 0.377521 0.969782 0.0984536 0.0604363 0.765442
0 0.163307 0.955143 0.0243745 0.051962 0.765004
3 0.804438 0.384218 0.0483161 0.0289298 0.759786
3 0.293014 0.659017 0.0735354 0.0873784 0.759616
0 0.657798 0.719772 0.0167323 0.0457136 0.750682
0 0.397295 0.757151 0.0158231 0.0486084 0.748794
3 0.0503667 0.784421 0.100545 0.106796 0.748219
3 0.953671 0.444805 0.0326456 0.0380049 0.744557
0 0.11552 0.66785 0.0147794 0.0386973 0.722156
0 0.412425 0.756155 0.0142286 0.0421522 0.706064
0 0.0629503 0.672872 0.0197853 0.0382216 0.705325
0 0.129605 0.657422 0.0195543 0.0427956 0.703952
0 0.0836906 0.635699 0.0174007 0.0416458 0.695967
3 0.189835 0.393862 0.0366599 0.0297504 0.687694
5 0.946277 0.249767 0.0669587 0.0399955 0.684958
3 0.964822 0.407705 0.0287693 0.0346331 0.659443
4 0.0330097 0.733744 0.0660195 0.0890397 0.658564
4 0.447832 0.395946 0.0461698 0.0344183 0.651656
0 0.0330976 0.534625 0.0153276 0.0315534 0.628243
8 0.990996 0.223459 0.0180081 0.032573 0.602115
3 0.145116 0.636807 0.0535946 0.0593398 0.590235
3 0.0103527 0.617803 0.0206574 0.0562265 0.536578
0 0.0506639 0.519176 0.011704 0.0357621 0.50738
0 0.014486 0.508302 0.0103457 0.0357178 0.501332
3 0.632702 0.967975 0.110434 0.0639987 0.500364
0 0.00985448 0.516119 0.0112258 0.0330325 0.486421
0 0.71624 0.488683 0.0110884 0.0322541 0.462772
9 0.684091 0.443162 0.0203032 0.0237471 0.441631
3 0.0867543 0.239939 0.0159315 0.012828 0.429107
0 0.0121964 0.512172 0.0128623 0.039743 0.388721
0 0.714122 0.487281 0.010194 0.031773 0.388483
0 0.540611 0.864065 0.0238293 0.0535151 0.387334
3 0.0142156 0.23806 0.0131744 0.0130001 0.384135
0 0.00567495 0.514704 0.0108694 0.0333269 0.377592
3 0.883825 0.301112 0.0270275 0.0266593 0.374449
3 0.917042 0.308156 0.0279657 0.0384852 0.366006
3 0.995863 0.334467 0.00827349 0.0282246 0.350029
2 0.679754 0.533976 0.0239325 0.0272119 0.346174
0 0.556045 0.39221 0.00795423 0.0245272 0.337859
3 0.0484989 0.230208 0.0154031 0.0115325 0.336348
3 0.872116 0.271602 0.0288883 0.0196033 0.318589
3 0.913049 0.276505 0.0229088 0.0186114 0.311984
0 0.260198 0.346618 0.00798139 0.0176091 0.296739
0 0.994491 0.529645 0.0110182 0.0422456 0.295854
0 0.356549 0.718929 0.0114355 0.0381612 0.295044
3 0.00706127 0.604099 0.0141225 0.0539625 0.288142
0 0.796733 0.44221 0.0104208 0.027807 0.285087
0 0.80086 0.442891 0.0108018 0.0264494 0.263068
1 0.678426 0.523632 0.0135445 0.0348897 0.261633
0 0.358123 0.683623 0.0133136 0.0404378 0.261269
