8 0.507053 0.705247 0.119965 0.182814 0.895216
3 0.657247 0.621267 0.0513886 0.069306 0.873366
3 0.633378 0.645952 0.0511875 0.0716423 0.868457
3 0.599965 0.563015 0.0475591 0.0621482 0.868429
3 0.596853 0.77079 0.0548171 0.0777775 0.84173
3 0.584012 0.694336 0.0550822 0.0796914 0.834498
3 0.840064 0.942442 0.0454249 0.110172 0.818622
3 0.435574 0.515599 0.0513871 0.0635868 0.81014
3 0.370458 0.644077 0.0537402 0.0766006 0.804808
3 0.478337 0.613048 0.0510288 0.0743952 0.800501
3 0.467788 0.432029 0.0399896 0.0532673 0.75816
3 0.511527 0.828284 0.0832938 0.143449 0.715387
9 0.737027 0.628961 0.02568 0.0264627 0.639794
0 0.76731 0.624123 0.00926557 0.0276178 0.613037
3 0.239947 0.181658 0.0190096 0.0517937 0.553689
8 0.862838 0.659697 0.0766815 0.207758 0.532324
8 0.985615 0.398753 0.0287706 0.087603 0.506961
8 0.280794 0.2388 0.0559384 0.0707003 0.504333
3 0.952266 0.527552 0.0479431 0.102419 0.50259
8 0.951961 0.527154 0.0480066 0.103444 0.463937
0 0.796637 0.634677 0.010808 0.0316604 0.408016
3 0.541959 0.699108 0.0539212 0.0918498 0.313257
4 0.239797 0.18135 0.0191324 0.0515798 0.300657
0 0.711577 0.604806 0.00815011 0.0259048 0.272797
0 0.602346 0.866569 0.00867719 0.0290258 0.251994
