3 0.260957 0.917621 0.0975172 0.0947627 0.810798
0 0.576046 0.333886 0.0108622 0.0375316 0.745975
4 0.220459 0.625189 0.10374 0.108568 0.659343
0 0.959376 0.305003 0.0200943 0.0332813 0.642846
0 0.514874 0.204909 0.00851401 0.0370638 0.640902
4 0.236366 0.963634 0.104602 0.0673111 0.628171
0 0.555669 0.262893 0.0088089 0.034055 0.622937
0 0.535216 0.229985 0.00828151 0.0361709 0.590677
0 0.531313 0.0603185 0.00867711 0.038756 0.569968
0 0.542819 0.268005 0.00987653 0.0295963 0.546158
0 0.51896 0.102462 0.00948238 0.0392369 0.524531
0 0.507242 0.122967 0.00937121 0.0357088 0.522205
0 0.589889 0.631588 0.00922681 0.035638 0.518943
0 0.542302 0.373295 0.0101656 0.0302642 0.51391
0 0.500923 0.122713 0.0116385 0.0357494 0.495083
0 0.507942 0.0590151 0.0098131 0.0360864 0.489345
0 0.506989 0.201484 0.00736367 0.0346258 0.46433
0 0.50267 0.0816569 0.00952157 0.0389985 0.45969
9 0.253029 0.0676305 0.0287906 0.0292104 0.447196
0 0.561769 0.356308 0.00862235 0.0383492 0.437489
9 0.566193 0.747054 0.0139778 0.0570286 0.436606
0 0.490436 0.076499 0.00825566 0.0347402 0.436359
0 0.521794 0.133889 0.0107543 0.0327774 0.432016
0 0.48924 0.487823 0.00948486 0.0252096 0.401906
0 0.533297 0.134556 0.0100668 0.0365946 0.388647
0 0.563004 0.35842 0.0115022 0.0362077 0.383814
0 0.546486 0.360286 0.0132072 0.0320899 0.352692
0 0.560384 0.357663 0.00865413 0.0341167 0.349804
0 0.9619 0.250055 0.02411 0.0271962 0.344335
0 0.499173 0.120494 0.0108487 0.036062 0.342654
0 0.534158 0.375463 0.00879652 0.0227681 0.333952
9 0.653444 0.252679 0.0113624 0.046725 0.328093
0 0.532171 0.0179563 0.0113106 0.0325882 0.327451
3 0.097751 0.824226 0.090819 0.119886 0.325818
0 0.966843 0.548353 0.022422 0.0226256 0.323569
0 0.556997 0.259105 0.0101948 0.0356681 0.316415
0 0.489543 0.111911 0.00917005 0.0312953 0.299231
0 0.56163 0.328817 0.0107663 0.0297815 0.296129
0 0.563311 0.330231 0.0109495 0.0332825 0.289292
9 0.962851 0.249656 0.0260815 0.0274079 0.286138
0 0.484939 0.113364 0.00788526 0.031699 0.282223
3 0.234113 0.826503 0.102479 0.0937732 0.276109
9 0.78733 0.334925 0.0280743 0.0270521 0.271082
0 0.571726 0.267883 0.00975743 0.0308326 0.261865
