3 0.0885093 0.279129 0.0768812 0.0574926 0.89531
3 0.788508 0.941527 0.0968665 0.116523 0.894625
3 0.187266 0.222164 0.0505797 0.0758071 0.881627
3 0.0516583 0.539184 0.0754408 0.118965 0.879053
3 0.810093 0.405981 0.0746563 0.0509763 0.826954
3 0.128214 0.0679669 0.0454715 0.0374211 0.709814
3 0.662685 0.00972298 0.0243994 0.0194123 0.670324
9 0.17101 0.0352827 0.0208677 0.0266746 0.631398
9 0.10435 0.229753 0.022634 0.0252548 0.569057
9 0.19178 0.0378229 0.0212653 0.0212384 0.559781
4 0.231934 0.204705 0.0462562 0.082215 0.460026
