0 0.359588 0.54075 0.00678778 0.022192 0.653389
0 0.519657 0.44369 0.00483834 0.0141501 0.565573
0 0.487563 0.392412 0.00532798 0.0189307 0.51894
0 0.335125 0.427588 0.00775286 0.0196021 0.50215
0 0.336165 0.4278 0.00590411 0.0215548 0.486321
0 0.553586 0.314137 0.00598201 0.023969 0.472365
0 0.592276 0.757107 0.00684897 0.0164491 0.470909
0 0.534289 0.440802 0.00652924 0.0143205 0.463429
0 0.572163 0.630711 0.00700396 0.0207559 0.460089
0 0.629643 0.820922 0.00690652 0.0295423 0.429439
0 0.308485 0.549316 0.00621652 0.0188006 0.406336
0 0.50418 0.36877 0.00596867 0.0231976 0.399721
0 0.536613 0.44068 0.00530452 0.0165827 0.395927
0 0.593883 0.3494 0.00544146 0.0181718 0.374392
0 0.629211 0.818213 0.00857374 0.0258508 0.349216
0 0.504349 0.364792 0.00610648 0.0245753 0.3411
0 0.380664 0.439173 0.00669033 0.0174973 0.324776
0 0.357229 0.772329 0.00642905 0.0169092 0.305234
0 0.567002 0.637429 0.00699633 0.0244287 0.288823
0 0.265485 0.492879 0.00660494 0.0193165 0.25969
