3 0.177015 0.0811433 0.0236635 0.0430361 0.588397
0 0.658338 0.0850725 0.00687801 0.0191362 0.530565
0 0.443793 0.759144 0.00629826 0.0159174 0.475487
3 0.0849285 0.146075 0.0272534 0.0672945 0.473099
3 0.19284 0.0543589 0.0261078 0.0534458 0.462849
0 0.110799 0.443028 0.00927457 0.0156884 0.433696
0 0.942094 0.689411 0.0106526 0.0173444 0.416493
0 0.265485 0.843548 0.00887174 0.0165987 0.395921
0 0.552059 0.394501 0.00839233 0.0215582 0.393059
0 0.680622 0.89923 0.00679587 0.0300075 0.392293
0 0.26647 0.819602 0.0118805 0.0158479 0.384988
0 0.257295 0.835629 0.00834989 0.0181558 0.372349
0 0.49656 0.571526 0.0076872 0.0215588 0.3479
0 0.914992 0.400501 0.0122311 0.0156466 0.322549
0 0.118196 0.748086 0.0124345 0.0194704 0.311332
0 0.556196 0.458534 0.00737789 0.0176729 0.309219
0 0.193784 0.448504 0.0108792 0.0193362 0.308335
0 0.505452 0.310231 0.00639993 0.0162799 0.278502
