5 0.520563 0.652173 0.109923 0.212668 0.856862
3 0.0991543 0.469553 0.0785121 0.0635048 0.843518
3 0.0503715 0.893002 0.0752068 0.139594 0.815133
3 0.0957957 0.373039 0.0739995 0.0632629 0.814504
8 0.275775 0.477671 0.129835 0.221544 0.798528
3 0.243349 0.252401 0.0614983 0.0896026 0.765677
3 0.320603 0.29989 0.0531904 0.0964465 0.761775
3 0.168644 0.61923 0.0644908 0.119767 0.701276
3 0.822509 0.949631 0.082024 0.0992768 0.533101
0 0.377111 0.661884 0.0162194 0.0256664 0.426689
0 0.484768 0.407806 0.00897064 0.0281487 0.417968
0 0.556624 0.186029 0.0145001 0.0215424 0.373393
0 0.315049 0.742113 0.012327 0.0204239 0.361458
0 0.306458 0.0598196 0.0109903 0.0287586 0.325669
0 0.398919 0.652811 0.0106172 0.0222831 0.256539
