3 0.622099 0.737139 0.0275654 0.095516 0.892146
3 0.621878 0.893364 0.0306087 0.119878 0.877147
3 0.607486 0.444574 0.0291776 0.0592128 0.867263
0 0.693907 0.938435 0.0100208 0.0410038 0.813585
0 0.704438 0.780883 0.00905988 0.0384824 0.793726
8 0.53639 0.375524 0.0650007 0.0616761 0.785184
0 0.702854 0.512092 0.00708753 0.0305203 0.745884
0 0.71707 0.809504 0.00909864 0.0330409 0.737836
0 0.714492 0.889683 0.00907606 0.0410829 0.731694
0 0.715174 0.607139 0.00815665 0.0343008 0.730263
0 0.727256 0.80693 0.00874119 0.0376296 0.720164
0 0.677352 0.35242 0.007806 0.0254647 0.711439
0 0.66979 0.604495 0.00789337 0.0358281 0.704717
0 0.717704 0.538951 0.00814706 0.0295796 0.698847
0 0.673231 0.81008 0.00979165 0.0350947 0.688362
0 0.740142 0.869384 0.00960449 0.0374264 0.681404
0 0.693909 0.324196 0.00637081 0.0291338 0.67026
0 0.735485 0.920807 0.00905439 0.035606 0.668156
0 0.658996 0.419247 0.00728912 0.0322563 0.649313
0 0.666908 0.469591 0.00688799 0.0304574 0.647521
0 0.627343 0.355704 0.00785047 0.0280552 0.635238
0 0.71907 0.981753 0.0133041 0.0321873 0.618198
0 0.690417 0.578874 0.0067875 0.0288907 0.615918
0 0.7262 0.980224 0.0103109 0.0333662 0.612929
0 0.744978 0.922587 0.00853812 0.038483 0.612485
0 0.622912 0.268443 0.00832594 0.0287296 0.611234
0 0.683998 0.582136 0.0075909 0.0302537 0.611169
0 0.754175 0.892593 0.0109826 0.0377372 0.607815
0 0.603756 0.282147 0.00552939 0.0242441 0.606919
0 0.316569 0.811411 0.00931693 0.0331828 0.605509
0 0.726106 0.576758 0.0103094 0.0300178 0.6001
0 0.627998 0.326332 0.00657209 0.0233315 0.596396
0 0.569081 0.322817 0.00664995 0.0265344 0.582519
0 0.596132 0.324582 0.00749895 0.0285028 0.582022
0 0.725726 0.872215 0.0111183 0.0335195 0.577837
0 0.705571 0.850513 0.0115216 0.0362688 0.569084
4 0.637311 0.0482788 0.0289498 0.0246459 0.568873
0 0.756231 0.799665 0.00968209 0.0368122 0.568708
0 0.673889 0.68921 0.0103207 0.0319998 0.565348
0 0.665594 0.361021 0.00679112 0.0289384 0.563578
0 0.695882 0.441607 0.00646057 0.0279317 0.562363
0 0.568502 0.240743 0.0052284 0.0257106 0.559608
0 0.426707 0.469621 0.00932064 0.0327229 0.558556
0 0.697363 0.418024 0.00726318 0.028664 0.552483
0 0.685494 0.459757 0.00849121 0.0272156 0.549188
0 0.430106 0.286985 0.00806723 0.0309415 0.548073
0 0.691088 0.496725 0.0067691 0.0267608 0.547972
0 0.673497 0.466021 0.00804256 0.0338754 0.54541
0 0.443721 0.285499 0.00691319 0.0275839 0.545069
3 0.655748 0.0707752 0.0304631 0.0190075 0.542819
0 0.766144 0.922599 0.00955253 0.0369227 0.539608
3 0.695239 0.0583239 0.0288435 0.0254665 0.528483
0 0.616624 0.33396 0.00743151 0.028121 0.520441
0 0.491028 0.251355 0.00703243 0.0299142 0.51633
0 0.296484 0.803739 0.00938182 0.0321218 0.512464
0 0.639256 0.383997 0.00662728 0.0286292 0.497564
0 0.747917 0.848426 0.00963388 0.0359039 0.496118
0 0.737406 0.871663 0.00806161 0.0347791 0.492223
0 0.584871 0.319438 0.0072634 0.0233273 0.491651
0 0.669086 0.196724 0.00523128 0.0204612 0.48942
0 0.652139 0.483395 0.0082339 0.0310772 0.489031
0 0.640394 0.385199 0.00711953 0.0293051 0.48733
0 0.653907 0.136125 0.00527675 0.0204478 0.47627
0 0.466592 0.263092 0.00671326 0.0331715 0.475724
0 0.648333 0.419537 0.00929042 0.0279357 0.471733
0 0.615942 0.160342 0.00578517 0.024376 0.469968
0 0.631586 0.129828 0.00547782 0.0205697 0.465954
0 0.457692 0.250726 0.0066983 0.0296369 0.465448
0 0.710705 0.469749 0.00891305 0.0277766 0.462789
0 0.395867 0.466284 0.00856083 0.03398 0.455586
0 0.456457 0.285256 0.00607156 0.0293374 0.45424
0 0.613718 0.174274 0.0051042 0.0253616 0.452021
0 0.686265 0.495706 0.0100347 0.0289652 0.445139
0 0.718846 0.471847 0.00751155 0.0307638 0.44103
0 0.379467 0.471694 0.00809531 0.0338257 0.427705
0 0.615568 0.17623 0.00646659 0.0253879 0.427472
0 0.723822 0.981745 0.011421 0.0323342 0.42414
0 0.680091 0.249582 0.00597726 0.0319292 0.42248
0 0.547438 0.244289 0.00738277 0.0229032 0.41737
0 0.617815 0.350061 0.00593249 0.0255948 0.415959
0 0.704801 0.374101 0.00696625 0.0252287 0.408562
0 0.613686 0.335996 0.00645678 0.0264438 0.407444
0 0.627176 0.358274 0.00592996 0.0269512 0.388695
0 0.376765 0.943349 0.0136677 0.0362054 0.385512
0 0.425057 0.467932 0.00913831 0.0344877 0.383189
0 0.65724 0.367251 0.00712145 0.0252207 0.382157
0 0.662879 0.156281 0.00475599 0.0209119 0.378522
0 0.657028 0.601189 0.00853411 0.0353098 0.375633
0 0.666329 0.365405 0.00641697 0.0291863 0.375009
0 0.478241 0.249792 0.00648717 0.0287384 0.371138
0 0.435402 0.871085 0.0116682 0.0332072 0.364302
0 0.41225 0.470534 0.00806767 0.0300441 0.362039
3 0.615415 0.00724108 0.0134062 0.0144822 0.357649
0 0.407588 0.468905 0.00991926 0.0278344 0.35628
0 0.713151 0.469278 0.00669691 0.0314732 0.354594
0 0.718467 0.877657 0.00803266 0.0302586 0.354299
0 0.633127 0.104674 0.00616987 0.0223488 0.352308
0 0.664594 0.1568 0.00831652 0.0168707 0.35002
0 0.690237 0.498685 0.00776293 0.028249 0.349815
0 0.44305 0.261851 0.0078697 0.0299079 0.349685
0 0.479741 0.516489 0.0093726 0.0307505 0.346048
0 0.701114 0.547208 0.010274 0.0310883 0.34092
0 0.724054 0.575361 0.0106074 0.0309975 0.340621
0 0.465677 0.25477 0.00687151 0.0285692 0.338395
0 0.646812 0.116721 0.00616961 0.0194405 0.33745
0 0.416939 0.976415 0.0116396 0.0377964 0.335478
0 0.488594 0.252258 0.00785819 0.030359 0.333703
0 0.446905 0.222909 0.00661734 0.0293997 0.32695
0 0.663181 0.118232 0.00570975 0.0198549 0.324975
0 0.647851 0.361304 0.00852051 0.0252598 0.32408
0 0.596675 0.282999 0.00596218 0.0240938 0.323126
0 0.679032 0.137052 0.00657026 0.0191692 0.322925
0 0.59534 0.181676 0.00535871 0.0245029 0.317189
0 0.511827 0.248633 0.00636758 0.0231268 0.310379
0 0.753704 0.857808 0.00982823 0.0350909 0.309127
0 0.67558 0.354295 0.00713732 0.0277947 0.308747
0 0.428727 0.285198 0.00784864 0.0292527 0.297448
0 0.402248 0.451237 0.00827044 0.0302651 0.294608
0 0.686689 0.46405 0.00734606 0.0338403 0.2813
0 0.478238 0.259443 0.00641915 0.0328391 0.276141
0 0.700771 0.57661 0.010962 0.0295865 0.273024
0 0.491947 0.255718 0.00751029 0.0323243 0.268933
0 0.510837 0.250046 0.00917646 0.0253085 0.268652
0 0.455967 0.255142 0.00674975 0.0304745 0.26727
0 0.665196 0.120054 0.00747223 0.0192601 0.26443
0 0.270137 0.985633 0.0135554 0.0234549 0.263874
0 0.380474 0.474532 0.00906664 0.0334669 0.262754
0 0.698364 0.552458 0.00923213 0.0314597 0.261497
0 0.432554 0.928919 0.010737 0.0302902 0.261007
4 0.695062 0.0577405 0.0290694 0.0233313 0.253326
