3 0.245041 0.557197 0.0517235 0.0445414 0.871158
4 0.0921767 0.467792 0.0373008 0.0406501 0.863766
3 0.0597342 0.518089 0.0434298 0.04298 0.851495
3 0.0330782 0.413591 0.0298543 0.028561 0.83519
3 0.0557783 0.43083 0.0322844 0.0310796 0.832206
3 0.0741285 0.397595 0.028207 0.0256908 0.827528
3 0.1296 0.449202 0.0391308 0.0341602 0.823457
4 0.133962 0.515511 0.0447865 0.0492209 0.815483
3 0.0427691 0.369786 0.0281162 0.0249878 0.797354
4 0.155762 0.468958 0.0355687 0.0411148 0.772918
3 0.0194079 0.461638 0.0372471 0.0392962 0.770369
3 0.0142237 0.384854 0.026865 0.0268742 0.758458
3 0.205421 0.700084 0.0612482 0.0766482 0.745698
3 0.142579 0.270802 0.0265754 0.0163838 0.668656
9 0.429868 0.631475 0.0196035 0.031846 0.663966
3 0.00798539 0.619875 0.0159708 0.054658 0.655495
3 0.00458721 0.431834 0.00917441 0.0289337 0.652828
4 0.0969041 0.420273 0.0319605 0.0339784 0.607394
9 0.239861 0.437375 0.0120431 0.0192828 0.574533
3 0.0948455 0.243587 0.0224759 0.0127729 0.467022
9 0.270981 0.453092 0.0102324 0.0213165 0.439707
3 0.0968533 0.419715 0.0319764 0.032902 0.41029
3 0.037774 0.249209 0.0177916 0.0122729 0.405024
3 0.061082 0.247736 0.0177649 0.0127321 0.401649
1 0.239184 0.433455 0.00955619 0.0172886 0.393452
3 0.0171522 0.249676 0.0209805 0.0135845 0.369267
1 0.270633 0.449969 0.00915298 0.0208067 0.367933
3 0.100394 0.246504 0.0194018 0.0144633 0.366204
3 0.0746502 0.238176 0.0140589 0.0108425 0.340263
3 0.0393418 0.247907 0.0155771 0.0125128 0.33512
9 0.0901407 0.319126 0.0107999 0.0151727 0.297118
3 0.0390383 0.251719 0.0171642 0.013361 0.281919
0 0.143996 0.361126 0.00712963 0.018536 0.27802
3 0.116171 0.244917 0.0174173 0.0126665 0.273758
3 0.0324683 0.252192 0.0185304 0.0125163 0.268368
3 0.102011 0.251353 0.0214315 0.014149 0.26063
