4 0.538015 0.881093 0.0354507 0.0871975 0.674504
0 0.431098 0.73741 0.00770756 0.0194955 0.551343
0 0.440821 0.731284 0.00684012 0.0185568 0.54731
0 0.652248 0.436265 0.00802586 0.0164376 0.496165
0 0.632751 0.425299 0.0119418 0.0195596 0.375694
0 0.591091 0.631073 0.00825653 0.0185792 0.36584
0 0.587742 0.660114 0.00794974 0.0156012 0.35912
0 0.588545 0.661646 0.0104451 0.0173838 0.358008
0 0.586617 0.660902 0.0107399 0.0166261 0.322446
5 0.486455 0.583322 0.0868937 0.147085 0.29307
5 0.538053 0.881215 0.0355159 0.086911 0.289875
0 0.490598 0.728545 0.0132435 0.0176738 0.287078
0 0.552124 0.804582 0.00954821 0.0200211 0.285418
0 0.638807 0.517826 0.0080634 0.0167303 0.28523
9 0.496529 0.450939 0.013415 0.0180342 0.262639
