3 0.621001 0.661889 0.0846724 0.0917826 0.910804
3 0.520566 0.522623 0.0592945 0.0947123 0.894819
3 0.760617 0.780409 0.0819036 0.0917964 0.885415
3 0.930814 0.680303 0.0893394 0.0847038 0.880964
3 0.469959 0.409925 0.0613267 0.0921207 0.870658
3 0.980846 0.627403 0.0383078 0.0771597 0.821645
3 0.43259 0.322467 0.0467914 0.0796406 0.735386
9 0.842839 0.725772 0.0361412 0.0664383 0.667267
9 0.635626 0.908268 0.0330222 0.0678095 0.520196
9 0.862203 0.714621 0.0340631 0.0605621 0.463387
0 0.578103 0.519445 0.0146471 0.0221507 0.423391
9 0.880809 0.706378 0.0300775 0.0517845 0.356666
9 0.851544 0.717675 0.0347788 0.0626066 0.250044
