3 0.434484 0.708954 0.0971962 0.0595585 0.880184
3 0.969024 0.669746 0.0618509 0.0596944 0.867875
3 0.940958 0.599311 0.0792781 0.0474437 0.867249
3 0.431848 0.619736 0.0839183 0.0506226 0.863806
3 0.634242 0.636591 0.0833424 0.0529915 0.850196
3 0.660091 0.475075 0.062034 0.036717 0.842843
3 0.711331 0.54936 0.0745885 0.0426114 0.841483
3 0.870627 0.534396 0.0728689 0.0380827 0.827725
3 0.615515 0.599829 0.0822119 0.0480069 0.823829
3 0.590961 0.504848 0.0631694 0.0423476 0.823301
3 0.426046 0.582694 0.0789988 0.0429006 0.801463
3 0.852204 0.510899 0.072301 0.0366594 0.795829
3 0.810359 0.463195 0.0632152 0.037322 0.795738
3 0.424381 0.549511 0.0754354 0.0395374 0.780559
3 0.792817 0.443485 0.0645626 0.0364457 0.777816
3 0.8321 0.486015 0.0708493 0.0387782 0.774333
3 0.891186 0.38528 0.0454666 0.0245633 0.757693
3 0.419095 0.524179 0.0764084 0.0378705 0.751115
3 0.602952 0.532547 0.073252 0.0423368 0.727564
3 0.41436 0.499427 0.0718184 0.0357673 0.725452
3 0.580124 0.481805 0.0622024 0.0348238 0.715726
3 0.903853 0.398789 0.0421764 0.0268251 0.71412
3 0.570325 0.46363 0.0618599 0.0347492 0.710227
3 0.414431 0.474897 0.069522 0.0349841 0.684149
4 0.609045 0.558954 0.0800821 0.0539389 0.639329
3 0.609992 0.558852 0.0816448 0.0536187 0.562181
3 0.944596 0.976747 0.110809 0.0462695 0.340522
3 0.874204 0.307761 0.0319039 0.0212934 0.31871
3 0.400059 0.45325 0.0494003 0.0286029 0.317354
3 0.913465 0.984475 0.14417 0.0310505 0.279044
3 0.907611 0.988025 0.133154 0.0237941 0.270548
3 0.408211 0.452569 0.0637832 0.0306286 0.266724
3 0.923363 0.976974 0.132756 0.0459752 0.253713
