0 0.335411 0.123848 0.00859299 0.0290831 0.626159
0 0.357187 0.0467854 0.00706678 0.0278637 0.601535
0 0.338162 0.166615 0.0076581 0.028237 0.590605
0 0.418765 0.946076 0.0143375 0.0180163 0.49708
0 0.339036 0.202847 0.00838065 0.0332369 0.483753
0 0.347666 0.036467 0.00808574 0.0255053 0.422375
0 0.447465 0.220648 0.0103145 0.0247304 0.382383
0 0.447684 0.379748 0.0129635 0.0216754 0.366839
0 0.34716 0.402974 0.00737782 0.0277446 0.365637
0 0.426323 0.0841471 0.00985583 0.0253071 0.327516
0 0.451429 0.381069 0.0101023 0.0219655 0.322954
0 0.396246 0.680102 0.00907745 0.0202688 0.315529
0 0.455261 0.300724 0.00988905 0.0234387 0.311388
0 0.647829 0.334839 0.00818263 0.0131552 0.288105
0 0.423567 0.0836801 0.00964068 0.0265529 0.262974
0 0.447605 0.264476 0.0113312 0.0243745 0.251664
