0 0.943906 0.751326 0.0216255 0.0206161 0.515008
0 0.690158 0.784569 0.0197364 0.034779 0.502334
0 0.604946 0.779984 0.0147743 0.0265074 0.452052
9 0.795961 0.507059 0.031556 0.024029 0.447447
9 0.420255 0.550526 0.0203237 0.0220658 0.399087
9 0.988132 0.664411 0.023632 0.0261822 0.342552
0 0.326679 0.915138 0.0125019 0.0259154 0.337006
0 0.725016 0.645473 0.019075 0.0233193 0.3312
0 0.551287 0.558153 0.013917 0.0204499 0.321508
0 0.531744 0.636233 0.0151332 0.0270634 0.306252
0 0.591363 0.927875 0.018842 0.0232803 0.298081
9 0.432353 0.617532 0.0125406 0.0442231 0.294021
0 0.725604 0.624276 0.0176079 0.0220679 0.286973
9 0.453048 0.547144 0.0153166 0.0249248 0.278375
0 0.603288 0.915327 0.0148485 0.0289587 0.272332
0 0.549265 0.867489 0.0115236 0.0355503 0.260626
0 0.654953 0.616109 0.0168914 0.0192344 0.254214
