8 0.46752 0.743505 0.0608225 0.181134 0.898521
5 0.674279 0.758751 0.0936117 0.194645 0.890038
3 0.454893 0.502946 0.0487696 0.0381786 0.822935
3 0.709175 0.595502 0.0655058 0.0557775 0.814365
4 0.709773 0.676821 0.0622432 0.0689023 0.799151
9 0.502607 0.94079 0.0186241 0.0871953 0.798665
5 0.52083 0.40099 0.0208749 0.0466514 0.745715
3 0.459658 0.446985 0.0444855 0.0368875 0.740802
5 0.84358 0.953142 0.101409 0.0909179 0.733887
0 0.423263 0.755771 0.0108494 0.062419 0.709796
5 0.633817 0.834649 0.0526128 0.13509 0.673663
9 0.444223 0.912006 0.0444333 0.0626007 0.641836
6 0.639064 0.628661 0.0252062 0.0462408 0.633602
6 0.568575 0.677975 0.0155772 0.0518024 0.589457
5 0.470718 0.615546 0.0441986 0.130134 0.547258
6 0.966093 0.904601 0.0668803 0.079466 0.544538
5 0.560115 0.379339 0.02657 0.0485712 0.53097
9 0.144652 0.78462 0.0199028 0.0502264 0.519618
0 0.61513 0.565374 0.00940247 0.0414443 0.481887
3 0.59819 0.352191 0.0152711 0.0222503 0.402803
3 0.633488 0.833522 0.0529116 0.134826 0.350939
5 0.966307 0.904526 0.0670063 0.0792141 0.350358
9 0.549161 0.587261 0.0108715 0.0403926 0.349738
6 0.734885 0.637378 0.0470652 0.0478772 0.348236
9 0.613585 0.593112 0.0110096 0.0303639 0.306208
7 0.444414 0.476929 0.0273333 0.0294086 0.300527
2 0.600018 0.902125 0.0273692 0.0383566 0.295076
3 0.578929 0.334135 0.0269582 0.0214926 0.287477
3 0.7037 0.730214 0.0395624 0.0807535 0.267506
1 0.55074 0.582487 0.0110448 0.0375069 0.263396
5 0.462851 0.410289 0.0434636 0.0339661 0.263011
