0 0.377643 0.291776 0.00760664 0.034163 0.710327
0 0.387588 0.288582 0.00760629 0.0328806 0.679771
0 0.388495 0.28787 0.0105157 0.0310285 0.515138
0 0.436251 0.377964 0.00826547 0.0357639 0.487466
0 0.428906 0.371937 0.00706177 0.0297342 0.450365
0 0.420407 0.375465 0.00743831 0.0287254 0.447112
0 0.491232 0.535305 0.00933934 0.0363141 0.445357
0 0.509386 0.53971 0.0104959 0.0316087 0.413094
0 0.61547 0.806002 0.0142483 0.05471 0.404001
0 0.225516 0.0201432 0.00661697 0.0246627 0.361441
0 0.414824 0.402248 0.00878257 0.0293249 0.328849
0 0.548249 0.682163 0.0133091 0.0301353 0.306362
0 0.410798 0.33521 0.00912227 0.025651 0.297159
0 0.412689 0.387294 0.00796491 0.0393568 0.266536
