0 0.813932 0.412609 0.0107906 0.0348288 0.483295
0 0.704231 0.0132603 0.00871791 0.0265207 0.481857
0 0.688917 0.0911265 0.00967237 0.0245345 0.409202
0 0.807508 0.413228 0.014035 0.0324649 0.404992
0 0.798251 0.416129 0.0130748 0.0306883 0.374075
0 0.869452 0.696069 0.0225531 0.0322108 0.357526
0 0.866545 0.529753 0.0144854 0.024009 0.353898
0 0.683222 0.0932021 0.008494 0.0289274 0.350398
0 0.866713 0.700449 0.019091 0.0295571 0.332973
0 0.691671 0.283042 0.0102642 0.0212603 0.302254
0 0.807016 0.410013 0.0110279 0.0305748 0.252896
