0 0.445044 0.214599 0.0071722 0.0273382 0.717566
0 0.452143 0.572263 0.00926836 0.0200715 0.706173
0 0.44555 0.628044 0.00914538 0.0208504 0.697411
0 0.420377 0.215136 0.00954302 0.0245071 0.64415
0 0.432423 0.598805 0.00751705 0.0202213 0.639733
0 0.453712 0.199148 0.00868988 0.0293142 0.627305
0 0.483857 0.770499 0.00909498 0.019972 0.610472
0 0.446465 0.521942 0.00912393 0.0257652 0.599567
0 0.383432 0.421956 0.00730521 0.0252576 0.533343
0 0.442235 0.598783 0.00784123 0.0219531 0.511774
0 0.417899 0.37388 0.0122982 0.0223445 0.469306
0 0.468292 0.750844 0.00775011 0.0171926 0.450348
0 0.453204 0.606865 0.00858137 0.0198194 0.43581
0 0.490171 0.790939 0.00800646 0.0219466 0.418359
0 0.470287 0.285927 0.00943377 0.0202245 0.360299
0 0.463772 0.270793 0.0102849 0.0265192 0.318712
0 0.498476 0.701412 0.00949934 0.0253103 0.317167
0 0.370816 0.402834 0.00893079 0.0285397 0.29706
0 0.378641 0.444738 0.00708239 0.0287802 0.268492
0 0.532471 0.864576 0.0100979 0.0207966 0.266122
0 0.514729 0.860608 0.00953103 0.0166635 0.264783
0 0.364962 0.355671 0.00814028 0.0295185 0.264705
0 0.411116 0.371717 0.00973768 0.0209092 0.26166
0 0.528864 0.934304 0.00857448 0.0200078 0.258401
0 0.377476 0.396192 0.00791534 0.0207371 0.254475
