3 0.87793 0.916072 0.0888624 0.112693 0.921589
3 0.812203 0.801684 0.0585828 0.0784174 0.893142
3 0.657301 0.563621 0.0442007 0.0368891 0.689601
3 0.448009 0.397801 0.0164591 0.0254871 0.6322
3 0.512166 0.366174 0.0135422 0.0243889 0.576887
3 0.530815 0.364599 0.0134285 0.0263655 0.567825
3 0.550171 0.362651 0.0149524 0.0306575 0.558388
9 0.229767 0.48657 0.00715123 0.0219364 0.493071
1 0.229839 0.48173 0.00651675 0.016915 0.4797
3 0.114797 0.392735 0.030507 0.0254061 0.457193
3 0.26538 0.546681 0.0262873 0.0472643 0.448369
4 0.265528 0.546858 0.0265282 0.047119 0.443705
8 0.514721 0.322978 0.0164022 0.0322937 0.441149
3 0.277207 0.220166 0.00987409 0.0104226 0.438481
3 0.327557 0.192285 0.00796204 0.0111421 0.414553
3 0.283639 0.20925 0.0162805 0.0096295 0.409231
5 0.297018 0.304335 0.0171432 0.038162 0.39807
3 0.414896 0.260308 0.0107726 0.016139 0.37225
3 0.0716269 0.396493 0.0274692 0.0229894 0.370169
3 0.293182 0.194459 0.0155064 0.00918522 0.353858
4 0.29702 0.304584 0.0173399 0.038277 0.352329
5 0.40656 0.143761 0.00497934 0.00983468 0.350552
3 0.423693 0.30883 0.0118061 0.0166946 0.331953
3 0.514859 0.192547 0.0121234 0.0076224 0.324073
4 0.514855 0.323573 0.0164654 0.033639 0.308698
3 0.25339 0.278207 0.0133165 0.0187097 0.299321
0 0.352003 0.514008 0.00862451 0.0188406 0.284682
3 0.287451 0.207668 0.0139342 0.00916062 0.269545
5 0.695527 0.598584 0.083032 0.0563636 0.256626
5 0.404489 0.123409 0.00539237 0.0106049 0.253837
3 0.281677 0.213902 0.0157938 0.00961609 0.252446
