6 0.548144 0.274021 0.0370947 0.0715029 0.874245
6 0.47284 0.616471 0.0508232 0.078434 0.817853
6 0.565409 0.470086 0.0356432 0.0986265 0.810912
7 0.359247 0.746942 0.102488 0.108388 0.804209
9 0.525668 0.816983 0.0480306 0.0679045 0.791289
6 0.521193 0.275768 0.0203051 0.0660206 0.775091
9 0.127488 0.805108 0.0544805 0.0585853 0.760121
6 0.613955 0.733811 0.031274 0.106432 0.741983
6 0.210928 0.751441 0.0811604 0.0813175 0.718798
0 0.562029 0.393472 0.014246 0.0572771 0.647062
9 0.540492 0.129413 0.0114489 0.0379963 0.640129
6 0.718826 0.498628 0.027817 0.0981031 0.604493
1 0.542365 0.249527 0.0167467 0.0443506 0.580581
9 0.641124 0.552771 0.0300557 0.0598507 0.568143
1 0.540784 0.112559 0.0106938 0.0343672 0.552036
0 0.588697 0.134672 0.0111688 0.0561766 0.540827
0 0.387827 0.646341 0.0180194 0.065096 0.499893
6 0.7395 0.507948 0.0327306 0.0824147 0.497172
0 0.680246 0.400304 0.0121928 0.0379035 0.432894
9 0.406866 0.11317 0.0195706 0.0322639 0.432503
7 0.325649 0.697428 0.0700695 0.0652021 0.432048
0 0.747304 0.401578 0.0148048 0.0567725 0.431524
9 0.528264 0.902301 0.0225422 0.0761057 0.425537
6 0.970343 0.526151 0.0540545 0.0507083 0.419225
1 0.725183 0.866116 0.0233642 0.050643 0.40591
1 0.643903 0.545331 0.0185706 0.0586976 0.400842
6 0.328887 0.698149 0.0785281 0.0656094 0.39845
6 0.794857 0.6061 0.0893475 0.126144 0.389995
9 0.520144 0.0426169 0.0126778 0.0445734 0.389928
6 0.560665 0.170192 0.0188884 0.0496244 0.38953
7 0.669822 0.943929 0.0693474 0.0934919 0.388546
0 0.576267 0.145498 0.0122063 0.0515606 0.380686
7 0.41983 0.801508 0.0938089 0.106047 0.373987
6 0.420224 0.801513 0.0942011 0.10483 0.373853
1 0.599646 0.410505 0.0149927 0.0549938 0.362659
9 0.504602 0.16988 0.0110492 0.0380396 0.358048
1 0.117398 0.796709 0.023797 0.0452362 0.35687
6 0.653066 0.441694 0.0305761 0.0707704 0.353264
6 0.677718 0.621927 0.037581 0.0582764 0.352232
6 0.670149 0.945029 0.069188 0.0988087 0.348251
6 0.142495 0.633387 0.0399637 0.0538507 0.344776
6 0.610789 0.0855387 0.037809 0.0412446 0.335159
6 0.562417 0.184407 0.018139 0.0557224 0.333463
0 0.562315 0.119993 0.012866 0.0502161 0.329207
7 0.149466 0.92992 0.0953275 0.140161 0.325967
0 0.432055 0.639985 0.0170418 0.0557992 0.320669
0 0.683581 0.956257 0.0188251 0.0610765 0.31372
6 0.174837 0.563683 0.061056 0.103431 0.312629
6 0.175872 0.580557 0.0532348 0.0731425 0.302077
6 0.959385 0.62006 0.0644554 0.0786727 0.300627
6 0.567798 0.0159829 0.0221546 0.0301797 0.299444
9 0.616403 0.367693 0.0138542 0.045648 0.298151
0 0.583048 0.124694 0.0115235 0.0460688 0.29594
1 0.526441 0.803275 0.0227728 0.0558898 0.294365
1 0.520284 0.0360907 0.0116725 0.035317 0.293267
1 0.527864 0.811009 0.0393118 0.0651165 0.284852
1 0.668226 0.62459 0.0177006 0.0492378 0.276551
0 0.582666 0.139004 0.0122076 0.058041 0.268146
9 0.674148 0.548317 0.0329233 0.0408239 0.267738
0 0.191636 0.763959 0.024684 0.074706 0.259759
9 0.45768 0.304922 0.0264895 0.0390915 0.255824
