3 0.474531 0.170947 0.0198515 0.0588029 0.857831
3 0.467082 0.0255024 0.0158741 0.0497385 0.847824
3 0.469995 0.0994542 0.0151466 0.0587408 0.835976
8 0.546799 0.0236266 0.0289692 0.0472533 0.790125
8 0.575555 0.20003 0.0513904 0.0774169 0.68136
0 0.428871 0.0856065 0.0061993 0.0191856 0.635234
0 0.496173 0.836999 0.00675677 0.0139687 0.614436
0 0.429733 0.0480027 0.00638733 0.0167728 0.609389
0 0.443278 0.111776 0.00530718 0.0168789 0.606148
0 0.430134 0.331446 0.00735722 0.0161815 0.596931
0 0.0986119 0.974999 0.0122419 0.0132748 0.591044
0 0.481825 0.618422 0.00717124 0.0121307 0.586692
0 0.50466 0.694062 0.00672838 0.0114646 0.576564
0 0.522859 0.376247 0.00823975 0.0128033 0.571716
0 0.63215 0.303522 0.00529872 0.015613 0.571554
0 0.418244 0.0416782 0.00597735 0.0161901 0.560758
0 0.637912 0.253401 0.00620688 0.0128314 0.560442
0 0.490677 0.711527 0.00940818 0.0127426 0.557171
0 0.440528 0.200469 0.00665436 0.0142839 0.537533
0 0.620692 0.291708 0.00636387 0.0158912 0.536639
0 0.447198 0.581223 0.00714225 0.0123336 0.536399
0 0.417184 0.145961 0.0059137 0.0202817 0.534557
0 0.472606 0.69043 0.00796993 0.0134494 0.532207
0 0.0832056 0.963299 0.0132886 0.0167569 0.532177
0 0.654495 0.33924 0.00659733 0.0124477 0.532126
0 0.427649 0.304532 0.00727613 0.0162573 0.531239
0 0.343945 0.961903 0.00814915 0.0139428 0.529699
0 0.622145 0.0187338 0.00713619 0.0155286 0.529388
0 0.415063 0.20271 0.00738543 0.0144528 0.528237
0 0.447675 0.340932 0.00786041 0.016358 0.522122
0 0.438308 0.790019 0.00749651 0.0195666 0.52029
0 0.048185 0.969207 0.0130118 0.0159385 0.514104
0 0.64673 0.27343 0.00626613 0.0144056 0.508936
0 0.47799 0.273056 0.00685978 0.0133353 0.498816
0 0.447494 0.670967 0.00751495 0.0137651 0.496951
0 0.417342 0.142863 0.00604745 0.0193096 0.483254
0 0.433166 0.377605 0.00852927 0.0143004 0.482271
0 0.654799 0.318313 0.00684108 0.0149348 0.476553
0 0.47805 0.646946 0.00844652 0.0124829 0.472637
0 0.485047 0.313663 0.0079531 0.0146347 0.469327
0 0.447692 0.549018 0.00788766 0.0127523 0.467299
0 0.480552 0.289867 0.00737039 0.0138101 0.465037
0 0.431761 0.840188 0.00725481 0.0153362 0.463753
0 0.459543 0.504937 0.00670912 0.0129661 0.459508
0 0.428898 0.168266 0.00695513 0.0188233 0.458455
0 0.628509 0.159898 0.00630018 0.0134916 0.45338
0 0.672459 0.596719 0.00746652 0.016759 0.446864
0 0.47241 0.248636 0.00746726 0.0149953 0.446281
0 0.492152 0.361863 0.00862444 0.0132434 0.442927
0 0.353551 0.950023 0.00690465 0.0107873 0.442375
0 0.455054 0.198824 0.00589922 0.0160701 0.434004
0 0.41431 0.202237 0.00627289 0.0181392 0.427273
0 0.428363 0.164666 0.00689048 0.0184392 0.414236
0 0.465438 0.656231 0.0060083 0.0104862 0.410519
0 0.0834343 0.968259 0.013045 0.0178086 0.409699
0 0.484384 0.567764 0.00687701 0.0120844 0.405352
0 0.421225 0.65687 0.00763646 0.0187591 0.402009
0 0.428582 0.635167 0.00699759 0.0178164 0.391497
0 0.420994 0.652326 0.00743238 0.0165937 0.388949
0 0.0662933 0.952411 0.0105571 0.0111136 0.388517
0 0.476813 0.865164 0.00890167 0.0118181 0.386036
0 0.636992 0.0322477 0.00551588 0.0141753 0.378638
0 0.465679 0.658387 0.00626744 0.0157212 0.376381
0 0.48408 0.569793 0.00692596 0.0152659 0.375594
0 0.672862 0.480763 0.00826237 0.0158376 0.369433
0 0.298415 0.93324 0.0108357 0.0155383 0.367526
0 0.44344 0.849404 0.00623457 0.0115039 0.365705
0 0.481938 0.593614 0.00763929 0.012716 0.36529
0 0.451508 0.226428 0.00948687 0.016731 0.363083
0 0.347805 0.923486 0.0103121 0.0185138 0.351467
0 0.428223 0.633923 0.00768167 0.0129755 0.351121
0 0.428363 0.630845 0.00682565 0.0180405 0.349188
0 0.647395 0.404036 0.00729828 0.0131024 0.347727
0 0.498416 0.391992 0.00933245 0.0158916 0.345957
0 0.433802 0.258521 0.00587088 0.0161562 0.345501
0 0.523068 0.375334 0.00668745 0.0179502 0.345341
0 0.623779 0.0183726 0.00696049 0.0176366 0.3368
0 0.3304 0.940662 0.00915994 0.0158946 0.336343
0 0.33185 0.946039 0.00839209 0.0178256 0.334825
0 0.505746 0.551585 0.00660283 0.0129021 0.330941
0 0.615981 0.396936 0.00631954 0.0130929 0.329612
0 0.485823 0.307323 0.00665244 0.0153201 0.325214
0 0.364134 0.954471 0.00933112 0.0113189 0.324037
0 0.403501 0.0457066 0.00558777 0.0150887 0.322155
0 0.0105709 0.971208 0.0161977 0.0133245 0.321875
0 0.435194 0.257798 0.00618404 0.0133527 0.319976
0 0.638966 0.251932 0.00961657 0.0152988 0.317965
0 0.492658 0.680412 0.00652544 0.0161268 0.31324
0 0.439312 0.792471 0.00892112 0.0212024 0.313054
0 0.00442136 0.956098 0.00884273 0.015046 0.311999
0 0.466685 0.63578 0.00652178 0.0167512 0.307737
0 0.439485 0.202038 0.00693569 0.0182859 0.30369
0 0.505323 0.578588 0.00645329 0.0145983 0.299368
0 0.647545 0.192102 0.00760659 0.0155756 0.297882
0 0.100859 0.97463 0.015847 0.0131281 0.292576
0 0.434056 0.840681 0.00788382 0.0163772 0.291566
0 0.493523 0.674696 0.00591548 0.0169051 0.291408
0 0.434937 0.250595 0.00739859 0.0150307 0.289136
0 0.138853 0.953861 0.0119172 0.0173891 0.287508
0 0.478107 0.277277 0.00683816 0.0141232 0.286031
0 0.635143 0.124809 0.00615234 0.0175177 0.280455
0 0.439354 0.786891 0.00882847 0.0192413 0.279935
0 0.485715 0.651577 0.00624407 0.0123588 0.276601
0 0.419945 0.828104 0.00662079 0.0142918 0.273676
0 0.490002 0.368847 0.00787571 0.0174082 0.271844
0 0.122193 0.962253 0.0118976 0.0165013 0.264794
0 0.427761 0.813825 0.00715999 0.0157863 0.263334
0 0.363425 0.956402 0.00726447 0.0193719 0.257895
