5 0.365275 0.813015 0.144325 0.0758609 0.884198
3 0.300517 0.977548 0.0755674 0.044904 0.848528
3 0.333247 0.891584 0.0636224 0.0406352 0.799343
3 0.747992 0.544891 0.030918 0.0233095 0.783859
4 0.327132 0.923215 0.0738541 0.0571591 0.782915
3 0.746236 0.502162 0.0252609 0.0178456 0.765217
3 0.317173 0.668537 0.0194721 0.0274811 0.681417
3 0.433919 0.576799 0.0282658 0.0189614 0.628282
8 0.451193 0.622658 0.0258783 0.0774497 0.571196
5 0.451295 0.623782 0.0259627 0.0782535 0.546694
0 0.370777 0.625746 0.0053758 0.0174039 0.541244
0 0.338944 0.616253 0.00540471 0.0180189 0.519289
3 0.54404 0.3927 0.010471 0.00916379 0.490793
3 0.131867 0.983597 0.0613129 0.032807 0.46737
9 0.230786 0.920181 0.0132435 0.029423 0.427616
3 0.327369 0.923148 0.0728027 0.0567579 0.39685
8 0.343421 0.491668 0.0602391 0.0418331 0.383796
9 0.203694 0.919418 0.0251563 0.0251744 0.353977
9 0.198328 0.719511 0.0147271 0.0186915 0.283885
1 0.229664 0.914596 0.0119304 0.0289179 0.27526
0 0.259422 0.652265 0.00649501 0.0203646 0.27038
0 0.339979 0.616012 0.00756884 0.0167979 0.258486
