0 0.918163 0.951662 0.043188 0.0705709 0.873115
0 0.474808 0.736537 0.023769 0.0673113 0.820192
0 0.568117 0.709487 0.0174072 0.0586576 0.805041
0 0.699995 0.627633 0.0228148 0.0553549 0.765155
0 0.552872 0.709464 0.0174952 0.0598701 0.761456
0 0.635436 0.700786 0.0200998 0.059878 0.755146
2 0.655746 0.453739 0.0137398 0.0289886 0.469962
0 0.306374 0.39907 0.00844783 0.0236248 0.414625
0 0.304954 0.3983 0.00973768 0.0249073 0.366928
1 0.655771 0.45075 0.0123417 0.0325083 0.2849
0 0.592992 0.452472 0.0094999 0.0311178 0.275402
