0 0.381402 0.525007 0.00695312 0.0237923 0.66548
0 0.414517 0.724247 0.0089056 0.0241536 0.645184
0 0.68188 0.560729 0.00940247 0.0209293 0.632858
0 0.371779 0.691452 0.00979292 0.019299 0.626877
0 0.427014 0.372757 0.0085005 0.0281383 0.579412
0 0.416807 0.761342 0.00887891 0.0226859 0.578795
0 0.446226 0.741866 0.00901707 0.0242759 0.554059
0 0.437758 0.299153 0.00725869 0.0308046 0.552139
0 0.361994 0.741652 0.00805102 0.0294541 0.551204
0 0.403024 0.756356 0.00988181 0.0240611 0.548149
0 0.79312 0.531846 0.0119961 0.029407 0.546322
0 0.344006 0.841816 0.0114206 0.0177188 0.489121
0 0.423753 0.372677 0.0100065 0.0270789 0.486826
0 0.389481 0.732107 0.0093049 0.0359696 0.48096
0 0.571904 0.6462 0.0138262 0.0248296 0.466113
0 0.38348 0.794429 0.00934705 0.028773 0.463597
0 0.892819 0.481937 0.013526 0.0263748 0.462721
0 0.842715 0.494744 0.0148036 0.0254848 0.46124
0 0.664633 0.571489 0.00839539 0.019719 0.457378
9 0.971213 0.504342 0.014502 0.0308312 0.436258
0 0.387813 0.431703 0.00663749 0.0260966 0.435769
0 0.339127 0.880955 0.00989962 0.0182435 0.432363
0 0.373564 0.774045 0.00963593 0.0223525 0.429818
0 0.379936 0.971141 0.0109475 0.0220834 0.414279
9 0.947236 0.555484 0.0134399 0.0417868 0.404809
0 0.875664 0.486937 0.0174139 0.0235933 0.401853
0 0.423017 0.30765 0.0091061 0.0240507 0.399198
0 0.363721 0.740539 0.0100873 0.0266227 0.390211
0 0.385024 0.729902 0.00863438 0.024119 0.386667
0 0.409189 0.515097 0.0091425 0.028365 0.384622
0 0.426425 0.303918 0.00984344 0.0295497 0.383958
9 0.958153 0.550229 0.014989 0.0420875 0.374001
0 0.658364 0.5533 0.00935107 0.0243676 0.373002
0 0.347947 0.864121 0.00981454 0.0194148 0.369563
0 0.401032 0.773986 0.0107112 0.0231384 0.363817
9 0.724376 0.639784 0.00902509 0.033678 0.362727
0 0.400982 0.90599 0.0105461 0.0229964 0.359508
0 0.432645 0.263654 0.0075201 0.0277095 0.356098
0 0.399095 0.904063 0.0106934 0.0202986 0.353175
9 0.969632 0.547208 0.0177727 0.0387794 0.350099
0 0.84789 0.528765 0.0133378 0.0250783 0.349841
0 0.38848 0.741124 0.00874263 0.0291895 0.341931
0 0.458092 0.726303 0.0134731 0.0212659 0.336012
0 0.29419 0.858089 0.0119174 0.0245243 0.332905
0 0.439122 0.296844 0.00928345 0.0295369 0.332545
0 0.825974 0.535628 0.0127146 0.0209606 0.332053
0 0.428202 0.290867 0.00705492 0.0249674 0.331731
9 0.990617 0.530613 0.0174267 0.0359999 0.314447
2 0.507505 0.865246 0.0256329 0.024902 0.308785
0 0.871358 0.460698 0.0123768 0.0228704 0.303188
0 0.664301 0.557163 0.00892591 0.0262484 0.303119
9 0.930513 0.561637 0.0165804 0.0442568 0.297458
0 0.327967 0.802129 0.0153895 0.0200036 0.296844
0 0.385791 0.789735 0.00904606 0.0295606 0.296189
0 0.341111 0.992866 0.0100626 0.0142684 0.292243
0 0.382955 0.525596 0.0091139 0.0239591 0.291521
0 0.389013 0.431039 0.00953748 0.0246553 0.29133
2 0.457821 0.938538 0.0253374 0.024991 0.290997
9 0.892307 0.580436 0.0146599 0.0416741 0.290807
0 0.575432 0.647424 0.0117058 0.0222886 0.290713
0 0.414997 0.512461 0.00778752 0.0280024 0.282892
0 0.428321 0.200328 0.00720729 0.0331973 0.274537
0 0.792882 0.521656 0.0109159 0.0219077 0.269109
9 0.936809 0.559621 0.0140053 0.0426946 0.266511
0 0.457463 0.292259 0.00814658 0.0249137 0.258061
9 0.964718 0.547933 0.016556 0.0393931 0.258022
0 0.218787 0.796416 0.0129749 0.0143274 0.254468
9 0.891985 0.484416 0.0140753 0.0270029 0.253207
0 0.398021 0.437817 0.00854941 0.0291267 0.252974
0 0.417719 0.765207 0.00758963 0.0247698 0.252019
