3 0.670294 0.967586 0.0428005 0.0619316 0.772499
4 0.551739 0.774502 0.0573391 0.0972541 0.712373
0 0.675971 0.625223 0.0106541 0.0443401 0.694077
3 0.606589 0.223788 0.0127318 0.0240623 0.655253
0 0.648194 0.655284 0.010079 0.0454089 0.595268
3 0.577342 0.400585 0.0196986 0.0357003 0.540241
4 0.662757 0.435023 0.0219525 0.0497709 0.524435
9 0.513806 0.922031 0.0226353 0.038169 0.499886
9 0.630931 0.479709 0.0156231 0.0243204 0.493479
1 0.629016 0.319782 0.00537696 0.0193339 0.467599
1 0.629357 0.472936 0.00836717 0.0275692 0.415123
0 0.648795 0.630853 0.0101629 0.038667 0.402576
7 0.65512 0.365514 0.0289259 0.0318389 0.401546
7 0.516428 0.966278 0.0553101 0.0674435 0.387241
0 0.639838 0.643381 0.00841272 0.0344114 0.364777
9 0.629049 0.323071 0.00535064 0.0205525 0.361546
9 0.567801 0.423484 0.0168121 0.0222286 0.361306
9 0.61475 0.522416 0.0100101 0.0335136 0.35544
4 0.587173 0.242419 0.0238411 0.0285888 0.346974
9 0.678412 0.697048 0.0177575 0.0348911 0.335252
9 0.689095 0.433421 0.0144308 0.0225237 0.333045
6 0.647999 0.406888 0.0131476 0.0251063 0.331354
3 0.662982 0.435007 0.0225649 0.0500904 0.331302
9 0.727657 0.981269 0.0313303 0.0344972 0.32736
0 0.598496 0.501189 0.00955277 0.0343573 0.289094
1 0.602627 0.361373 0.00747987 0.0207905 0.28846
9 0.681334 0.69595 0.0127155 0.034866 0.260114
0 0.650335 0.654385 0.0118769 0.0427253 0.259557
6 0.566243 0.545134 0.0295839 0.0402674 0.254986
6 0.663219 0.566066 0.0150408 0.0346145 0.250941
