6 0.5809 0.503499 0.0514867 0.123815 0.875561
5 0.229549 0.770903 0.252189 0.273751 0.842342
6 0.662019 0.406043 0.0502567 0.169093 0.814895
6 0.694362 0.255865 0.0319934 0.102829 0.74956
6 0.549658 0.783384 0.0340788 0.139893 0.735758
6 0.426178 0.398774 0.0714767 0.0690729 0.689403
9 0.615569 0.387759 0.0296048 0.0916069 0.688931
9 0.73941 0.039866 0.0311795 0.079732 0.65185
9 0.594195 0.0502181 0.0305556 0.0852863 0.645097
6 0.690276 0.0558103 0.0481058 0.111621 0.639713
9 0.233249 0.0360098 0.024877 0.0720197 0.617851
9 0.663834 0.644538 0.0240016 0.0990887 0.616738
9 0.127496 0.297014 0.0385725 0.0570954 0.597939
9 0.950631 0.377165 0.033152 0.0689615 0.589812
9 0.696156 0.657014 0.0260382 0.0778765 0.578238
9 0.632164 0.112934 0.029401 0.101469 0.57749
9 0.625037 0.578909 0.0365768 0.100088 0.574303
9 0.513349 0.956509 0.0539614 0.0817695 0.541576
9 0.199955 0.0277642 0.0544164 0.0555283 0.538994
9 0.585882 0.685616 0.0231482 0.0934366 0.529633
6 0.620394 0.725694 0.0304939 0.100349 0.52749
9 0.638558 0.0217253 0.0210164 0.0434505 0.518425
0 0.410193 0.933112 0.0231317 0.0493402 0.497622
6 0.734568 0.569337 0.037066 0.140386 0.493954
5 0.585923 0.257292 0.0452869 0.175428 0.472409
9 0.445581 0.0937817 0.0151778 0.0593937 0.471481
6 0.63175 0.252341 0.0310505 0.100499 0.457681
6 0.0828193 0.654442 0.0542095 0.149024 0.44145
6 0.512997 0.956373 0.0551057 0.0834381 0.441362
9 0.467995 0.103778 0.0286318 0.0702157 0.439007
6 0.625169 0.57829 0.0364918 0.100739 0.416097
7 0.689927 0.0559028 0.0487698 0.111806 0.411526
9 0.62075 0.730483 0.0297331 0.0915407 0.409249
9 0.145686 0.402903 0.0295281 0.0664737 0.385893
1 0.586579 0.676575 0.0217398 0.0745013 0.364799
1 0.634133 0.232501 0.0230334 0.0770571 0.36148
6 0.615443 0.38821 0.029992 0.0924419 0.352994
9 0.133174 0.305645 0.048055 0.0459719 0.351259
1 0.487378 0.428669 0.0315015 0.0507876 0.351214
9 0.443128 0.0892513 0.0201427 0.065255 0.318901
6 0.551631 0.144617 0.0419474 0.0993015 0.314887
1 0.369852 0.78365 0.0224832 0.0474735 0.299277
1 0.63186 0.0943392 0.0280611 0.0664078 0.287908
9 0.552405 0.14446 0.0390262 0.0931222 0.278216
9 0.690797 0.653129 0.0266132 0.0793205 0.274641
9 0.439209 0.0949331 0.0201419 0.0596657 0.260047
0 0.075672 0.803807 0.0370349 0.0295209 0.253137
6 0.740514 0.0397108 0.0335756 0.0794215 0.25246
