5 0.753402 0.62225 0.0572957 0.17285 0.885875
7 0.663092 0.92616 0.0417326 0.146947 0.847331
6 0.884288 0.495038 0.0697109 0.0619135 0.84522
3 0.700501 0.0419089 0.0306519 0.0628089 0.823555
9 0.623242 0.705168 0.0202243 0.0778908 0.791331
3 0.559942 0.74304 0.0542697 0.200322 0.766152
6 0.612647 0.332486 0.0221386 0.0749407 0.762862
7 0.56248 0.950297 0.0593055 0.0994052 0.762202
0 0.537192 0.211042 0.00884427 0.0443889 0.73462
0 0.561242 0.877344 0.0166769 0.0388995 0.726343
0 0.383838 0.573612 0.0151633 0.0536002 0.717366
7 0.707602 0.309844 0.0284804 0.091493 0.714606
1 0.607876 0.452968 0.0157051 0.0494345 0.698073
1 0.632147 0.0941676 0.0121587 0.0341615 0.690253
9 0.435427 0.417821 0.0306042 0.0452131 0.682589
9 0.435995 0.379489 0.0302256 0.039135 0.673891
1 0.663585 0.147085 0.0140236 0.0406222 0.66692
9 0.901885 0.355265 0.0322075 0.0435062 0.664002
0 0.531873 0.839489 0.0162996 0.0491124 0.658067
9 0.903682 0.227575 0.0259657 0.0390908 0.652737
7 0.81236 0.861925 0.0657373 0.158651 0.636897
9 0.942366 0.369996 0.0324603 0.0466844 0.62847
9 0.60789 0.470568 0.0158662 0.0560885 0.61057
9 0.631592 0.10548 0.0127277 0.0434467 0.601764
7 0.747399 0.230894 0.0309088 0.0712382 0.587477
6 0.575021 0.402164 0.0268934 0.0923464 0.557829
9 0.919223 0.423424 0.0375496 0.0415146 0.55628
9 0.768341 0.399303 0.0342489 0.0346789 0.551231
9 0.992781 0.260136 0.0144382 0.0435058 0.54492
6 0.713366 0.210014 0.0226259 0.0767736 0.533553
9 0.747566 0.48834 0.0318031 0.0444204 0.521744
7 0.78424 0.0516807 0.0266062 0.07021 0.505131
9 0.911018 0.459587 0.0458307 0.0449192 0.503042
9 0.950559 0.412018 0.0329277 0.0419652 0.488246
6 0.754606 0.27903 0.0360483 0.0466334 0.479991
9 0.773187 0.524028 0.0363385 0.0451062 0.472439
9 0.919495 0.294035 0.0343696 0.0349365 0.471546
1 0.62378 0.686927 0.0185671 0.0458198 0.470765
6 0.743601 0.139184 0.0341923 0.0669988 0.470319
4 0.391873 0.737442 0.0628403 0.0871508 0.459529
6 0.71301 0.219274 0.0183797 0.0612356 0.446766
9 0.678167 0.597066 0.0199286 0.0734928 0.441515
9 0.956442 0.459121 0.0384028 0.0401377 0.434052
6 0.737574 0.103714 0.0260597 0.0429325 0.432133
6 0.697255 0.14385 0.0240675 0.0499017 0.432054
6 0.770816 0.44759 0.0491392 0.0498608 0.431283
0 0.556143 0.399852 0.013252 0.0440124 0.429753
9 0.81395 0.684683 0.028082 0.0781399 0.425696
9 0.728899 0.0531182 0.0198025 0.0272744 0.417542
6 0.732676 0.0941933 0.0314236 0.041608 0.414552
7 0.742229 0.139463 0.0312998 0.0663736 0.412258
9 0.662162 0.165457 0.0137749 0.0378439 0.410378
1 0.512171 0.173712 0.00960093 0.0402512 0.407835
3 0.392058 0.737152 0.0631906 0.0863155 0.405957
6 0.871752 0.61289 0.0387329 0.111022 0.399138
7 0.575232 0.401818 0.0270994 0.0922729 0.396432
6 0.660152 0.0127586 0.0176799 0.0255171 0.393997
0 0.355534 0.482533 0.0130255 0.0462581 0.377512
9 0.764438 0.31137 0.0234472 0.0326631 0.375488
6 0.766382 0.442111 0.0565769 0.0684912 0.372925
6 0.784647 0.0518336 0.0294173 0.0707928 0.353338
9 0.772327 0.493801 0.0353945 0.0431464 0.344088
9 0.432362 0.413142 0.0307097 0.0457604 0.34217
9 0.910559 0.469428 0.047798 0.0440762 0.337073
6 0.559072 0.248662 0.0175781 0.0495018 0.327221
9 0.758023 0.287595 0.0298155 0.0359242 0.320719
9 0.774778 0.375633 0.0228637 0.0315103 0.318314
0 0.537947 0.893815 0.0232586 0.0408124 0.315742
9 0.4336 0.373623 0.0255114 0.0438197 0.314712
6 0.561167 0.949385 0.0610887 0.10123 0.311818
9 0.981135 0.694843 0.0371487 0.0656833 0.300849
1 0.594391 0.212695 0.0120519 0.046628 0.299014
0 0.527511 0.839194 0.0206596 0.0480862 0.296083
9 0.527773 0.951548 0.0352432 0.0844164 0.295463
6 0.748728 0.230415 0.0310652 0.0721309 0.286545
9 0.593529 0.218014 0.0135874 0.0493808 0.28109
9 0.772929 0.50508 0.0346726 0.0428471 0.271553
9 0.864941 0.169891 0.0196453 0.0508177 0.262767
9 0.924221 0.320613 0.0327202 0.0370921 0.256812
9 0.771343 0.372001 0.0295344 0.0283397 0.252212
9 0.426666 0.486811 0.0182505 0.0393835 0.251586
