4 0.562633 0.700376 0.0713011 0.056213 0.886066
4 0.899935 0.197638 0.052333 0.0534878 0.879628
3 0.367695 0.538091 0.0642552 0.0468908 0.867735
4 0.287883 0.532306 0.0659025 0.0570294 0.859524
3 0.520599 0.548607 0.0557153 0.0480249 0.857413
5 0.96144 0.153996 0.0771197 0.0760082 0.843999
3 0.677734 0.555985 0.0510031 0.0465792 0.8176
4 0.44475 0.54146 0.0637056 0.0531329 0.78664
3 0.841369 0.208371 0.0542821 0.0485411 0.759789
4 0.603059 0.550747 0.0560519 0.0452812 0.67534
9 0.748103 0.55649 0.0141451 0.0632672 0.638344
9 0.784341 0.555903 0.011428 0.0618935 0.623096
3 0.203872 0.533203 0.0673722 0.0480866 0.617797
3 0.13239 0.53891 0.0621516 0.0451886 0.6104
3 0.490779 0.696598 0.0619033 0.0481612 0.593247
4 0.425892 0.691831 0.0542487 0.0486931 0.571166
3 0.0488558 0.526975 0.0616513 0.0470882 0.56926
9 0.794221 0.559261 0.0126631 0.0589175 0.527556
4 0.00761438 0.531028 0.0152288 0.0548496 0.525065
9 0.844459 0.561714 0.0119244 0.0557502 0.510151
3 0.426718 0.69087 0.0545235 0.0487026 0.504232
9 0.761829 0.55346 0.0121279 0.0568074 0.500075
4 0.0495177 0.527317 0.0600258 0.0474828 0.481712
4 0.490521 0.696811 0.0610186 0.0470855 0.466032
9 0.830736 0.557674 0.0141056 0.0578551 0.430452
9 0.773319 0.553021 0.0130501 0.0602306 0.419257
3 0.603083 0.551081 0.0557917 0.0450604 0.39658
4 0.821487 0.25558 0.043635 0.0409876 0.378665
9 0.764365 0.553249 0.0116426 0.0583604 0.34243
9 0.817564 0.555317 0.0131847 0.0606464 0.301901
0 0.97232 0.209668 0.0116155 0.0290197 0.285516
5 0.681595 0.361982 0.0760462 0.0576052 0.251666
