3 0.361422 0.202375 0.0204153 0.0496505 0.863729
3 0.803065 0.058977 0.038292 0.0413704 0.855338
3 0.50601 0.199414 0.0218662 0.0540386 0.854743
3 0.362199 0.934213 0.039307 0.0988975 0.852129
3 0.352424 0.713309 0.0555693 0.0414127 0.846403
3 0.838314 0.0207051 0.0385849 0.0377998 0.845802
3 0.48184 0.204171 0.0204197 0.0512873 0.840077
3 0.945349 0.0690778 0.0477489 0.0417001 0.835071
3 0.908588 0.11517 0.0411223 0.0398104 0.817359
3 0.368597 0.62524 0.0339479 0.0634179 0.815587
3 0.45932 0.199451 0.0201065 0.0521777 0.815494
3 0.336837 0.204281 0.0200788 0.0489471 0.808741
3 0.866594 0.163168 0.0453976 0.0419734 0.803627
3 0.435615 0.198571 0.0200247 0.0515451 0.801051
3 0.895044 0.132464 0.0432888 0.0434441 0.791997
3 0.91902 0.100539 0.0463218 0.0449718 0.776081
3 0.849433 0.179671 0.0452427 0.0470487 0.751541
3 0.0426512 0.111249 0.0454805 0.0295009 0.719854
3 0.336124 0.762936 0.0612063 0.0337206 0.688889
3 0.854731 0.00575011 0.0318432 0.0115002 0.653173
3 0.0466929 0.278562 0.0473262 0.0376787 0.645786
3 0.0108107 0.24073 0.0216023 0.0475659 0.571937
3 0.987776 0.0337517 0.0244475 0.0371839 0.537716
3 0.428686 0.456072 0.021158 0.0643742 0.423189
3 0.435571 0.649291 0.0306171 0.0617822 0.411036
4 0.0500073 0.845337 0.0763922 0.0371483 0.332989
5 0.99072 0.172871 0.0185106 0.0654098 0.270617
