0 0.558381 0.62668 0.00874307 0.0186086 0.589784
0 0.673345 0.912861 0.0114065 0.0219345 0.488899
9 0.562626 0.722372 0.0217047 0.0462732 0.482879
0 0.446152 0.483665 0.00761374 0.0236398 0.43558
0 0.516849 0.512064 0.00861285 0.0231859 0.431443
0 0.609487 0.759945 0.0103586 0.0189972 0.418234
0 0.456377 0.481281 0.008749 0.0228935 0.384863
0 0.607257 0.735767 0.0104248 0.0180879 0.349921
0 0.633796 0.78342 0.010644 0.0203047 0.34488
0 0.641006 0.783564 0.00849191 0.0187251 0.339053
0 0.543723 0.626279 0.00886392 0.0183406 0.327605
0 0.464228 0.406712 0.00962851 0.0239628 0.326155
0 0.533555 0.630229 0.00855046 0.0175404 0.315844
0 0.481538 0.493035 0.00752428 0.0254763 0.294855
0 0.655394 0.939157 0.0123949 0.0213565 0.285099
0 0.592042 0.745342 0.0116785 0.0198879 0.280634
