3 0.488677 0.746691 0.0646101 0.154761 0.910033
3 0.392362 0.503402 0.0893321 0.0592403 0.873686
3 0.479226 0.589783 0.0476334 0.102816 0.865261
3 0.334056 0.45795 0.0360254 0.0665901 0.863295
3 0.185123 0.565854 0.0590394 0.110076 0.852222
3 0.461159 0.423454 0.0587699 0.0461127 0.821406
9 0.684464 0.871898 0.0510994 0.0513996 0.797183
3 0.462059 0.390855 0.0659727 0.0394046 0.781651
3 0.324466 0.97075 0.0702965 0.0583551 0.771936
3 0.0800153 0.348544 0.0495853 0.0518709 0.743371
9 0.636174 0.880765 0.0245568 0.067571 0.685892
3 0.188649 0.214426 0.0254819 0.0307155 0.682465
3 0.422901 0.34105 0.0291076 0.0415296 0.678832
9 0.565067 0.586294 0.0282263 0.043997 0.664527
3 0.310205 0.180389 0.0177531 0.0211876 0.64861
3 0.44498 0.251179 0.0453955 0.0247739 0.555123
9 0.589028 0.685941 0.0279162 0.037701 0.552802
3 0.206392 0.15275 0.020547 0.0170325 0.538198
4 0.410639 0.303635 0.0233031 0.0371216 0.534318
3 0.271834 0.11063 0.0120039 0.0143287 0.523251
3 0.440293 0.22335 0.0367842 0.0217926 0.515563
3 0.2804 0.14605 0.0143351 0.018234 0.511952
3 0.444911 0.230619 0.0386129 0.0238808 0.496129
0 0.657093 0.987304 0.0222187 0.0252454 0.483881
3 0.276591 0.0882756 0.0113261 0.0136992 0.457428
3 0.252188 0.101403 0.0135248 0.019632 0.448461
3 0.284465 0.0648663 0.0121633 0.0184764 0.40733
9 0.647093 0.809225 0.0195641 0.0654537 0.403783
2 0.594483 0.547745 0.0278226 0.0287079 0.397947
0 0.562083 0.903907 0.0191481 0.0365715 0.384459
9 0.0762712 0.304715 0.0168238 0.0202413 0.372544
3 0.410907 0.30411 0.0234083 0.0403995 0.358284
3 0.457162 0.256259 0.0281824 0.0250637 0.34342
9 0.465077 0.352525 0.0261458 0.0197921 0.336229
3 0.446446 0.236007 0.0382938 0.0247833 0.323492
0 0.692311 0.989247 0.0203302 0.0215059 0.323139
9 0.431424 0.662196 0.0147327 0.0443484 0.301537
2 0.565471 0.474449 0.0265948 0.0271764 0.296173
3 0.278978 0.129909 0.0109625 0.0163398 0.292557
9 0.564958 0.474679 0.0260305 0.0269683 0.286277
3 0.234649 0.126952 0.0100533 0.0176871 0.286102
1 0.222301 0.174343 0.00641796 0.0159974 0.285418
0 0.0582465 0.297365 0.0101993 0.0271033 0.270607
