3 0.446313 0.513074 0.117556 0.0912188 0.8774
3 0.446995 0.256122 0.0760761 0.0608517 0.870502
6 0.436387 0.851202 0.0913563 0.0942296 0.867815
7 0.532061 0.15258 0.0210437 0.0562085 0.846691
9 0.345377 0.672964 0.043829 0.0495253 0.836245
6 0.64458 0.361059 0.0227302 0.0701267 0.830046
9 0.470732 0.762393 0.0470425 0.0693324 0.799505
0 0.673919 0.709713 0.0183343 0.0767169 0.798462
0 0.706559 0.812058 0.0250812 0.0816578 0.79375
6 0.257326 0.764019 0.0967458 0.121572 0.763225
7 0.449656 0.156281 0.0374182 0.0533576 0.74443
7 0.541024 0.360309 0.0492164 0.0744265 0.723046
9 0.351723 0.630797 0.0480827 0.0526544 0.721546
6 0.541404 0.660906 0.0584392 0.0984818 0.688604
9 0.407141 0.587789 0.0392937 0.0495292 0.671712
5 0.6314 0.570907 0.0363611 0.11515 0.654237
6 0.720585 0.323685 0.0452313 0.0450105 0.617904
9 0.409999 0.636711 0.0501763 0.0532236 0.615616
9 0.364647 0.565883 0.0405998 0.0562452 0.613351
7 0.614709 0.0604698 0.0235415 0.0412527 0.605049
6 0.631781 0.570714 0.0372804 0.116456 0.549308
7 0.659355 0.863482 0.0408688 0.17019 0.538857
9 0.6235 0.474141 0.0235491 0.0495712 0.538687
1 0.76071 0.529905 0.0138499 0.0439494 0.527066
9 0.820147 0.422583 0.0275295 0.0393272 0.52421
7 0.484397 0.397105 0.0627065 0.0721155 0.520847
9 0.78802 0.412173 0.0314011 0.0350754 0.508194
9 0.254034 0.67288 0.01964 0.0712669 0.507513
1 0.756853 0.532748 0.0181402 0.0456581 0.481889
1 0.582243 0.578558 0.0149323 0.0599916 0.474629
9 0.777903 0.39556 0.0333562 0.0376527 0.470752
9 0.394135 0.393709 0.0393219 0.0426713 0.466374
3 0.697732 0.0995151 0.0409038 0.0410156 0.466327
1 0.627431 0.459939 0.0149631 0.0506967 0.456234
0 0.72878 0.661704 0.0183177 0.0588822 0.44932
0 0.541344 0.298997 0.0113123 0.0421536 0.446506
9 0.5821 0.582642 0.0148992 0.0572296 0.441228
9 0.782013 0.313918 0.0307652 0.0345904 0.433371
6 0.532233 0.799067 0.06184 0.0767403 0.428663
6 0.474662 0.11844 0.0306953 0.034644 0.42552
6 0.597474 0.399165 0.019769 0.0572822 0.40268
6 0.761023 0.370383 0.0451233 0.0376946 0.389849
9 0.905172 0.450388 0.027714 0.0343422 0.387516
4 0.186215 0.941846 0.252719 0.111685 0.380362
9 0.759775 0.277982 0.0230622 0.0356017 0.37368
0 0.451675 0.601079 0.0188637 0.0642512 0.365951
9 0.805756 0.332637 0.0206266 0.0362401 0.357664
9 0.429553 0.178301 0.0324486 0.0346848 0.356457
6 0.484643 0.399202 0.0614735 0.0669465 0.355559
0 0.526697 0.300649 0.013089 0.0462949 0.352622
7 0.68536 0.0299577 0.0291488 0.0391716 0.338089
6 0.538926 0.487722 0.0287376 0.0570491 0.334402
9 0.878282 0.580616 0.0285061 0.0406243 0.332567
9 0.537832 0.439949 0.0325457 0.0394578 0.316684
9 0.562686 0.293953 0.0172584 0.0338568 0.315459
7 0.257824 0.764759 0.0958776 0.118156 0.314262
1 0.451415 0.569014 0.0180486 0.0652008 0.31104
6 0.133349 0.741101 0.0681242 0.0627864 0.303702
0 0.732053 0.662394 0.0173318 0.0610915 0.284271
1 0.624103 0.459842 0.0166471 0.0501596 0.283637
0 0.449831 0.566163 0.0185599 0.0619197 0.282143
9 0.80327 0.264054 0.0229013 0.0327343 0.274461
9 0.896019 0.641377 0.0298992 0.0383412 0.263891
1 0.776369 0.542657 0.0154918 0.040433 0.263335
0 0.630894 0.0603798 0.00802428 0.0270584 0.261306
0 0.726078 0.660283 0.0152555 0.0575452 0.260747
6 0.409501 0.636206 0.0512442 0.0563166 0.260423
0 0.535961 0.268077 0.0101624 0.0375258 0.256941
1 0.595824 0.387752 0.0163998 0.0515475 0.2526
