3 0.522455 0.960563 0.043751 0.0348099 0.785885
9 0.585291 0.836666 0.00808563 0.0262252 0.46802
9 0.571464 0.612393 0.00794643 0.0230175 0.458249
9 0.625569 0.905508 0.00830889 0.0256873 0.369895
9 0.595563 0.412898 0.00746918 0.0302134 0.333963
4 0.63333 0.314698 0.0169087 0.0813114 0.327562
9 0.586766 0.336686 0.00663927 0.0287425 0.325145
3 0.519793 0.991517 0.0339451 0.0169668 0.293416
9 0.574542 0.359274 0.00634661 0.0205425 0.292782
9 0.572039 0.609432 0.00677625 0.0212137 0.290816
9 0.566755 0.498226 0.00791491 0.0216818 0.288122
0 0.597641 0.530382 0.00785819 0.0197812 0.280031
0 0.586906 0.530742 0.00572471 0.0238637 0.257499
