0 0.41762 0.488492 0.0126943 0.0174108 0.627228
0 0.642577 0.340707 0.0093444 0.0184831 0.609508
0 0.627829 0.395875 0.0101503 0.0189114 0.590923
0 0.627786 0.378507 0.00926191 0.0198354 0.570231
0 0.844713 0.214197 0.0151174 0.0223743 0.561422
0 0.503835 0.408585 0.0120092 0.0206371 0.558623
0 0.331261 0.509204 0.0132852 0.0232952 0.543731
0 0.420465 0.576416 0.0110503 0.0233664 0.534661
0 0.532956 0.42768 0.0147527 0.0192076 0.521756
0 0.317465 0.467917 0.0122166 0.0198996 0.504691
0 0.339132 0.480578 0.0122607 0.0180503 0.500791
0 0.518334 0.452894 0.0140772 0.017621 0.498991
0 0.413226 0.535669 0.0121923 0.0210205 0.466656
0 0.485144 0.710609 0.00834045 0.0268286 0.464127
0 0.641639 0.317023 0.0111633 0.019847 0.461028
0 0.391574 0.506817 0.0121331 0.0255063 0.455483
0 0.366474 0.579597 0.0110356 0.017621 0.448366
0 0.0438541 0.751382 0.0201348 0.0206931 0.447107
0 0.358668 0.437157 0.0148386 0.0166182 0.447052
0 0.448488 0.59673 0.0104839 0.0187582 0.441083
0 0.359269 0.493976 0.0126651 0.0203367 0.43298
0 0.282444 0.596116 0.0146705 0.0199214 0.431928
0 0.623012 0.316942 0.0128069 0.0197273 0.43173
0 0.932682 0.131934 0.0169774 0.0254939 0.418977
0 0.584693 0.310307 0.00928362 0.0211715 0.413951
0 0.410892 0.422513 0.0111864 0.0195831 0.403498
0 0.555748 0.337948 0.0114124 0.0233361 0.395856
0 0.667482 0.598412 0.0111698 0.0337678 0.385172
0 0.016596 0.749649 0.0267895 0.0207716 0.384483
0 0.392769 0.462171 0.0140189 0.0166714 0.381493
0 0.293703 0.622078 0.012558 0.0175578 0.380679
0 0.699369 0.215165 0.0143927 0.0238859 0.377781
0 0.663944 0.346935 0.0116658 0.0207165 0.376121
0 0.434149 0.552173 0.010067 0.0283566 0.368076
0 0.422718 0.611602 0.00978524 0.0206339 0.365588
0 0.492143 0.65368 0.0097103 0.0145839 0.362797
0 0.416564 0.450113 0.0130819 0.0193257 0.355248
0 0.523035 0.328265 0.00938729 0.0243592 0.350411
0 0.366603 0.493602 0.0132296 0.0202565 0.343466
0 0.468914 0.360219 0.0125585 0.0207625 0.342306
0 0.506233 0.699793 0.00849378 0.0297 0.34026
0 0.370636 0.516113 0.0110519 0.0203869 0.33913
0 0.398703 0.544962 0.0105014 0.0207313 0.335048
0 0.818648 0.146591 0.0127282 0.0241391 0.334625
0 0.445486 0.46832 0.0120392 0.0192869 0.332364
0 0.0175074 0.826442 0.0207785 0.0190566 0.327658
0 0.538482 0.462877 0.0109495 0.0171935 0.321577
0 0.445997 0.483354 0.0117136 0.024944 0.315441
0 0.486998 0.50521 0.0132917 0.0230535 0.314983
0 0.580109 0.32784 0.0111408 0.020711 0.30806
0 0.578883 0.426619 0.00996416 0.0178508 0.307735
0 0.66652 0.24886 0.0124826 0.0230347 0.306861
0 0.964789 0.0888089 0.019423 0.028869 0.294374
0 0.642059 0.344434 0.00933533 0.0219567 0.293349
0 0.501369 0.324777 0.0109289 0.0212182 0.290017
0 0.304685 0.490952 0.0127873 0.0209131 0.287995
0 0.411177 0.447739 0.0145176 0.0202868 0.284751
0 0.461244 0.662016 0.0103158 0.0304246 0.27981
0 0.411763 0.425014 0.0118902 0.0205792 0.272129
0 0.373193 0.615364 0.0099986 0.0183576 0.262028
0 0.0182404 0.755123 0.0272184 0.0250397 0.260419
0 0.466867 0.443285 0.0149855 0.0224253 0.258359
0 0.351687 0.551745 0.0120006 0.0258798 0.253303
0 0.595757 0.263568 0.0106745 0.022576 0.2508
