3 0.383887 0.535174 0.051557 0.0713035 0.883115
3 0.439785 0.468292 0.0444536 0.0686318 0.875999
3 0.494327 0.405676 0.0473111 0.065122 0.875995
3 0.466646 0.380302 0.0486873 0.0643905 0.875324
3 0.406628 0.56632 0.0497095 0.0797132 0.871092
3 0.621017 0.360941 0.0481855 0.0685698 0.865902
3 0.414096 0.443475 0.0492467 0.0679668 0.861033
3 0.497899 0.457153 0.0457702 0.0637321 0.858341
4 0.455148 0.64676 0.0569383 0.0960032 0.843468
3 0.511039 0.563497 0.0422975 0.0729369 0.840108
3 0.741073 0.160409 0.0396223 0.0580039 0.836831
3 0.569851 0.422583 0.0419754 0.0650393 0.829296
3 0.434988 0.608825 0.0548132 0.0814596 0.815286
3 0.559817 0.38194 0.0416628 0.0547373 0.813492
4 0.356254 0.51459 0.0489422 0.0799018 0.809235
3 0.557199 0.326983 0.0411587 0.0644224 0.806374
3 0.631337 0.0768203 0.0384426 0.0500465 0.788908
3 0.394284 0.367005 0.0673245 0.0844397 0.781524
3 0.515563 0.497125 0.0392906 0.0656433 0.730257
8 0.553625 0.202974 0.0432661 0.0595458 0.591308
3 0.891444 0.0183306 0.0449765 0.0366611 0.344164
0 0.117212 0.134244 0.00746763 0.0225398 0.294115
0 0.426764 0.734765 0.0124388 0.0282244 0.290072
0 0.50408 0.904699 0.0102272 0.0296209 0.262473
