3 0.363455 0.676513 0.0209804 0.0583605 0.82165
3 0.364637 0.511361 0.0183436 0.0413532 0.814204
3 0.364457 0.560173 0.0191951 0.0473653 0.813713
3 0.362068 0.60926 0.0200396 0.0506132 0.786397
3 0.362883 0.178427 0.0128479 0.0234393 0.720047
3 0.419217 0.160847 0.0116945 0.0208712 0.712044
3 0.413963 0.106322 0.0108114 0.0197707 0.674938
9 0.479056 0.773605 0.0220552 0.0181815 0.66589
9 0.476122 0.746454 0.0207749 0.0190852 0.660456
3 0.362974 0.377929 0.017321 0.0316533 0.605254
3 0.416882 0.138764 0.0111832 0.0216724 0.602261
3 0.360574 0.0634399 0.0107116 0.0222001 0.597344
3 0.408759 0.0400497 0.0101959 0.0177943 0.575304
3 0.447857 0.268409 0.0135737 0.0286755 0.564101
9 0.468671 0.644014 0.0151271 0.011779 0.541544
9 0.469979 0.671183 0.0193222 0.0161733 0.539229
3 0.360942 0.253118 0.0162162 0.0258147 0.536216
3 0.358646 0.140909 0.0155834 0.0218339 0.496601
3 0.406464 0.0250387 0.00820369 0.0178508 0.495281
3 0.359868 0.0397484 0.0102691 0.0179204 0.47553
3 0.410634 0.0750117 0.00996072 0.0214597 0.475234
3 0.361297 0.082273 0.011101 0.0181022 0.474478
3 0.3591 0.0259965 0.00987425 0.0205528 0.474033
3 0.411362 0.0800491 0.00986053 0.0184902 0.467153
3 0.364136 0.335347 0.014842 0.0327199 0.45683
3 0.408996 0.0478507 0.0111105 0.0214482 0.435864
3 0.360785 0.474663 0.0196244 0.0318085 0.422477
3 0.421959 0.183429 0.0113317 0.0247832 0.41802
0 0.4815 0.834808 0.00662088 0.01946 0.410092
3 0.360532 0.0791122 0.0109976 0.0204462 0.409744
3 0.42164 0.17916 0.011167 0.0276375 0.408387
3 0.360564 0.118801 0.0113258 0.0222412 0.407449
9 0.465275 0.631264 0.0196911 0.0131355 0.40038
3 0.416349 0.130803 0.0110863 0.0171049 0.398805
3 0.409494 0.0512267 0.00999529 0.0175803 0.391293
3 0.360582 0.122397 0.0116397 0.0201928 0.380614
3 0.356437 0.00867687 0.0129974 0.0166779 0.376791
3 0.360861 0.226808 0.0156542 0.0239089 0.364292
3 0.358063 0.0205483 0.0103086 0.0181406 0.356438
3 0.359357 0.148192 0.0144205 0.0224157 0.346921
3 0.360904 0.202197 0.0157489 0.0230496 0.338698
9 0.471985 0.706413 0.0189127 0.0185523 0.333614
9 0.460065 0.585972 0.0173384 0.0128794 0.332249
9 0.460842 0.59219 0.0176608 0.0126829 0.327213
9 0.442615 0.414721 0.014339 0.0135599 0.305287
3 0.36124 0.0873243 0.0109164 0.0189525 0.292515
0 0.480012 0.833499 0.00703356 0.0189333 0.292015
3 0.360333 0.0475912 0.0106954 0.0229901 0.279307
3 0.36196 0.449207 0.0205488 0.0212163 0.272633
3 0.418072 0.146773 0.0115108 0.0228386 0.270301
9 0.362089 0.798316 0.0236351 0.0158322 0.263475
9 0.461992 0.59376 0.0178244 0.0118144 0.259674
