3 0.239007 0.263142 0.177487 0.158197 0.921927
3 0.933129 0.802509 0.133741 0.183067 0.912135
9 0.439538 0.75269 0.0365648 0.120786 0.824399
9 0.470512 0.579628 0.0288203 0.124091 0.763533
9 0.683651 0.180303 0.0397361 0.097747 0.7597
9 0.675934 0.0736884 0.0399056 0.093747 0.732422
9 0.50926 0.696656 0.0283777 0.106903 0.703687
1 0.508754 0.675161 0.0256905 0.0651698 0.67337
2 0.126722 0.236118 0.0560081 0.0658108 0.668566
9 0.82997 0.0781125 0.0591133 0.0751046 0.658635
9 0.401355 0.602131 0.0224377 0.0969521 0.636539
0 0.494254 0.0786195 0.0181509 0.0751043 0.592828
1 0.470239 0.555786 0.0260338 0.0768917 0.563548
6 0.622355 0.135348 0.0438409 0.174163 0.543414
9 0.753722 0.114329 0.0391728 0.0869238 0.520581
6 0.746768 0.502773 0.0642422 0.0909847 0.516102
0 0.722744 0.697654 0.0316902 0.0402101 0.511547
9 0.810247 0.043399 0.0465328 0.0661999 0.459958
6 0.814569 0.861504 0.135504 0.105558 0.457857
6 0.805332 0.742286 0.131765 0.134585 0.422248
9 0.720488 0.0460821 0.0394246 0.0659938 0.418371
4 0.806735 0.741157 0.129391 0.138799 0.413894
9 0.691096 0.110747 0.0346399 0.0861319 0.403697
5 0.264204 0.920371 0.164292 0.159186 0.385886
1 0.443031 0.719199 0.0250662 0.0508631 0.372764
9 0.721255 0.0270301 0.0433046 0.0540603 0.358813
6 0.0980434 0.704578 0.0697823 0.11865 0.349849
1 0.508776 0.691904 0.0262883 0.0976697 0.344203
6 0.939551 0.137109 0.0506682 0.170233 0.326552
0 0.753284 0.707405 0.0190336 0.0439639 0.320727
9 0.760769 0.0975584 0.0505384 0.11583 0.308582
1 0.470331 0.572652 0.0276287 0.110331 0.299901
9 0.821247 0.0462378 0.0664891 0.0693337 0.270994
9 0.724387 0.820679 0.0333129 0.152106 0.250843
