7 0.256433 0.161928 0.0420386 0.0578884 0.781385
0 0.518768 0.395835 0.00853472 0.0302873 0.763219
0 0.564965 0.348377 0.0111959 0.034483 0.695791
0 0.582261 0.408126 0.00936101 0.0336375 0.655825
0 0.291412 0.983411 0.0148175 0.0224809 0.640065
0 0.410273 0.0362714 0.0100756 0.0335722 0.612366
0 0.566445 0.429754 0.00949232 0.035688 0.579295
0 0.42692 0.228268 0.00938542 0.0438519 0.572851
0 0.928415 0.594571 0.0189373 0.0302374 0.570458
0 0.540698 0.477254 0.0091377 0.0358137 0.569347
7 0.384474 0.106491 0.0209647 0.0558918 0.561467
0 0.494551 0.211066 0.0100308 0.0374005 0.557954
0 0.559778 0.482834 0.0101664 0.0288073 0.554402
9 0.950815 0.520697 0.0280854 0.0411948 0.529514
0 0.607976 0.590924 0.0147663 0.0311924 0.504613
0 0.86179 0.6136 0.0130741 0.0333154 0.499361
0 0.906938 0.587582 0.0182675 0.0324291 0.498796
0 0.39036 0.157018 0.00966749 0.0352437 0.490409
0 0.410412 0.182404 0.0111369 0.0436682 0.478212
0 0.709693 0.768178 0.0111837 0.0263211 0.477359
0 0.744796 0.850491 0.0151364 0.0293637 0.470031
0 0.466095 0.226024 0.0091483 0.0334378 0.462451
0 0.377208 0.155157 0.00930939 0.0321775 0.45777
0 0.749489 0.705912 0.0120631 0.0296317 0.456837
9 0.510471 0.133945 0.0240942 0.0286702 0.453669
9 0.87456 0.567973 0.0292447 0.0355175 0.445504
9 0.908405 0.511128 0.0242809 0.0397253 0.439717
7 0.238975 0.231524 0.0409887 0.0555589 0.435594
7 0.448216 0.21435 0.0185956 0.0508481 0.409797
9 0.951157 0.544845 0.0255409 0.0401192 0.391809
0 0.507099 0.201397 0.0110756 0.0361796 0.373416
0 0.614328 0.585879 0.0101307 0.0317678 0.371286
9 0.546594 0.224806 0.024749 0.0324144 0.370138
0 0.547739 0.480152 0.0152211 0.0385563 0.368935
7 0.257481 0.119958 0.0425086 0.0589619 0.347521
7 0.299307 0.118769 0.0345112 0.0519648 0.344315
7 0.524677 0.532588 0.0386957 0.0691947 0.332513
9 0.495108 0.0745882 0.0285846 0.0351467 0.331566
9 0.498091 0.0895143 0.0251646 0.0316213 0.328436
0 0.298938 0.343202 0.0104704 0.0309604 0.322517
0 0.514023 0.211584 0.00974867 0.0326645 0.322269
9 0.535763 0.192651 0.023388 0.0278271 0.316976
0 0.414834 0.0308275 0.0087776 0.032461 0.315478
9 0.89743 0.513024 0.0349052 0.0390855 0.310555
9 0.507148 0.11483 0.0237375 0.030151 0.297052
0 0.473811 0.205541 0.0101769 0.0309887 0.296325
7 0.590002 0.62213 0.0465506 0.100463 0.293617
9 0.480617 0.0596581 0.0366244 0.0432236 0.293436
0 0.475839 0.207081 0.0108465 0.0317522 0.292873
0 0.421953 0.035288 0.0104782 0.0344801 0.285773
0 0.316666 0.322146 0.009657 0.0325942 0.284009
9 0.523639 0.169324 0.0256336 0.0278964 0.282791
0 0.500919 0.412419 0.0107544 0.0299369 0.281393
0 0.881826 0.652558 0.0136848 0.0226517 0.25973
0 0.753119 0.894554 0.0152191 0.03218 0.257618
