7 0.456583 0.775812 0.0321065 0.0518982 0.915428
5 0.430055 0.630136 0.0309747 0.0547515 0.906343
7 0.43451 0.869424 0.018446 0.051053 0.903452
5 0.632962 0.68631 0.164895 0.110577 0.898696
3 0.919812 0.600907 0.0434635 0.038004 0.830863
3 0.422429 0.549595 0.022655 0.0319042 0.822093
5 0.949602 0.673142 0.100796 0.0740517 0.812114
4 0.120405 0.688166 0.0383825 0.058352 0.802212
5 0.0674346 0.797989 0.134869 0.129558 0.800714
3 0.222102 0.663464 0.0330262 0.0474082 0.799109
3 0.0808526 0.702955 0.0369327 0.0575117 0.795435
0 0.39623 0.809291 0.00819951 0.0329409 0.764956
4 0.165878 0.829861 0.0530418 0.0669966 0.748375
3 0.402238 0.551854 0.0220476 0.0317984 0.746288
7 0.240668 0.609968 0.0307739 0.0335371 0.742509
9 0.305779 0.875585 0.0215592 0.0280083 0.669262
9 0.511999 0.812325 0.0169158 0.0269808 0.605635
6 0.815575 0.689075 0.0281715 0.0314004 0.587931
6 0.8007 0.978792 0.040967 0.0400257 0.507244
6 0.46236 0.874238 0.0147866 0.0404705 0.459992
9 0.299431 0.589455 0.0198517 0.0214116 0.41132
1 0.513446 0.807472 0.0110857 0.0282036 0.361749
9 0.720478 0.772718 0.0194733 0.0240596 0.359683
1 0.364827 0.854892 0.00883806 0.0325392 0.343004
9 0.364706 0.856188 0.00999263 0.031406 0.326739
5 0.0376138 0.290258 0.0530598 0.034905 0.324294
5 0.0784771 0.244189 0.0403307 0.0250114 0.296879
9 0.104854 0.636639 0.0184267 0.0214796 0.296638
6 0.54792 0.963334 0.0198589 0.0455144 0.293436
9 0.351276 0.862761 0.0100456 0.0293547 0.286544
5 0.0372536 0.252298 0.0462158 0.0233469 0.28514
6 0.536642 0.796359 0.0241545 0.0305562 0.280429
6 0.0677641 0.655791 0.0186186 0.0304003 0.268818
0 0.375546 0.831668 0.0116021 0.0338755 0.264483
9 0.776231 0.404968 0.0115005 0.0160705 0.262659
4 0.0232577 0.376468 0.0230441 0.0211066 0.262392
3 0.412547 0.296127 0.0135776 0.0157234 0.260562
9 0.375585 0.833213 0.0115312 0.0328157 0.258904
1 0.715648 0.761325 0.00800605 0.0290589 0.257611
9 0.46183 0.873365 0.014251 0.040092 0.256467
