3 0.178896 0.844907 0.117938 0.101538 0.905675
3 0.0618794 0.853899 0.123759 0.102901 0.904191
5 0.484138 0.584254 0.0441853 0.171036 0.881877
3 0.549696 0.790407 0.0438722 0.123997 0.880356
3 0.522421 0.28974 0.0196895 0.0399379 0.83424
5 0.543227 0.604646 0.0450081 0.166923 0.833268
3 0.547569 0.281555 0.0192043 0.0421298 0.817742
3 0.446003 0.21615 0.016619 0.0345191 0.815147
3 0.446021 0.291905 0.0210625 0.0443906 0.811136
3 0.490408 0.293378 0.0206189 0.0476598 0.805319
5 0.474939 0.149504 0.0223501 0.057946 0.801657
3 0.530095 0.389692 0.0252807 0.050746 0.775845
3 0.15676 0.687919 0.110071 0.0711833 0.772537
3 0.52295 0.255265 0.0170061 0.031698 0.740846
3 0.540462 0.237448 0.0175426 0.0322192 0.738174
5 0.42791 0.465024 0.0469303 0.123239 0.733388
3 0.476831 0.0676668 0.0135982 0.0261211 0.712867
3 0.475309 0.112801 0.0129149 0.0224734 0.641063
3 0.524839 0.0730828 0.0124416 0.023521 0.534451
3 0.478877 0.0431148 0.0144373 0.0225084 0.50136
3 0.527099 0.113264 0.0126787 0.0240484 0.456138
3 0.470002 0.228273 0.0173544 0.0413097 0.452464
0 0.591558 0.507101 0.00857047 0.0379461 0.376141
7 0.527313 0.12996 0.0145014 0.0315465 0.355488
3 0.521788 0.04114 0.0122305 0.0209262 0.287348
0 0.455787 0.26325 0.00650979 0.0283453 0.250585
