5 0.51121 0.652814 0.0528713 0.190548 0.925787
5 0.478591 0.472261 0.0362929 0.125475 0.870646
5 0.53582 0.832815 0.0322256 0.0726643 0.863052
3 0.57646 0.523111 0.0357092 0.0267728 0.85458
3 0.402094 0.759488 0.0231245 0.0644935 0.852922
3 0.60144 0.613186 0.0417699 0.027315 0.851898
3 0.56375 0.806828 0.0296364 0.0696083 0.840827
5 0.318852 0.531141 0.0583654 0.0487487 0.773662
3 0.546789 0.339711 0.0275004 0.0181242 0.771874
5 0.0331924 0.351462 0.0504422 0.0288731 0.753271
3 0.340182 0.328849 0.0200082 0.0155052 0.717759
5 0.536054 0.490914 0.0217947 0.0504785 0.713349
3 0.927905 0.205101 0.0192895 0.0127241 0.708821
5 0.469356 0.264737 0.0167881 0.0562502 0.67595
3 0.433855 0.371019 0.0122047 0.0266157 0.621197
5 0.461452 0.193027 0.014916 0.0457868 0.614413
5 0.44778 0.201663 0.0152916 0.0524663 0.614196
5 0.450495 0.241123 0.0158275 0.0469331 0.604581
5 0.0375329 0.329091 0.0475895 0.0244053 0.601417
9 0.610774 0.645161 0.0196005 0.0169339 0.581498
8 0.47787 0.335194 0.0234776 0.0722285 0.565273
5 0.419482 0.19769 0.0136841 0.0230343 0.555386
3 0.444686 0.119574 0.0067749 0.0112693 0.55182
3 0.536139 0.300082 0.0116201 0.0197163 0.541632
5 0.0333188 0.33204 0.0525027 0.0254149 0.516008
5 0.473052 0.397815 0.0167353 0.0299392 0.472717
3 0.719277 0.195444 0.0226992 0.0128441 0.471218
3 0.956831 0.195604 0.0175865 0.0126495 0.46105
3 0.742802 0.195244 0.0198578 0.0131227 0.458528
3 0.472635 0.144686 0.00878126 0.0125238 0.440177
5 0.0289724 0.340607 0.0560544 0.0299735 0.410132
3 0.445996 0.108978 0.00682029 0.0109414 0.410085
3 0.991393 0.194756 0.016966 0.0117587 0.36638
3 0.764596 0.196871 0.0207897 0.0130736 0.35832
5 0.035721 0.336592 0.0506616 0.022224 0.353294
5 0.477757 0.335074 0.0230225 0.0714855 0.342224
5 0.445533 0.144477 0.00946799 0.0332034 0.330604
9 0.306718 0.353168 0.0142944 0.0150248 0.323621
9 0.618598 0.590251 0.0108511 0.0134588 0.319974
3 0.0140352 0.30652 0.0272647 0.0162174 0.315266
3 0.893575 0.164557 0.0115622 0.012487 0.311316
3 0.464835 0.10743 0.00843349 0.0115409 0.302649
3 0.455077 0.114879 0.00817945 0.0139341 0.297605
5 0.443827 0.0797297 0.00747912 0.0133553 0.294211
3 0.514653 0.238853 0.0160584 0.0146248 0.287551
9 0.535946 0.419391 0.0119738 0.0128423 0.282119
3 0.956761 0.203118 0.0235755 0.0129698 0.280887
3 0.460857 0.153494 0.0068239 0.0132674 0.264631
5 0.443514 0.145902 0.0120646 0.0312581 0.260887
3 0.0269822 0.302776 0.0236229 0.016257 0.256785
