0 0.317474 0.183233 0.0140337 0.0302533 0.776113
0 0.434261 0.245885 0.0117905 0.0285139 0.772678
0 0.327763 0.164391 0.0124908 0.0291063 0.747635
9 0.235603 0.35668 0.0144139 0.0400633 0.696402
0 0.502 0.362914 0.00963802 0.0282794 0.694165
9 0.3556 0.133988 0.0140019 0.044715 0.674956
9 0.404297 0.459254 0.0106949 0.044512 0.663337
9 0.175236 0.0816084 0.0318806 0.0384086 0.629664
0 0.0733257 0.0854934 0.0174658 0.0408047 0.619118
9 0.179761 0.0839327 0.0283526 0.0343539 0.618141
0 0.581069 0.330791 0.0100399 0.0264448 0.617741
9 0.175823 0.313811 0.020732 0.0472624 0.595799
9 0.470906 0.506593 0.0141703 0.0397217 0.574792
9 0.196688 0.324237 0.0161475 0.0498946 0.558331
9 0.408322 0.369783 0.0159445 0.0474977 0.556806
9 0.304709 0.381831 0.0176969 0.0419691 0.555609
9 0.333722 0.412483 0.0157841 0.0518227 0.554396
9 0.250761 0.369357 0.0174903 0.0533752 0.548458
9 0.428167 0.469387 0.00885219 0.0413397 0.548361
9 0.220975 0.262438 0.015089 0.0426821 0.546284
0 0.0566011 0.0876311 0.0161732 0.0395877 0.545962
0 0.818504 0.494003 0.014633 0.0233506 0.539591
9 0.259659 0.286768 0.0156265 0.044395 0.530533
9 0.153281 0.237615 0.0139554 0.0470245 0.524076
9 0.446921 0.474262 0.0129514 0.0456984 0.523679
9 0.334132 0.0947781 0.0131443 0.0487371 0.521931
0 0.23601 0.187827 0.0164871 0.0330104 0.51579
0 0.554746 0.20569 0.00991189 0.0323346 0.508572
9 0.270163 0.373008 0.0163063 0.0561662 0.507114
9 0.380729 0.465589 0.0188301 0.0382663 0.503763
9 0.203224 0.257708 0.0164202 0.0497455 0.50098
9 0.214055 0.304234 0.0164546 0.0492422 0.495214
0 0.527604 0.330672 0.00877494 0.0275712 0.489862
0 0.518237 0.345112 0.0113164 0.0374541 0.484259
9 0.23181 0.266647 0.0137582 0.044546 0.476514
9 0.286727 0.427328 0.0240469 0.0485818 0.467895
0 0.488679 0.374922 0.0112422 0.0334156 0.46307
0 0.044312 0.0549437 0.016528 0.0332933 0.463029
9 0.307773 0.308975 0.016586 0.0507918 0.460723
6 0.580695 0.800292 0.029408 0.0333549 0.454579
0 0.0729377 0.0170676 0.0164282 0.0336887 0.450697
9 0.18048 0.247885 0.0172855 0.0467797 0.449733
9 0.485717 0.340772 0.0116513 0.042138 0.449596
9 0.417377 0.463683 0.0107736 0.044189 0.44467
9 0.451152 0.475955 0.0153813 0.0470521 0.439671
9 0.454889 0.552265 0.0128193 0.0476343 0.436016
9 0.370048 0.347277 0.0125994 0.0477158 0.435916
9 0.197244 0.250651 0.0189703 0.0495989 0.435715
9 0.265294 0.374283 0.0176119 0.05764 0.434122
0 0.590453 0.3296 0.0101398 0.0259059 0.4335
0 0.833721 0.52492 0.0186233 0.023333 0.433424
0 0.531601 0.294193 0.00895874 0.0299615 0.432916
9 0.354778 0.489576 0.0150142 0.0412075 0.429012
0 0.0286521 0.0182387 0.0214306 0.0360715 0.428728
9 0.204889 0.0312299 0.0119848 0.0493464 0.426063
9 0.417131 0.374484 0.0117603 0.0455328 0.424739
9 0.13156 0.245743 0.0170041 0.0392435 0.424158
9 0.456145 0.390369 0.0218803 0.059083 0.4238
0 0.233187 0.212637 0.0148366 0.0270754 0.423048
9 0.472388 0.563201 0.0136694 0.0467716 0.422368
9 0.345309 0.423429 0.0105554 0.0404605 0.413554
9 0.215144 0.261783 0.015489 0.0429879 0.413119
9 0.155578 0.23963 0.0145473 0.0502536 0.413104
0 0.0356562 0.0460357 0.0224815 0.0387978 0.412098
9 0.338359 0.320666 0.0111402 0.0474679 0.41106
9 0.201097 0.254166 0.0166895 0.0548826 0.409213
9 0.434192 0.469811 0.0114843 0.0444334 0.408932
9 0.482539 0.581043 0.0131594 0.0371818 0.407862
9 0.360026 0.349582 0.0115812 0.0502677 0.404281
9 0.42793 0.526819 0.0114952 0.0433553 0.401558
9 0.412675 0.373786 0.0110985 0.0466811 0.396994
9 0.271979 0.399695 0.0160636 0.0453465 0.394816
9 0.245901 0.285039 0.0166335 0.0453514 0.394613
9 0.114381 0.0781939 0.0185558 0.0383698 0.391605
0 0.0679827 0.0815788 0.0212945 0.0419548 0.389955
9 0.373785 0.352497 0.0116235 0.0470623 0.389418
0 0.784499 0.432054 0.013606 0.0253871 0.385746
9 0.345454 0.457566 0.0154129 0.0445169 0.384162
0 0.357064 0.270809 0.0140791 0.0282275 0.37967
0 0.122338 0.014635 0.0208083 0.02927 0.379285
6 0.164295 0.563167 0.0397455 0.0876644 0.378939
0 0.546069 0.138233 0.0117751 0.0440196 0.375292
9 0.441396 0.383514 0.0112961 0.05237 0.372406
9 0.405962 0.370904 0.0130021 0.0462275 0.365624
9 0.278873 0.296238 0.0184107 0.0528638 0.364599
9 0.30404 0.305446 0.0169555 0.0494364 0.361942
0 0.935511 0.527898 0.0169702 0.019579 0.361337
0 0.915558 0.538666 0.0162163 0.0208379 0.358205
9 0.333981 0.348994 0.0142663 0.0491374 0.357338
9 0.145568 0.301018 0.0163298 0.0431845 0.357279
0 0.285797 0.212301 0.00989668 0.035732 0.355841
9 0.272345 0.291298 0.0162423 0.0515724 0.353759
9 0.260476 0.414383 0.0138939 0.0457565 0.351781
9 0.311498 0.313432 0.0157957 0.046598 0.350635
9 0.442103 0.541319 0.0130878 0.0453739 0.349528
9 0.242643 0.282521 0.0164859 0.0449355 0.348193
9 0.37982 0.353241 0.0134859 0.0459085 0.347335
9 0.194561 0.0335634 0.0117659 0.0469792 0.344139
9 0.326805 0.458684 0.0146033 0.0455921 0.343137
0 0.771542 0.474352 0.0117403 0.0231449 0.342231
0 0.549118 0.294559 0.0108287 0.0254525 0.328583
9 0.182509 0.360909 0.0168923 0.0424505 0.325686
0 0.0920603 0.040461 0.0160903 0.0334337 0.323514
0 0.764084 0.495131 0.0127441 0.0230331 0.321192
9 0.425582 0.526197 0.0102705 0.0466897 0.31607
9 0.2907 0.312079 0.0207734 0.0463789 0.315513
9 0.362357 0.346967 0.0112372 0.0514615 0.31526
9 0.373583 0.139262 0.0129109 0.0406453 0.314999
9 0.28643 0.306632 0.0156686 0.0554874 0.312584
9 0.388133 0.354435 0.0113871 0.0430194 0.310489
9 0.41478 0.524958 0.0123696 0.0467771 0.306715
9 0.340484 0.347141 0.0147599 0.0520357 0.306331
9 0.286026 0.393767 0.0176566 0.0426892 0.305659
9 0.143395 0.296681 0.0196133 0.0489816 0.305251
0 0.907444 0.523996 0.0254856 0.0203446 0.305175
9 0.474668 0.328869 0.0119099 0.037268 0.304338
9 0.29389 0.303604 0.0185011 0.0487922 0.303248
9 0.248524 0.372376 0.0199163 0.0620634 0.303032
9 0.114756 0.071963 0.0193492 0.0353776 0.302161
9 0.309896 0.425041 0.0181812 0.0485499 0.298925
9 0.337818 0.0933059 0.0119757 0.0454774 0.298049
9 0.468779 0.50526 0.0138662 0.0392868 0.297728
0 0.409682 0.312391 0.0115291 0.0400398 0.295862
9 0.235278 0.275691 0.0142103 0.0465971 0.292507
9 0.355288 0.313718 0.0106041 0.0412311 0.288776
0 0.0396958 0.0529914 0.0237411 0.0360665 0.288141
9 0.469905 0.412057 0.0119053 0.0403964 0.287983
0 0.54879 0.174348 0.0124986 0.0378679 0.287025
0 0.063946 0.0832802 0.0232642 0.0419645 0.285645
9 0.16023 0.241791 0.0182467 0.049174 0.28471
9 0.431617 0.471024 0.0115855 0.040948 0.284695
9 0.354688 0.481997 0.0159217 0.0469851 0.282708
9 0.351041 0.324551 0.0113385 0.0470277 0.282704
0 0.430756 0.212853 0.0131008 0.028607 0.282546
9 0.433413 0.374844 0.0120764 0.042167 0.281946
9 0.163426 0.243501 0.0133206 0.0487561 0.278465
9 0.280233 0.396639 0.0233956 0.0456173 0.278309
0 0.092451 0.0187694 0.0169487 0.0321927 0.275926
9 0.376084 0.142494 0.0157633 0.0470181 0.275679
9 0.324331 0.0918397 0.0115269 0.0530467 0.275549
0 0.285617 0.223921 0.0112941 0.0370943 0.274491
9 0.325287 0.0967346 0.0108469 0.0431321 0.273275
9 0.423665 0.377076 0.0121107 0.0480932 0.27284
9 0.358717 0.429938 0.0128679 0.0421567 0.27159
9 0.181594 0.0787981 0.0198904 0.0422708 0.269718
9 0.750063 0.448046 0.0157104 0.036283 0.268149
9 0.444528 0.543942 0.0113205 0.0471445 0.267156
9 0.477876 0.480159 0.0105579 0.0505236 0.265699
9 0.370661 0.427588 0.0097791 0.0294884 0.265495
9 0.44001 0.386889 0.0114781 0.0510355 0.26472
9 0.333593 0.320515 0.012824 0.0486129 0.264522
0 0.892687 0.573068 0.0200852 0.0200417 0.263476
9 0.275393 0.290826 0.0144756 0.0435172 0.258164
9 0.393929 0.138501 0.0127514 0.0372367 0.25736
0 0.607951 0.646501 0.0106268 0.0313727 0.255144
9 0.296211 0.385224 0.0149772 0.0450916 0.254976
9 0.324444 0.105793 0.0114209 0.0385162 0.252127
