0 0.556325 0.0843549 0.00834712 0.0279905 0.668967
0 0.490547 0.151364 0.0068532 0.0227664 0.611971
0 0.590239 0.0300356 0.00729723 0.0268893 0.591745
0 0.589547 0.0613494 0.00849173 0.027172 0.570667
0 0.321161 0.407208 0.0121354 0.0205409 0.532046
0 0.468398 0.356801 0.00935233 0.0268949 0.441825
0 0.582467 0.0266855 0.00712014 0.0288285 0.430535
0 0.256994 0.825878 0.0115734 0.0182219 0.41523
0 0.449049 0.399054 0.010607 0.0217107 0.410313
0 0.482322 0.183245 0.0083044 0.0268694 0.40017
0 0.334303 0.68814 0.00932918 0.0182327 0.397757
0 0.465112 0.317476 0.00820997 0.0251862 0.395074
0 0.579481 0.0949661 0.00919839 0.0249592 0.39029
0 0.583026 0.118658 0.00716592 0.0216218 0.376541
0 0.450746 0.398289 0.0110434 0.022179 0.363291
0 0.567738 0.0173873 0.00842826 0.0300338 0.35979
7 0.395305 0.430441 0.0176034 0.0555523 0.349594
0 0.505384 0.182916 0.0101848 0.0286146 0.344335
9 0.216493 0.872127 0.0167408 0.0253304 0.336591
0 0.330442 0.659537 0.0108634 0.013987 0.331317
9 0.206365 0.923526 0.0151678 0.0214616 0.326542
0 0.32106 0.64751 0.0121521 0.0183384 0.322556
0 0.196331 0.247721 0.011989 0.0259671 0.321629
9 0.199443 0.953537 0.019254 0.0215278 0.320958
0 0.504835 0.189752 0.00855582 0.0273039 0.319088
0 0.129657 0.152792 0.0139938 0.031724 0.315928
0 0.371122 0.523702 0.00780862 0.0188315 0.309664
0 0.431466 0.435235 0.00830335 0.0188029 0.307565
0 0.484401 0.269927 0.00776101 0.0235362 0.305348
0 0.240032 0.222023 0.010909 0.0290655 0.298245
0 0.548708 0.0508146 0.00996129 0.0213113 0.297507
0 0.420806 0.421794 0.00896702 0.0199577 0.2929
0 0.422153 0.484427 0.00827951 0.0174936 0.289527
0 0.253659 0.240614 0.0115782 0.0216816 0.289128
0 0.369353 0.502232 0.00774235 0.0175688 0.285751
0 0.482973 0.193452 0.00893367 0.0287158 0.285346
0 0.30995 0.673213 0.0126343 0.0156275 0.282505
0 0.12324 0.107239 0.0104075 0.0308769 0.279494
0 0.215556 0.816479 0.0177981 0.0188109 0.27405
9 0.261277 0.90409 0.012391 0.020708 0.270906
0 0.345167 0.705168 0.011101 0.017225 0.262714
9 0.317603 0.699123 0.0128774 0.0216524 0.260977
0 0.347789 0.39694 0.0124293 0.0226876 0.259759
0 0.418651 0.345103 0.0128363 0.0211769 0.256719
