3 0.896624 0.742691 0.127363 0.0871424 0.911227
3 0.730057 0.817029 0.154574 0.110438 0.903387
3 0.507102 0.890656 0.176261 0.129326 0.892167
3 0.754719 0.689679 0.120857 0.0745217 0.844598
3 0.817419 0.491265 0.0477535 0.029278 0.820122
3 0.331622 0.739092 0.14093 0.0800593 0.800201
3 0.697066 0.506653 0.054369 0.0342784 0.791005
3 0.750204 0.544536 0.0666008 0.0347997 0.752781
3 0.534034 0.596234 0.0825583 0.0598002 0.699403
0 0.305354 0.872513 0.0275826 0.0835569 0.670073
3 0.423053 0.61458 0.0927083 0.046728 0.668865
3 0.728447 0.535902 0.0879528 0.0328402 0.643995
3 0.905317 0.504809 0.0485426 0.0285442 0.636893
3 0.389937 0.551374 0.065438 0.0373577 0.614336
3 0.918537 0.478387 0.0442358 0.0228907 0.606798
3 0.60943 0.497821 0.0472284 0.0287291 0.592633
4 0.260911 0.954621 0.1358 0.0905797 0.565112
3 0.968846 0.588597 0.0617965 0.0504453 0.527739
3 0.759154 0.500595 0.0600739 0.0337311 0.512167
3 0.991929 0.557784 0.0158207 0.0377815 0.49662
1 0.228084 0.907356 0.0242203 0.063428 0.494348
0 0.289703 0.874919 0.0188802 0.0880414 0.477116
3 0.987764 0.511211 0.0244722 0.0271889 0.447202
0 0.293287 0.873903 0.0235168 0.0881721 0.418838
3 0.986279 0.485328 0.0270742 0.0234322 0.409077
4 0.534355 0.596102 0.081348 0.0596289 0.391681
4 0.760133 0.500493 0.0570111 0.0348829 0.302572
3 0.986757 0.51682 0.0264859 0.0352044 0.299463
3 0.976199 0.468473 0.0358189 0.0241795 0.274753
3 0.908669 0.488855 0.0396102 0.0210848 0.270387
0 0.283869 0.886339 0.0200562 0.0825145 0.25493
