0 0.0811773 0.242925 0.0171431 0.0263784 0.518964
0 0.732138 0.406082 0.0172899 0.0235898 0.431133
0 0.994178 0.405006 0.0116445 0.0236593 0.428096
0 0.995144 0.424933 0.00971287 0.0214812 0.427602
0 0.252915 0.25896 0.0113158 0.0280264 0.402014
2 0.807181 0.384403 0.0271245 0.0261974 0.369316
0 0.761967 0.403689 0.0177313 0.0216526 0.316418
2 0.807924 0.388768 0.0265125 0.0221983 0.312811
0 0.0823927 0.211448 0.0174023 0.025467 0.310995
0 0.709096 0.775731 0.0128166 0.0308269 0.307454
2 0.260339 0.384861 0.0237623 0.0210956 0.288506
0 0.766392 0.403896 0.020623 0.0249106 0.27672
0 0.306749 0.45033 0.00662718 0.025339 0.273324
0 0.258526 0.380053 0.02002 0.0241511 0.26235
0 0.749674 0.463193 0.0202087 0.0241515 0.257858
2 0.260442 0.389524 0.0243797 0.0209709 0.256913
