0 0.257511 0.906756 0.0143971 0.0334624 0.7401
0 0.32113 0.834085 0.00892066 0.0336853 0.463475
0 0.341086 0.813812 0.0117955 0.0348208 0.463375
0 0.233617 0.986911 0.0168376 0.0205473 0.454987
0 0.223754 0.945837 0.0154228 0.0375313 0.437578
0 0.297397 0.671746 0.00999278 0.0319304 0.427224
0 0.140904 0.948096 0.0181745 0.0320512 0.426006
0 0.150611 0.983813 0.0197263 0.0252712 0.405595
0 0.742152 0.917906 0.00980608 0.0257879 0.396464
0 0.377725 0.236552 0.00741826 0.0320976 0.37922
0 0.378016 0.231576 0.00711517 0.0303778 0.344766
0 0.343975 0.479117 0.010116 0.0341547 0.343469
0 0.226973 0.945242 0.0204463 0.0357551 0.3328
0 0.231196 0.943762 0.0199439 0.0347945 0.330183
7 0.35888 0.367991 0.0153431 0.0549013 0.309602
0 0.389504 0.314966 0.00890311 0.0267582 0.292311
0 0.308573 0.680165 0.0130753 0.0331397 0.290436
