7 0.529263 0.633221 0.0254305 0.0812914 0.930235
3 0.584898 0.445375 0.060048 0.0701409 0.899588
7 0.545761 0.510785 0.0199264 0.0856446 0.85617
6 0.67567 0.800317 0.0395269 0.0877773 0.842502
4 0.594114 0.576752 0.0341497 0.0890232 0.838837
7 0.544806 0.845483 0.0268848 0.120948 0.745638
3 0.348821 0.700566 0.0549672 0.13004 0.71422
6 0.624867 0.493714 0.0260513 0.0493621 0.709124
7 0.480108 0.912594 0.0605123 0.173272 0.686524
6 0.654148 0.669682 0.0260847 0.0938075 0.646398
0 0.669123 0.459059 0.0109247 0.041518 0.607178
6 0.606631 0.923411 0.0213701 0.0795039 0.606889
9 0.508832 0.593339 0.0115753 0.0453426 0.605536
7 0.503605 0.443647 0.0204118 0.050136 0.601732
9 0.635235 0.380195 0.0205955 0.030234 0.593683
9 0.645635 0.862947 0.0193467 0.0611266 0.570951
9 0.430127 0.445904 0.0193371 0.0277895 0.563024
9 0.699463 0.495151 0.0155048 0.0375313 0.54736
9 0.530305 0.433422 0.0126101 0.0292832 0.526792
9 0.60657 0.922543 0.0206623 0.0802474 0.521512
9 0.854065 0.836216 0.017651 0.0490833 0.489014
7 0.601182 0.214817 0.0157947 0.0453193 0.484658
1 0.507315 0.582325 0.0115314 0.03759 0.474634
6 0.715339 0.967376 0.0350998 0.0608882 0.455345
6 0.651393 0.512834 0.0152416 0.0472463 0.455251
1 0.53022 0.422898 0.0089758 0.0370881 0.452758
7 0.616849 0.208088 0.0201697 0.0375155 0.444971
7 0.489227 0.324131 0.0171488 0.0394039 0.422748
9 0.660657 0.563904 0.0159002 0.0400757 0.417032
9 0.51567 0.37678 0.0219931 0.0303239 0.394783
9 0.607244 0.268356 0.0183833 0.0276259 0.383297
7 0.654457 0.66951 0.0253833 0.0954264 0.371724
9 0.862126 0.94411 0.0204849 0.059292 0.349038
9 0.314106 0.822084 0.0304705 0.0470002 0.336407
6 0.619521 0.286421 0.0256573 0.0403023 0.329728
9 0.520222 0.284727 0.0175823 0.0215154 0.311847
1 0.607016 0.907539 0.0190244 0.0486232 0.307886
9 0.715094 0.96661 0.0352888 0.0636577 0.302072
9 0.888592 0.969826 0.0185021 0.0570404 0.296079
3 0.555274 0.37493 0.0254053 0.0666087 0.294589
1 0.578837 0.175699 0.00874982 0.0245983 0.28866
4 0.555407 0.374561 0.0256396 0.0672564 0.285318
0 0.624381 0.473987 0.0118105 0.0387127 0.284634
9 0.660367 0.558557 0.0130525 0.038887 0.283903
0 0.508762 0.226499 0.00745193 0.0309926 0.280479
1 0.64967 0.851924 0.0138814 0.0408065 0.279687
9 0.567715 0.0837628 0.00649285 0.0176869 0.277979
7 0.545921 0.195284 0.0154128 0.0281317 0.271182
1 0.545138 0.143441 0.00636008 0.0228275 0.257397
7 0.629662 0.338886 0.0179462 0.0517094 0.256571
9 0.520046 0.281179 0.0189181 0.0232224 0.25136
