3 0.482036 0.95081 0.0554468 0.0746523 0.882287
3 0.609537 0.838478 0.0325446 0.0432925 0.86867
3 0.57454 0.893129 0.0402126 0.0533094 0.865708
3 0.539188 0.958912 0.0495518 0.0690534 0.862848
3 0.579427 0.82152 0.0340996 0.0441792 0.847993
3 0.540651 0.878348 0.0403494 0.0477768 0.829193
3 0.321717 0.674447 0.0264393 0.0166748 0.754693
3 0.213998 0.646842 0.0300559 0.0181213 0.681152
3 0.141653 0.60905 0.0241075 0.0143529 0.499273
3 0.171131 0.633169 0.0264082 0.016364 0.464406
3 0.790891 0.665391 0.0147348 0.014891 0.453037
3 0.287299 0.678053 0.0260592 0.0173928 0.440324
