3 0.413981 0.518914 0.0420352 0.0603575 0.882273
3 0.608181 0.743291 0.0583912 0.126461 0.862984
3 0.373017 0.516675 0.0441326 0.0629835 0.843813
3 0.483031 0.581218 0.078793 0.0472585 0.842554
3 0.474014 0.504671 0.0272753 0.0511974 0.833473
3 0.354805 0.31871 0.0457201 0.0311428 0.809436
3 0.486861 0.333396 0.0461222 0.0274356 0.804761
3 0.413936 0.317632 0.0446201 0.0270288 0.793741
3 0.517724 0.501906 0.0315918 0.0561204 0.705841
3 0.300233 0.510099 0.0295617 0.0692829 0.693245
3 0.856884 0.230038 0.0412895 0.0217105 0.641037
0 0.14252 0.490794 0.0104745 0.0268309 0.626934
4 0.490194 0.549828 0.0675994 0.0391264 0.61239
3 0.491195 0.550626 0.0663805 0.0376016 0.592435
3 0.0708281 0.543885 0.0678967 0.0663617 0.556513
3 0.737971 0.179297 0.0552144 0.0216351 0.545112
9 0.597051 0.899696 0.0237599 0.0640523 0.479021
9 0.610702 0.985869 0.0176796 0.0282624 0.433095
3 0.459463 0.397467 0.0651322 0.0366164 0.416186
4 0.3004 0.510645 0.0296557 0.06764 0.374754
3 0.492268 0.302156 0.0387396 0.026823 0.366232
9 0.620348 0.924048 0.0272005 0.0559727 0.354717
9 0.534703 0.967785 0.0407637 0.02848 0.352947
9 0.547071 0.941486 0.0402031 0.0275477 0.275628
3 0.878134 0.247366 0.0365336 0.0253915 0.275093
2 0.545956 0.908439 0.0413316 0.0270758 0.272421
9 0.527467 0.993082 0.0316574 0.013835 0.266731
