3 0.578245 0.352288 0.0609808 0.229912 0.925403
3 0.451103 0.739461 0.0529787 0.219528 0.921487
9 0.738903 0.122225 0.0315701 0.0696167 0.844535
9 0.646893 0.122825 0.0219179 0.0871728 0.820781
9 0.727764 0.0368462 0.0444036 0.0445306 0.799852
6 0.749184 0.286876 0.0457392 0.140573 0.783059
6 0.708044 0.427372 0.0793293 0.108105 0.75613
0 0.660254 0.399014 0.0212151 0.0381332 0.742216
0 0.634479 0.635125 0.0220966 0.033647 0.715444
0 0.636896 0.467092 0.02069 0.0445186 0.705263
0 0.646261 0.389282 0.0187567 0.0300774 0.646037
9 0.523478 0.0547788 0.037239 0.0362454 0.626299
3 0.687784 0.960816 0.0599842 0.0741811 0.558707
9 0.65977 0.714547 0.0190107 0.103695 0.54825
9 0.518595 0.0756701 0.0293579 0.0360656 0.539099
9 0.430981 0.958477 0.0451555 0.0347304 0.524285
9 0.651213 0.724345 0.0174761 0.0945086 0.492788
0 0.544289 0.110056 0.0130128 0.0339496 0.489061
6 0.692264 0.350256 0.0575613 0.0856687 0.453249
0 0.640606 0.389596 0.0238932 0.0274968 0.417138
