4 0.522482 0.616048 0.0871288 0.0965722 0.86963
3 0.466314 0.603792 0.0846711 0.075118 0.862632
3 0.514503 0.534577 0.0729191 0.0588113 0.859973
4 0.777319 0.776164 0.1024 0.120325 0.848951
3 0.620629 0.563678 0.0827881 0.0703578 0.834524
3 0.334155 0.512132 0.0731455 0.0495443 0.827872
3 0.450025 0.431045 0.054765 0.037869 0.821679
3 0.488322 0.454834 0.0557661 0.0363792 0.814943
3 0.385821 0.45469 0.064421 0.0392444 0.813696
0 0.219679 0.63565 0.0153379 0.0535227 0.80025
0 0.00977896 0.559275 0.0184762 0.0406552 0.773989
0 0.205073 0.637853 0.0151478 0.0497788 0.771327
3 0.54675 0.431003 0.0483679 0.0310848 0.749517
4 0.611273 0.52321 0.0843685 0.0687008 0.734868
0 0.0815891 0.592353 0.0153592 0.0470678 0.733236
3 0.459497 0.531363 0.0753193 0.058792 0.707049
3 0.586602 0.410802 0.0384672 0.0302144 0.632329
3 0.977505 0.71924 0.0447382 0.077084 0.62259
4 0.645997 0.914443 0.151173 0.163129 0.618142
3 0.539935 0.403711 0.0415006 0.0289594 0.609921
3 0.982849 0.657373 0.0343019 0.0597677 0.467732
4 0.951596 0.813821 0.0968071 0.134853 0.457399
4 0.523596 0.379587 0.0344397 0.0274465 0.424593
3 0.633061 0.395661 0.0394497 0.0289941 0.409492
3 0.951458 0.812638 0.0970844 0.131878 0.352606
0 0.885529 0.550252 0.0172369 0.0409889 0.329397
3 0.974811 0.621817 0.0503727 0.0547268 0.304977
9 0.318822 0.466701 0.0283718 0.025039 0.271834
3 0.666642 0.335045 0.0220183 0.0200201 0.259868
