0 0.557626 0.817616 0.0112547 0.0186483 0.671986
0 0.505586 0.817199 0.00766449 0.0162229 0.642979
0 0.551412 0.33456 0.0104802 0.0190309 0.61544
0 0.501647 0.114405 0.00939161 0.0264317 0.60723
0 0.542128 0.55702 0.00970289 0.0183298 0.578946
0 0.497189 0.850136 0.00935992 0.0189621 0.567861
0 0.515748 0.150181 0.00879203 0.0256269 0.563233
0 0.513938 0.536585 0.0100339 0.0141551 0.557378
0 0.497427 0.31144 0.00910976 0.021139 0.556068
0 0.510668 0.0501007 0.00899793 0.0286063 0.548194
0 0.53556 0.822021 0.00898612 0.0237486 0.53982
0 0.514844 0.340504 0.00935268 0.0198364 0.535635
0 0.531172 0.084142 0.0101357 0.0251777 0.533068
0 0.527546 0.746439 0.00960789 0.0178099 0.530245
0 0.444496 0.0652098 0.00891227 0.0244451 0.526977
0 0.494131 0.492505 0.00806558 0.0170497 0.511597
0 0.497482 0.562353 0.00960807 0.0144253 0.507128
0 0.482635 0.489489 0.00813886 0.0172022 0.494045
0 0.536725 0.713955 0.0110372 0.0185853 0.488031
0 0.510254 0.630217 0.01217 0.0169994 0.486077
0 0.527349 0.259267 0.00919591 0.0278078 0.483511
0 0.505836 0.153795 0.00862919 0.0232561 0.478798
0 0.564955 0.1262 0.00884408 0.0263796 0.472765
0 0.533532 0.612497 0.0111451 0.0189367 0.471312
0 0.534674 0.126664 0.00971719 0.0318049 0.46038
0 0.538889 0.113023 0.00986825 0.0246396 0.459036
0 0.387185 0.0781403 0.00884848 0.0276573 0.453469
0 0.533193 0.0799868 0.00962027 0.025118 0.453072
0 0.555983 0.584498 0.00883654 0.0168057 0.449586
0 0.53586 0.120713 0.00943612 0.0326415 0.440126
0 0.50731 0.169645 0.00744189 0.0219716 0.437231
0 0.513407 0.67558 0.0114491 0.0188726 0.407529
0 0.517048 0.705138 0.0109739 0.0142432 0.401333
0 0.505319 0.356288 0.00877934 0.0188877 0.399102
0 0.526219 0.0934645 0.0083725 0.02709 0.389853
0 0.526065 0.338393 0.0104323 0.0217928 0.387076
0 0.53322 0.0771045 0.00862218 0.021093 0.376115
0 0.398021 0.172656 0.00854911 0.0174864 0.372413
0 0.48092 0.396535 0.0105564 0.0166086 0.353753
0 0.443724 0.470769 0.00976602 0.0150473 0.35191
0 0.544052 0.202439 0.00936746 0.0241546 0.340266
0 0.533523 0.609226 0.0113775 0.0199928 0.334316
0 0.398796 0.0488962 0.0100997 0.0257954 0.331727
0 0.485641 0.369841 0.0107439 0.0171876 0.326095
0 0.514332 0.346918 0.0104251 0.0245294 0.322602
7 0.408411 0.23734 0.0343133 0.0329213 0.317528
0 0.527479 0.742775 0.008943 0.0198928 0.304716
0 0.526083 0.773912 0.0104465 0.0146178 0.304475
0 0.484932 0.429739 0.00861114 0.0155888 0.301338
0 0.466223 0.0952337 0.00980443 0.0252325 0.299938
0 0.40194 0.0590004 0.0103421 0.0252048 0.299482
0 0.444664 0.11978 0.0100691 0.0196702 0.293659
0 0.524119 0.774249 0.0107552 0.0155711 0.290212
0 0.559176 0.143001 0.00701106 0.0305496 0.285466
0 0.565299 0.22504 0.0109432 0.0220003 0.279214
0 0.565375 0.121846 0.0083939 0.0237243 0.277619
0 0.502637 0.376665 0.00935804 0.0204939 0.275295
0 0.525904 0.343877 0.0107573 0.0267309 0.274405
0 0.511121 0.0541861 0.00976794 0.031588 0.265744
0 0.484537 0.318398 0.00784215 0.0161542 0.25947
0 0.520689 0.262552 0.00789032 0.0231704 0.258621
0 0.490934 0.126192 0.00861607 0.0220852 0.256137
0 0.45914 0.406213 0.0100967 0.0179837 0.253991
