3 0.734577 0.861967 0.0576456 0.180699 0.907569
3 0.408264 0.563745 0.0926571 0.0804464 0.890979
7 0.626666 0.864045 0.0327282 0.117131 0.887421
3 0.717512 0.704987 0.0509668 0.134166 0.886648
7 0.684292 0.208482 0.0311323 0.0503497 0.882224
3 0.623593 0.458981 0.0355867 0.103428 0.87866
3 0.725689 0.374854 0.0397664 0.0899346 0.868927
3 0.713333 0.161312 0.0284733 0.0493448 0.849668
7 0.532961 0.572994 0.0543373 0.0715053 0.84953
4 0.630015 0.596584 0.0390168 0.129902 0.822562
7 0.536672 0.880082 0.0681975 0.089748 0.818741
6 0.404182 0.873831 0.0500891 0.0508101 0.807078
3 0.656313 0.153196 0.0256198 0.049909 0.804858
3 0.576943 0.148909 0.0214702 0.0486072 0.803887
3 0.656049 0.118004 0.021587 0.0389739 0.779165
4 0.714603 0.559469 0.0481798 0.109486 0.772052
0 0.802719 0.546735 0.0154934 0.0505685 0.768406
6 0.538813 0.365532 0.0352028 0.0503935 0.744059
9 0.585213 0.897895 0.0202505 0.0773411 0.684637
3 0.554059 0.131567 0.0214356 0.0469872 0.651784
6 0.593586 0.694363 0.0214337 0.0739081 0.644977
1 0.585037 0.782376 0.0201387 0.0549392 0.639397
9 0.553593 0.953552 0.0384102 0.0437239 0.63171
4 0.69769 0.42654 0.0386839 0.106865 0.630036
3 0.559163 0.0936712 0.0257495 0.0362455 0.623903
0 0.684281 0.932739 0.0171699 0.0669804 0.61621
3 0.563023 0.0645288 0.0188913 0.0331481 0.615072
0 0.501996 0.426 0.00965862 0.042486 0.609444
1 0.665672 0.726566 0.0169029 0.0494033 0.580069
7 0.544862 0.312325 0.0380256 0.0577487 0.574883
9 0.514606 0.250455 0.0177792 0.0248307 0.570205
6 0.513136 0.73047 0.0620011 0.0713871 0.563858
6 0.654756 0.386313 0.0216532 0.0544236 0.563169
6 0.523964 0.781804 0.056497 0.074884 0.555626
9 0.50335 0.810793 0.0277458 0.0405481 0.553648
9 0.556432 0.981567 0.0435041 0.0340531 0.543096
1 0.636106 0.336905 0.0132031 0.0370353 0.527354
0 0.693044 0.942368 0.0142332 0.0506498 0.5162
9 0.520656 0.626834 0.0250878 0.0447156 0.500483
1 0.588337 0.0386413 0.0063848 0.0237075 0.490722
6 0.547695 0.425202 0.0331426 0.0714764 0.485814
6 0.628784 0.740448 0.0312164 0.111668 0.484898
0 0.327512 0.755373 0.0164596 0.0460256 0.480256
9 0.635186 0.346169 0.0163804 0.0424443 0.455157
6 0.739996 0.25419 0.0359642 0.037557 0.447935
6 0.549062 0.272499 0.0278036 0.0456134 0.442932
9 0.761803 0.33666 0.0200352 0.0329629 0.439389
0 0.775505 0.36438 0.0115976 0.0414682 0.438047
7 0.58383 0.436097 0.0226816 0.0719334 0.436895
9 0.447448 0.279115 0.0107204 0.0303885 0.435096
9 0.492487 0.265951 0.0215307 0.0270389 0.431853
6 0.512038 0.712765 0.0632326 0.0994375 0.42049
7 0.700867 0.0858633 0.0124535 0.0398345 0.419208
9 0.586842 0.109447 0.00826026 0.0289465 0.416033
9 0.665758 0.738473 0.0188198 0.0676801 0.413558
7 0.678191 0.0469418 0.0139462 0.037888 0.412351
7 0.686772 0.354583 0.0417891 0.0632854 0.409645
9 0.544534 0.220859 0.0236088 0.0284299 0.408709
1 0.637622 0.334273 0.0123652 0.0356417 0.394652
9 0.466423 0.339087 0.0215423 0.0296613 0.391619
7 0.512316 0.714633 0.0628906 0.102706 0.38623
0 0.773643 0.367314 0.0111183 0.0438509 0.356166
0 0.67939 0.0849301 0.00788481 0.0306719 0.354012
6 0.584044 0.437431 0.0222508 0.0743462 0.353818
9 0.634916 0.350782 0.0191887 0.0380171 0.349776
7 0.628622 0.740493 0.0319908 0.111514 0.348336
9 0.394989 0.439403 0.0191519 0.0338395 0.341149
6 0.588287 0.530949 0.0174845 0.0550555 0.336106
6 0.550672 0.813416 0.0436137 0.0588873 0.335271
9 0.588367 0.532513 0.0158587 0.0532173 0.329217
1 0.588785 0.527312 0.0154742 0.0482855 0.326484
0 0.525991 0.834008 0.0121397 0.0375661 0.310696
9 0.465146 0.26948 0.0186222 0.0310807 0.30127
9 0.508329 0.246331 0.0221867 0.0252407 0.298405
9 0.568997 0.0338625 0.00727013 0.0239006 0.289773
9 0.442135 0.278322 0.00831833 0.0310916 0.278073
6 0.523153 0.473784 0.0205478 0.0458827 0.273115
0 0.768429 0.0364516 0.00641073 0.0233422 0.272409
9 0.679134 0.0876224 0.00866514 0.026848 0.271035
9 0.800119 0.402289 0.0174036 0.0401224 0.270268
1 0.854436 0.547389 0.0211147 0.0367607 0.269131
6 0.549334 0.653162 0.0293508 0.0575008 0.267686
1 0.553721 0.176436 0.0113207 0.0321726 0.267478
0 0.573449 0.614087 0.00941101 0.040662 0.254572
