4 0.451709 0.787167 0.089954 0.0988052 0.850211
7 0.635025 0.941119 0.0347776 0.115017 0.759996
7 0.494416 0.438728 0.0256772 0.0550827 0.755717
9 0.395631 0.420944 0.0254291 0.030451 0.699889
7 0.612473 0.47001 0.0296625 0.063341 0.692386
9 0.435168 0.655955 0.0282246 0.0454355 0.689185
7 0.852564 0.59337 0.0558073 0.0583494 0.685498
6 0.448752 0.602287 0.0408302 0.0526048 0.667619
7 0.597689 0.927022 0.0376431 0.135268 0.650939
0 0.435269 0.496418 0.0104315 0.0408693 0.639989
9 0.424316 0.699737 0.0264874 0.0410213 0.624382
9 0.918456 0.583544 0.0321606 0.0354699 0.623741
4 0.586145 0.49995 0.0243648 0.0732859 0.608219
9 0.600669 0.3135 0.0186866 0.0236445 0.56736
0 0.41762 0.543888 0.010799 0.0455435 0.555555
7 0.586392 0.498063 0.0249605 0.0768916 0.548897
9 0.539883 0.709842 0.0166609 0.0504728 0.539947
9 0.35483 0.550643 0.0231876 0.0268357 0.530535
7 0.5258 0.168431 0.011371 0.033357 0.509214
9 0.596978 0.569815 0.0269691 0.0449879 0.50089
6 0.591813 0.443264 0.0295843 0.0412855 0.489235
6 0.859796 0.69522 0.0536093 0.0524204 0.474958
1 0.55392 0.621864 0.0148287 0.0456991 0.474654
6 0.411136 0.492594 0.0203428 0.0573308 0.466144
7 0.562703 0.213501 0.0137855 0.0353314 0.460408
1 0.539656 0.70765 0.0162018 0.0470557 0.458814
7 0.585857 0.146131 0.024947 0.0271644 0.453277
7 0.68213 0.617545 0.0523916 0.0694244 0.45249
9 0.35683 0.513892 0.0231826 0.024335 0.441242
9 0.545088 0.123852 0.00679663 0.0193561 0.43632
1 0.544657 0.120598 0.00605369 0.0190966 0.428723
9 0.553853 0.625539 0.0156762 0.050779 0.417961
6 0.682793 0.618157 0.0519857 0.0711716 0.393136
0 0.443664 0.485378 0.0118717 0.0447221 0.384844
7 0.331835 0.895341 0.040171 0.102127 0.3844
9 0.592244 0.248726 0.014977 0.0245892 0.371262
9 0.725387 0.754416 0.0298842 0.0349335 0.360471
7 0.586232 0.153209 0.0258505 0.0321618 0.3445
9 0.561198 0.338045 0.00934768 0.0322025 0.338845
7 0.603199 0.375959 0.0163474 0.0493785 0.330672
6 0.5552 0.246139 0.0106216 0.0329032 0.325119
9 0.357482 0.536053 0.0222778 0.0262436 0.321305
1 0.595806 0.567093 0.021771 0.0463461 0.320643
9 0.516175 0.118177 0.00752176 0.0212535 0.308352
9 0.740692 0.562596 0.0142667 0.0474062 0.297662
9 0.516957 0.122303 0.00779801 0.0220145 0.293378
1 0.560265 0.332926 0.00876906 0.0319564 0.291329
6 0.56236 0.214028 0.013289 0.0351038 0.288015
9 0.46853 0.482249 0.0223644 0.0279407 0.286823
9 0.714514 0.786626 0.0200755 0.0414787 0.276536
6 0.608144 0.42004 0.0247926 0.0414397 0.275373
7 0.858934 0.695673 0.0536442 0.0531766 0.275137
9 0.692819 0.561669 0.0330979 0.0348264 0.274224
9 0.465454 0.475016 0.0196199 0.0319001 0.272842
7 0.500868 0.0705312 0.0113556 0.027166 0.272577
9 0.453285 0.523421 0.00994395 0.0386042 0.27172
0 0.419294 0.54712 0.0123743 0.0475055 0.263474
9 0.464066 0.470738 0.0184273 0.0313662 0.2612
9 0.56014 0.523538 0.0137444 0.0423423 0.25305
