0 0.958514 0.588519 0.0178455 0.0445796 0.810135
0 0.928692 0.430962 0.0101643 0.0263537 0.761427
0 0.683082 0.436692 0.00977888 0.0268632 0.749294
2 0.654942 0.979576 0.0645619 0.0408477 0.70544
2 0.783312 0.58639 0.0341835 0.0317108 0.695102
0 0.894223 0.523127 0.0132289 0.0445454 0.666449
0 0.986768 0.444096 0.0111708 0.0307901 0.624443
0 0.945016 0.481651 0.0143592 0.0336186 0.622835
0 0.960852 0.444939 0.01208 0.0362955 0.620878
0 0.937525 0.45567 0.0137104 0.0333469 0.616743
0 0.995386 0.507268 0.00922825 0.0413296 0.608947
0 0.948359 0.503381 0.0136713 0.032708 0.599434
0 0.972021 0.446835 0.0109441 0.0325702 0.558532
0 0.955157 0.538855 0.0158398 0.0499794 0.541479
0 0.953993 0.531833 0.0139496 0.0443253 0.538896
0 0.768544 0.368258 0.00847185 0.0202358 0.538443
0 0.693617 0.46019 0.00978603 0.0336951 0.528781
0 0.896366 0.494264 0.0104746 0.0373551 0.525394
0 0.988247 0.476379 0.0122491 0.0409298 0.499455
0 0.731523 0.328018 0.00543418 0.015034 0.47409
0 0.940199 0.454857 0.0164294 0.0320639 0.471708
0 0.646863 0.32772 0.0062384 0.013879 0.448975
0 0.772199 0.367212 0.00704459 0.0229731 0.438841
0 0.974049 0.444842 0.0106151 0.0336464 0.416304
0 0.564834 0.39094 0.00786534 0.0185346 0.415493
0 0.901153 0.434677 0.0107814 0.0286838 0.394942
0 0.764459 0.329304 0.00858547 0.0140333 0.394065
0 0.540216 0.329288 0.00709516 0.0134027 0.388987
0 0.565557 0.351326 0.00621643 0.0204651 0.386596
0 0.993972 0.469351 0.0111904 0.036349 0.370294
0 0.566389 0.352305 0.00561789 0.0197113 0.351043
0 0.618638 0.363126 0.00601855 0.0133083 0.345102
0 0.903349 0.443661 0.0103376 0.0306741 0.344092
0 0.409207 0.457683 0.00741459 0.0202932 0.331105
0 0.90217 0.452438 0.0108601 0.0325962 0.304452
0 0.713359 0.324654 0.00431039 0.0160984 0.299304
0 0.766976 0.367782 0.00680106 0.0203814 0.292751
0 0.752679 0.330884 0.00719212 0.0140362 0.283889
3 0.994946 0.322547 0.0101082 0.014138 0.273522
0 0.898969 0.477449 0.0112117 0.0359225 0.270941
3 0.129508 0.335647 0.0310172 0.0170496 0.262884
0 0.320495 0.325097 0.00400338 0.0138727 0.261739
0 0.71488 0.325629 0.00774881 0.0134061 0.253594
