3 0.157655 0.577358 0.0639395 0.0687322 0.904755
3 0.0754879 0.578148 0.0698745 0.0723244 0.903281
3 0.399149 0.621018 0.070827 0.0628175 0.89593
3 0.101823 0.521345 0.0629881 0.0647664 0.895903
3 0.21649 0.626912 0.0666479 0.0767738 0.893846
3 0.0424488 0.475464 0.0678639 0.061096 0.881953
3 0.0371782 0.816452 0.0743565 0.100093 0.840999
3 0.0211003 0.516776 0.0422007 0.073052 0.824256
3 0.704803 0.187888 0.0330647 0.0544188 0.782762
3 0.71955 0.0413484 0.0229931 0.0350012 0.695044
9 0.099486 0.900524 0.0358222 0.0528237 0.687166
3 0.151035 0.649185 0.0765853 0.0855593 0.673327
9 0.088392 0.878436 0.0286802 0.0457166 0.562153
9 0.306085 0.589699 0.0133899 0.0357414 0.523596
0 0.335909 0.779209 0.0147865 0.0346345 0.428573
3 0.00714673 0.435978 0.0140982 0.0671066 0.334309
9 0.277322 0.582113 0.0116427 0.0354737 0.324683
3 0.622818 0.352499 0.0324557 0.0466959 0.32055
9 0.0845256 0.882087 0.0357048 0.0535526 0.313794
3 0.00695735 0.423856 0.0139099 0.0666486 0.293646
