3 0.531499 0.525166 0.017348 0.0284494 0.84462
3 0.509581 0.526172 0.0159951 0.0284247 0.835452
3 0.550275 0.52354 0.016886 0.030206 0.833488
3 0.565538 0.599713 0.024591 0.0390211 0.833196
3 0.515406 0.610649 0.0233833 0.0445717 0.82008
3 0.540247 0.611483 0.0209079 0.0446022 0.81428
3 0.156749 0.456909 0.0293553 0.0177283 0.809182
8 0.0816683 0.714814 0.116026 0.156269 0.808247
3 0.622734 0.654097 0.0524985 0.0300866 0.795067
3 0.614837 0.626458 0.0515581 0.0304821 0.780382
3 0.199607 0.454979 0.033781 0.0182164 0.748114
3 0.669936 0.535401 0.0432176 0.0230913 0.741608
3 0.641048 0.478739 0.0345451 0.0197341 0.732573
3 0.668072 0.520213 0.0414879 0.0213137 0.71798
3 0.609963 0.595869 0.0460653 0.028596 0.711194
3 0.121717 0.485225 0.0325392 0.0201558 0.699811
3 0.13953 0.44938 0.0246264 0.0174885 0.697209
3 0.573671 0.47629 0.0337136 0.0205927 0.692976
3 0.569717 0.451167 0.0326902 0.0181957 0.691902
3 0.605589 0.578286 0.0386244 0.0229525 0.68363
3 0.582146 0.524895 0.0350329 0.0223863 0.624656
3 0.580325 0.506676 0.0377663 0.0212504 0.614445
3 0.312828 0.357899 0.0233056 0.0132095 0.61076
3 0.651098 0.497107 0.0399091 0.0224063 0.540554
4 0.0510648 0.506245 0.0390079 0.0328306 0.472553
9 0.161693 0.54781 0.0130102 0.0189026 0.454964
3 0.579415 0.501907 0.0376833 0.0222266 0.447511
3 0.33299 0.290902 0.016385 0.0120439 0.424454
3 0.0511774 0.505525 0.0392137 0.0302189 0.416874
3 0.452732 0.636344 0.0239988 0.049537 0.415834
3 0.57707 0.498753 0.0377742 0.0196015 0.414024
0 0.107885 0.632201 0.00970919 0.0202184 0.40116
3 0.503013 0.305611 0.0076355 0.0135349 0.393764
0 0.593965 0.424623 0.00684444 0.0146136 0.38161
3 0.581533 0.519827 0.0362799 0.0190581 0.363924
5 0.452847 0.636395 0.0240839 0.0497444 0.353368
3 0.627908 0.67392 0.0427103 0.0281192 0.305194
0 0.0288388 0.771618 0.0121094 0.0295479 0.304642
3 0.608221 0.584305 0.0428858 0.0217529 0.293899
3 0.61895 0.641876 0.0501761 0.0246798 0.291447
3 0.117239 0.486904 0.0397195 0.023162 0.286526
0 0.492099 0.364538 0.00507106 0.0125329 0.250754
