0 0.470191 0.558621 0.00892487 0.0225112 0.728161
0 0.436271 0.574991 0.0124064 0.0288118 0.664041
0 0.446139 0.385133 0.00839517 0.0211442 0.6434
0 0.455889 0.581715 0.0139307 0.0279006 0.613706
0 0.613771 0.424479 0.010129 0.0254743 0.613159
0 0.326032 0.0680682 0.0108529 0.0317469 0.611515
0 0.366518 0.420894 0.0112103 0.0243925 0.588257
7 0.430707 0.129695 0.0469019 0.0569159 0.585042
0 0.295 0.0588244 0.00990581 0.0314473 0.57005
0 0.40112 0.131795 0.0104541 0.0368704 0.491541
0 0.379317 0.110978 0.00918601 0.0277608 0.49088
9 0.493688 0.698766 0.0115787 0.034556 0.466207
0 0.242521 0.0129116 0.00918494 0.0258232 0.465712
0 0.356024 0.424054 0.0100562 0.0231098 0.464613
0 0.377727 0.275717 0.010793 0.025392 0.45884
9 0.587164 0.776103 0.0293882 0.0246666 0.44714
0 0.4167 0.569357 0.00913818 0.018219 0.443213
9 0.209218 0.0199413 0.0164327 0.0375471 0.4294
0 0.370544 0.17346 0.00791159 0.024662 0.424426
0 0.703009 0.432668 0.0114737 0.0217237 0.404653
0 0.372391 0.382937 0.0126818 0.0284098 0.394551
0 0.38057 0.278233 0.010877 0.0273829 0.37382
0 0.493897 0.69899 0.0112906 0.0356178 0.368281
0 0.618702 0.323394 0.0123787 0.0253198 0.347825
3 0.8315 0.920951 0.0712544 0.120931 0.346203
0 0.437658 0.578911 0.0125052 0.0318568 0.340623
1 0.131846 0.137115 0.0135433 0.0274761 0.334289
9 0.437586 0.710771 0.0246919 0.0312299 0.325061
0 0.352679 0.0966525 0.00786161 0.0263385 0.322826
0 0.366788 0.083526 0.0106333 0.021818 0.317487
0 0.456952 0.585952 0.0132406 0.0276784 0.316465
0 0.375885 0.278732 0.0103716 0.0240177 0.316292
7 0.249661 0.151713 0.0297139 0.0470868 0.307272
0 0.664259 0.348476 0.00920659 0.0251958 0.303198
7 0.396553 0.248747 0.0323805 0.0789989 0.302918
0 0.0871621 0.0743566 0.0197106 0.0408146 0.290082
1 0.121912 0.13609 0.0116562 0.024665 0.290011
0 0.355247 0.102331 0.00842056 0.0230061 0.280255
7 0.50046 0.186801 0.0361983 0.0574131 0.279741
7 0.521986 0.0518056 0.0417143 0.0560227 0.269164
0 0.0840257 0.069113 0.0153544 0.0405898 0.267432
1 0.38408 0.177406 0.00861075 0.0263325 0.257878
0 0.399256 0.132011 0.0110311 0.0348967 0.253099
0 0.17134 0.0229253 0.0145146 0.0385925 0.251944
