3 0.716373 0.732669 0.0579479 0.0749237 0.882019
3 0.56293 0.512374 0.03734 0.0370521 0.85934
3 0.678803 0.614347 0.0475425 0.0637466 0.844957
3 0.628294 0.584619 0.0382967 0.0504418 0.832537
4 0.20549 0.569248 0.0406815 0.0890796 0.830014
3 0.0665075 0.676152 0.0452743 0.0724884 0.821609
3 0.673264 0.660513 0.0497787 0.0683165 0.819737
3 0.495267 0.347821 0.0172203 0.0189755 0.815148
3 0.430403 0.297563 0.0118946 0.0174543 0.80505
3 0.522984 0.357814 0.016061 0.0216055 0.792763
3 0.198596 0.379828 0.0336426 0.0220296 0.774574
3 0.470318 0.290531 0.0142544 0.0161692 0.769034
3 0.511035 0.374606 0.0285972 0.0237994 0.760246
3 0.482383 0.31136 0.0140724 0.0196864 0.728398
3 0.288514 0.292169 0.011797 0.0183547 0.72036
3 0.197602 0.414676 0.0369139 0.0221493 0.711045
3 0.257381 0.272524 0.01327 0.0166133 0.671229
3 0.403126 0.234895 0.0106864 0.0136002 0.653361
3 0.214663 0.332378 0.0265626 0.0178227 0.624972
3 0.498458 0.309677 0.0146881 0.0197638 0.620871
3 0.53731 0.341498 0.0218089 0.0189394 0.586671
4 0.884392 0.967942 0.078075 0.0634639 0.575015
3 0.209975 0.341873 0.032224 0.0214494 0.566509
3 0.409008 0.259483 0.0109289 0.0154991 0.557504
3 0.543423 0.371086 0.0165059 0.0249577 0.541581
4 0.28685 0.203767 0.0177194 0.0108755 0.513095
4 0.787235 0.967847 0.113674 0.0638981 0.507888
3 0.19701 0.442244 0.0374908 0.0242189 0.502324
3 0.270428 0.226376 0.0206918 0.0122252 0.500186
3 0.226055 0.295065 0.0223799 0.0162038 0.400454
3 0.303939 0.157455 0.0144947 0.00839411 0.398337
9 0.108951 0.577848 0.0196862 0.0321262 0.396802
3 0.288909 0.186717 0.0180805 0.00994455 0.394549
3 0.294421 0.174827 0.0182438 0.00977323 0.394184
4 0.282814 0.213965 0.0194287 0.0115072 0.379586
3 0.395206 0.197511 0.00924434 0.0121078 0.368667
3 0.268622 0.22864 0.0200858 0.0120626 0.336611
4 0.108005 0.744591 0.0903828 0.105161 0.331622
4 0.517646 0.319696 0.0190121 0.0213328 0.314709
3 0.477909 0.267704 0.0216782 0.0160895 0.306208
3 0.305745 0.152461 0.0148268 0.00724037 0.278994
