3 0.790186 0.709808 0.047707 0.10569 0.874454
4 0.591671 0.815732 0.0354994 0.11629 0.844825
3 0.539753 0.641483 0.0254082 0.0686298 0.832532
3 0.576616 0.67451 0.0286624 0.0794557 0.820615
3 0.570419 0.614669 0.0273106 0.0656537 0.797509
3 0.607774 0.637436 0.0281995 0.0747896 0.793118
3 0.587786 0.737155 0.0325753 0.0711025 0.787582
3 0.603644 0.529182 0.0228097 0.0492943 0.757247
3 0.599184 0.585045 0.024733 0.05649 0.742425
3 0.565645 0.560445 0.020701 0.0503185 0.733877
5 0.746848 0.691175 0.0496101 0.13504 0.594493
3 0.87383 0.972686 0.0594433 0.0504068 0.585762
3 0.563506 0.526534 0.0193901 0.0419102 0.414229
3 0.660771 0.470036 0.0309471 0.03133 0.387145
3 0.572793 0.622475 0.0292089 0.0575946 0.274248
3 0.639007 0.599331 0.0304001 0.0539768 0.273868
