5 0.596618 0.350122 0.0794937 0.0579444 0.722158
5 0.608182 0.4497 0.10534 0.0661724 0.701517
5 0.617931 0.524848 0.109846 0.0860692 0.561054
0 0.372772 0.134647 0.00826839 0.0228754 0.520691
5 0.632163 0.0562117 0.131864 0.0856608 0.507678
5 0.617531 0.175739 0.0881306 0.0593728 0.507678
0 0.390997 0.623827 0.0109439 0.0235793 0.492219
0 0.675698 0.597307 0.0116635 0.015477 0.358422
0 0.395869 0.546503 0.00814109 0.018672 0.351385
0 0.678877 0.658303 0.00903442 0.0159257 0.347672
0 0.669965 0.813157 0.00773839 0.0185085 0.320906
6 0.59578 0.27861 0.0667299 0.0533353 0.290602
8 0.619406 0.525506 0.111054 0.0861668 0.28907
0 0.555413 0.507725 0.0113831 0.0157376 0.287013
9 0.395127 0.181075 0.0101892 0.0390086 0.276919
0 0.658871 0.295264 0.0119132 0.0164684 0.268334
5 0.608954 0.399718 0.0728812 0.0538829 0.267021
9 0.359493 0.596088 0.00948305 0.036506 0.261713
