0 0.119722 0.59267 0.0109782 0.0396945 0.690587
0 0.304626 0.30876 0.00767574 0.0317193 0.635145
0 0.152836 0.378555 0.00751686 0.02698 0.55748
0 0.0756628 0.737802 0.0126418 0.0259371 0.546929
0 0.289836 0.313786 0.00791101 0.0258411 0.54293
0 0.406016 0.491035 0.00959891 0.0323254 0.512395
0 0.420857 0.913232 0.0216095 0.0342612 0.505655
0 0.0546922 0.76035 0.0175792 0.050302 0.490684
0 0.080173 0.643835 0.0152693 0.0362015 0.452116
0 0.367001 0.561313 0.00925084 0.0227831 0.430842
9 0.479894 0.640539 0.0341624 0.0262093 0.430224
9 0.383323 0.66793 0.0344615 0.0347791 0.395144
0 0.420386 0.941192 0.0159439 0.0456125 0.390147
0 0.386794 0.299558 0.00651454 0.02558 0.369632
0 0.152276 0.408904 0.0084569 0.0249425 0.351101
0 0.0662963 0.204196 0.00570157 0.0187382 0.334509
0 0.439769 0.961314 0.0138779 0.0232894 0.331091
0 0.385356 0.297088 0.00822017 0.026254 0.312413
0 0.295434 0.151477 0.00585497 0.0184251 0.304657
0 0.0621762 0.249533 0.00624943 0.0220806 0.287056
1 0.552313 0.453367 0.00855286 0.023946 0.275856
0 0.18572 0.180062 0.00894194 0.0252075 0.260724
0 0.353949 0.510375 0.0118936 0.0266143 0.258691
0 0.382955 0.554067 0.0110541 0.0253145 0.250733
