8 0.531653 0.507356 0.0433085 0.0990572 0.891453
3 0.416831 0.829175 0.0421217 0.0855876 0.87665
8 0.472602 0.876523 0.0583088 0.158686 0.764939
3 0.743792 0.346606 0.0343067 0.036251 0.756312
8 0.583682 0.386222 0.0406357 0.0764841 0.755945
3 0.534633 0.737016 0.0451056 0.0919928 0.7334
3 0.716382 0.311801 0.0249292 0.0257608 0.627648
8 0.0943489 0.563782 0.050249 0.0414696 0.583554
3 0.49353 0.729053 0.0401962 0.0899782 0.564987
4 0.493642 0.729359 0.0398852 0.0908413 0.529288
5 0.8705 0.380897 0.0446119 0.0371106 0.508974
8 0.614917 0.341182 0.0461475 0.0635583 0.354089
3 0.703903 0.325292 0.0235849 0.024134 0.341343
3 0.611634 0.499796 0.0234187 0.0445416 0.328066
0 0.171216 0.551104 0.00723898 0.0168079 0.327867
0 0.39125 0.751044 0.00715114 0.0282805 0.297354
3 0.668745 0.190981 0.015316 0.0355203 0.293572
3 0.689409 0.405289 0.0397751 0.0387728 0.279785
0 0.756397 0.316067 0.0064937 0.0171185 0.277747
0 0.235676 0.82941 0.00916179 0.022874 0.268471
