0 0.466439 0.939829 0.00992968 0.0269614 0.762858
0 0.194234 0.498891 0.0145399 0.0339069 0.723289
0 0.121406 0.107546 0.010742 0.0346022 0.718284
0 0.459952 0.867459 0.0146401 0.0282471 0.658893
0 0.455311 0.352946 0.00821629 0.035 0.651222
0 0.147908 0.0637378 0.0106585 0.0329705 0.598766
0 0.408035 0.215635 0.0073795 0.0320517 0.58153
0 0.133323 0.112994 0.01046 0.0309481 0.553308
0 0.364597 0.205377 0.00838061 0.0262109 0.533617
0 0.267434 0.319841 0.0100316 0.0346302 0.525108
0 0.37762 0.228104 0.00800703 0.0329019 0.524363
0 0.418866 0.21546 0.00676239 0.0287318 0.522769
0 0.579192 0.698636 0.00883196 0.0276406 0.515334
0 0.360579 0.206453 0.00876685 0.0264728 0.514159
0 0.616966 0.733367 0.0112101 0.0281041 0.512213
0 0.221725 0.352261 0.00878095 0.0273108 0.485125
0 0.504814 0.383592 0.0100254 0.0323315 0.482132
0 0.365146 0.235974 0.00778946 0.0331651 0.477221
0 0.649002 0.802845 0.0177141 0.0288818 0.463058
0 0.345112 0.238951 0.00728546 0.0293456 0.438856
0 0.227633 0.0410466 0.00864907 0.0352775 0.435104
0 0.35273 0.24103 0.00720921 0.0269864 0.43441
0 0.368768 0.233371 0.00744245 0.0325899 0.425942
0 0.390963 0.2239 0.00653425 0.0325232 0.422765
0 0.485734 0.377665 0.00887059 0.033075 0.422454
0 0.318689 0.256823 0.00830697 0.0306773 0.407575
0 0.33239 0.240824 0.00897603 0.0323148 0.405885
0 0.322297 0.247501 0.00846008 0.0360518 0.402989
0 0.36213 0.205206 0.00783177 0.0279183 0.399418
0 0.658137 0.816253 0.0158323 0.0309144 0.399417
0 0.102467 0.0887439 0.00961739 0.0347392 0.390814
0 0.158305 0.0858202 0.00955766 0.0306835 0.38594
0 0.312202 0.256966 0.00824919 0.0315864 0.385345
0 0.378928 0.230265 0.00769985 0.0321816 0.374125
0 0.421413 0.18322 0.00799238 0.0300752 0.370663
0 0.437667 0.209821 0.00835628 0.0265783 0.363201
0 0.43064 0.0399565 0.00745183 0.0269853 0.357409
0 0.435427 0.179743 0.00838431 0.0255455 0.34841
0 0.302769 0.266075 0.007827 0.0302306 0.343391
0 0.549652 0.514656 0.0138193 0.0243188 0.333076
0 0.335484 0.241827 0.00771255 0.0324372 0.327364
0 0.479805 0.371475 0.0102241 0.0310669 0.31953
0 0.147133 0.107583 0.00804679 0.0346821 0.316954
0 0.310994 0.253435 0.0096136 0.0309504 0.301001
0 0.42021 0.197193 0.00767613 0.032324 0.299461
0 0.294305 0.272707 0.00903211 0.0305863 0.293695
0 0.482597 0.372122 0.0118029 0.0353263 0.291459
0 0.0174129 0.302226 0.0163035 0.0307158 0.290019
0 0.281226 0.299446 0.0105027 0.0301461 0.28658
0 0.255124 0.327117 0.00935826 0.023064 0.264864
0 0.35971 0.233821 0.00936528 0.029102 0.263977
0 0.284198 0.293637 0.00865625 0.0267988 0.257362
0 0.285733 0.276385 0.00951008 0.0315713 0.256762
0 0.552228 0.534304 0.0131351 0.0308549 0.252717
0 0.706136 0.96573 0.0172476 0.0292532 0.251737
0 0.202382 0.00999432 0.00808936 0.0199886 0.250434
