3 0.447485 0.440409 0.0534649 0.0329016 0.864366
3 0.587563 0.225493 0.0207529 0.0521794 0.860403
3 0.607874 0.513337 0.0248064 0.069344 0.848609
3 0.447863 0.703159 0.05816 0.03508 0.848107
3 0.603415 0.440784 0.0236752 0.0592936 0.847803
3 0.450001 0.750048 0.0597143 0.0391314 0.846747
3 0.402824 0.503388 0.0349026 0.0647084 0.840419
3 0.443059 0.300844 0.0458344 0.031713 0.837483
3 0.447601 0.361355 0.0481002 0.030438 0.837123
5 0.734271 0.0241428 0.0728928 0.0482856 0.835597
3 0.857115 0.145146 0.0256023 0.0502416 0.834726
3 0.44857 0.331133 0.0460846 0.0309585 0.831035
3 0.444028 0.202149 0.0197317 0.0450457 0.802065
3 0.449079 0.3928 0.0476799 0.0321899 0.791745
5 0.739721 0.0803456 0.0773183 0.0426044 0.691753
4 0.451717 0.941763 0.0530922 0.0396669 0.67608
5 0.747656 0.115356 0.0778445 0.0526028 0.585929
3 0.40501 0.128995 0.0336693 0.0298881 0.578292
3 0.418373 0.212261 0.0224206 0.0512274 0.56787
3 0.534197 0.0201463 0.0141983 0.0385463 0.531762
9 0.509797 0.160792 0.00717882 0.0239386 0.444358
