3 0.787357 0.547604 0.0446719 0.0289045 0.801166
3 0.772192 0.507084 0.0352154 0.0310962 0.749392
3 0.73906 0.504285 0.0239596 0.0304606 0.715882
5 0.497972 0.380519 0.0319708 0.0538393 0.690175
3 0.0315029 0.442403 0.0293386 0.0307378 0.686302
3 0.409308 0.289729 0.0112436 0.0155032 0.673999
4 0.156665 0.672943 0.0489999 0.0868647 0.666359
4 0.553888 0.412129 0.0236935 0.033978 0.625944
3 0.0266247 0.872503 0.0532353 0.0647898 0.617687
4 0.577239 0.393314 0.0341363 0.0373517 0.609733
3 0.535285 0.375181 0.0151842 0.0236388 0.577409
3 0.503591 0.33368 0.0151757 0.0203994 0.566201
3 0.0586921 0.439549 0.0290931 0.0303239 0.55168
3 0.214766 0.325967 0.0140811 0.020123 0.547367
3 0.298024 0.188018 0.00941001 0.00985006 0.510192
3 0.379456 0.187935 0.00734471 0.00990432 0.508361
9 0.0463894 0.757639 0.0306177 0.0239764 0.488429
3 0.397764 0.255944 0.00961849 0.0143449 0.479164
3 0.527844 0.396487 0.0224854 0.0249207 0.458086
3 0.254292 0.261332 0.0170774 0.0150745 0.455259
3 0.521979 0.374263 0.0141108 0.0212714 0.451086
3 0.273904 0.195705 0.0106028 0.0128285 0.450196
3 0.49061 0.320536 0.0145552 0.0168231 0.433302
3 0.479716 0.302161 0.014365 0.015837 0.428328
3 0.280446 0.173085 0.013437 0.0101554 0.408799
3 0.431986 0.230613 0.0109127 0.0145195 0.401586
3 0.833034 0.526923 0.0342815 0.0374369 0.386221
3 0.451845 0.28448 0.0163917 0.0148651 0.384398
3 0.420093 0.203774 0.00998326 0.0101302 0.377993
3 0.253686 0.22441 0.015762 0.0119197 0.377262
3 0.444639 0.239511 0.0126197 0.0112256 0.342229
3 0.292512 0.145084 0.0117768 0.00818144 0.340691
3 0.500598 0.310588 0.0150906 0.0188593 0.335398
3 0.387906 0.222339 0.00815813 0.012285 0.326595
3 0.251019 0.242387 0.0190826 0.012748 0.325027
3 0.422989 0.247794 0.00850115 0.0125945 0.320067
3 0.988389 0.620497 0.0232216 0.0397944 0.28764
3 0.290461 0.162913 0.0116432 0.00920616 0.282471
5 0.27177 0.297996 0.0150529 0.0359528 0.280612
9 0.0160656 0.788372 0.0319444 0.0246481 0.279137
3 0.291386 0.15035 0.0123078 0.00831222 0.278763
8 0.27261 0.29845 0.0154739 0.0376413 0.265934
1 0.228301 0.499999 0.00619707 0.0166667 0.256278
9 0.0138503 0.832823 0.0263406 0.0232223 0.253658
