3 0.726083 0.621517 0.0482526 0.0582776 0.881233
3 0.627135 0.261908 0.0422203 0.0452698 0.879584
3 0.825742 0.512568 0.0472115 0.0582785 0.874911
3 0.741799 0.660199 0.0468652 0.0552952 0.874067
3 0.727827 0.380081 0.0426411 0.0528583 0.870378
3 0.453648 0.126058 0.0200216 0.0530332 0.865735
3 0.181595 0.693443 0.0336865 0.0799029 0.860113
3 0.061753 0.133629 0.0275089 0.0482553 0.860107
3 0.290533 0.702496 0.0312996 0.0788252 0.852553
3 0.0352692 0.130028 0.0267811 0.0527472 0.850851
3 0.361859 0.710826 0.0274774 0.079465 0.850847
3 0.777761 0.0862926 0.0227992 0.0463501 0.850583
3 0.761003 0.42707 0.0435857 0.0506326 0.848645
3 0.729071 0.0867753 0.0215403 0.043349 0.847314
3 0.712944 0.351636 0.042965 0.0484285 0.844146
3 0.0144336 0.696571 0.0287652 0.0805419 0.843507
3 0.492973 0.271865 0.0356354 0.0431781 0.831694
3 0.504868 0.294612 0.0428629 0.039712 0.830467
3 0.320759 0.720319 0.02626 0.0830981 0.828071
3 0.753828 0.0846985 0.0225128 0.0448153 0.794269
3 0.325978 0.12597 0.0217271 0.0462221 0.788248
3 0.373034 0.120126 0.0198052 0.0514729 0.787485
4 0.78459 0.45934 0.045963 0.0584481 0.780518
9 0.136456 0.572309 0.0139376 0.0290568 0.576818
9 0.396111 0.102135 0.00932539 0.0194399 0.559177
3 0.546082 0.335323 0.0178579 0.0392898 0.450793
3 0.701327 0.591675 0.051594 0.0521273 0.440631
9 0.276112 0.589748 0.0110629 0.0358187 0.406323
3 0.710218 0.591207 0.0338079 0.0510953 0.378628
3 0.784607 0.459504 0.0454299 0.0573686 0.318933
3 0.586893 0.262975 0.0278883 0.0371524 0.31815
9 0.268718 0.12528 0.00871726 0.0219245 0.290142
