3 0.393486 0.55157 0.0255927 0.0244293 0.871457
3 0.322035 0.613683 0.032405 0.0333462 0.8663
4 0.49681 0.604369 0.0244295 0.0334749 0.844267
3 0.0729679 0.832183 0.0778484 0.0708087 0.837603
3 0.556621 0.571812 0.0223422 0.0245872 0.828613
3 0.494084 0.681489 0.0334609 0.0345283 0.828503
3 0.444178 0.77527 0.040176 0.0533231 0.826398
3 0.158934 0.754831 0.0473525 0.0498003 0.817179
3 0.314214 0.972773 0.0763798 0.0544548 0.813745
3 0.357965 0.582639 0.0262528 0.0260864 0.811012
3 0.221969 0.696492 0.0477599 0.0463582 0.791366
4 0.386503 0.87487 0.0459185 0.0651176 0.779042
3 0.528634 0.62501 0.0256656 0.032355 0.76216
4 0.0722813 0.780701 0.102139 0.0806181 0.70771
3 0.473857 0.478599 0.0178625 0.0181202 0.695917
3 0.417342 0.508289 0.0185013 0.0209977 0.688825
3 0.485381 0.585199 0.0208342 0.0287053 0.600663
3 0.41762 0.532291 0.0237068 0.0232456 0.578267
0 0.989651 0.755861 0.0128625 0.0249448 0.506561
3 0.446495 0.507472 0.0144739 0.0194764 0.504567
3 0.502509 0.524634 0.025859 0.0196386 0.498776
3 0.429196 0.518216 0.0164113 0.0207647 0.486618
3 0.546756 0.431431 0.0116395 0.0129526 0.485927
3 0.586476 0.47168 0.0144061 0.0163853 0.474392
3 0.615512 0.376249 0.00848485 0.0107561 0.462228
0 0.846079 0.540452 0.00757978 0.0193657 0.46192
3 0.43227 0.514562 0.0162802 0.0199633 0.461232
3 0.605556 0.404624 0.0136622 0.0117076 0.446421
0 0.908013 0.757504 0.0120517 0.0300523 0.4389
0 0.112895 0.726002 0.00994048 0.032914 0.36198
3 0.659371 0.340436 0.00842037 0.00768523 0.360048
1 0.51592 0.759811 0.009774 0.0271597 0.332484
4 0.226787 0.649488 0.0433474 0.0429717 0.303448
3 0.644011 0.361574 0.0109839 0.0089536 0.296317
0 0.182831 0.651833 0.00851973 0.0269784 0.294292
0 0.846905 0.793526 0.0117539 0.032447 0.28147
3 0.525579 0.605336 0.0198184 0.0234913 0.267085
0 0.858329 0.542195 0.00744742 0.0198024 0.262838
