0 0.520616 0.607091 0.0121593 0.0215649 0.683417
0 0.495166 0.574553 0.00930843 0.0240667 0.649566
0 0.514996 0.556404 0.00971889 0.0256331 0.634434
0 0.484737 0.579062 0.00978755 0.0248845 0.628861
0 0.652829 0.686556 0.0111782 0.0216894 0.623291
0 0.466865 0.547109 0.0112408 0.0204577 0.607636
0 0.478627 0.50712 0.0101485 0.0309164 0.602463
0 0.655946 0.725963 0.0131445 0.0210834 0.586036
0 0.609745 0.732835 0.00904977 0.0215185 0.577019
0 0.722156 0.7849 0.0129658 0.0184824 0.568502
0 0.465694 0.624832 0.0125395 0.0213812 0.563867
0 0.478384 0.497317 0.00967882 0.0305029 0.55697
0 0.335261 0.429035 0.0126711 0.0218379 0.549941
0 0.3678 0.506403 0.0102028 0.020255 0.519177
0 0.706073 0.761884 0.0153666 0.020798 0.517862
0 0.665078 0.66753 0.0100189 0.0194244 0.51366
0 0.63638 0.714082 0.0141125 0.0226153 0.507208
0 0.379285 0.49124 0.010333 0.0234823 0.479104
0 0.381378 0.509307 0.0103728 0.0195237 0.471095
0 0.773455 0.803797 0.0159159 0.0186445 0.46608
0 0.405246 0.501044 0.0130625 0.0234085 0.458286
0 0.379167 0.467515 0.0152787 0.0220822 0.434136
0 0.599125 0.695344 0.0110163 0.0173671 0.433477
0 0.40352 0.6655 0.010441 0.022377 0.432283
0 0.647211 0.657816 0.00964469 0.0269105 0.432044
0 0.433812 0.601767 0.0127195 0.0208848 0.401444
0 0.655866 0.745989 0.012329 0.0185459 0.388166
0 0.205512 0.650124 0.00872107 0.02742 0.38208
0 0.185841 0.508261 0.0121643 0.0203392 0.379078
0 0.35304 0.49154 0.0112006 0.0212642 0.37272
0 0.409524 0.592953 0.00801527 0.0222117 0.372029
0 0.600691 0.696254 0.011325 0.0168243 0.365475
0 0.233534 0.327579 0.0137957 0.0208204 0.365385
0 0.753004 0.786309 0.0150945 0.0182552 0.352737
0 0.601693 0.745733 0.0114929 0.0192938 0.3499
0 0.388217 0.468571 0.0112537 0.0203562 0.34485
0 0.558632 0.641401 0.010243 0.023526 0.344672
0 0.42882 0.612637 0.0104301 0.0188924 0.342896
0 0.650022 0.679504 0.0130157 0.0207826 0.342491
0 0.59602 0.620957 0.0122137 0.0205623 0.342019
5 0.0505259 0.314661 0.100962 0.133529 0.340554
0 0.73279 0.806628 0.0114076 0.0170736 0.335991
0 0.204442 0.48739 0.013342 0.0183863 0.326671
0 0.646731 0.653983 0.0103466 0.0235748 0.320878
0 0.0696885 0.125106 0.0143406 0.0306945 0.320828
0 0.406247 0.578125 0.0109329 0.0228742 0.319383
0 0.437959 0.60071 0.011597 0.0194406 0.314911
0 0.595372 0.599001 0.0103037 0.0218565 0.310575
0 0.386512 0.570251 0.00765865 0.0204307 0.304294
0 0.776193 0.802179 0.0181865 0.0238792 0.302121
0 0.558066 0.65091 0.00979967 0.0251597 0.300219
0 0.753595 0.789952 0.014216 0.0191454 0.297976
0 0.508128 0.659253 0.00909424 0.0176745 0.295164
0 0.535391 0.653262 0.0138355 0.0171441 0.28775
0 0.557974 0.65557 0.0099986 0.0215123 0.286462
0 0.656714 0.742784 0.0131033 0.0177974 0.285198
0 0.435998 0.601687 0.00937422 0.0198974 0.284303
0 0.592684 0.646921 0.0130477 0.0189246 0.267628
0 0.411135 0.570902 0.00917855 0.0219225 0.265316
0 0.385536 0.467801 0.0128152 0.0207745 0.264516
0 0.413346 0.572839 0.0108839 0.0242976 0.259288
0 0.380725 0.614828 0.00929631 0.0187557 0.258178
0 0.210904 0.424313 0.0124739 0.0184216 0.255272
