3 0.355768 0.396467 0.0196008 0.0717774 0.87686
3 0.34543 0.560697 0.0219158 0.0772177 0.872852
3 0.386386 0.753175 0.0218129 0.0842273 0.867547
8 0.325268 0.722289 0.0403869 0.125102 0.865908
8 0.4105 0.892737 0.0403455 0.208375 0.864635
3 0.295642 0.218722 0.0191423 0.0644243 0.864161
3 0.976381 0.945898 0.0449608 0.0390594 0.84839
8 0.431523 0.513682 0.0254137 0.133705 0.779679
8 0.372522 0.961246 0.0347976 0.0751752 0.777071
4 0.406338 0.465773 0.0182835 0.0660218 0.697562
0 0.182226 0.139155 0.00702017 0.0180743 0.648959
0 0.178112 0.347689 0.00679846 0.0168682 0.631462
0 0.47883 0.683329 0.00554247 0.012836 0.625131
0 0.955536 0.863147 0.0115974 0.013205 0.601448
0 0.907755 0.841834 0.0126699 0.0150826 0.595882
0 0.843885 0.974741 0.00931205 0.0130044 0.587918
0 0.879368 0.843354 0.0142761 0.0142852 0.580745
0 0.898607 0.927535 0.0101582 0.0119631 0.57951
0 0.902969 0.82034 0.0113529 0.014489 0.568702
0 0.571528 0.849008 0.00843506 0.0154426 0.5596
0 0.913763 0.87206 0.0112509 0.0142521 0.532902
0 0.1688 0.313647 0.00752961 0.0155657 0.526674
0 0.167183 0.238618 0.00722322 0.0198885 0.526162
0 0.891115 0.90482 0.00999948 0.0149099 0.522275
0 0.562446 0.824317 0.00834067 0.0175183 0.518193
0 0.544563 0.780193 0.0072607 0.0133911 0.511558
0 0.523623 0.835076 0.00976026 0.0183379 0.509288
0 0.729247 0.844886 0.00796531 0.0134214 0.508785
0 0.479606 0.569471 0.00641135 0.0169107 0.508511
0 0.191893 0.341983 0.00595232 0.0186735 0.504293
0 0.838064 0.889303 0.0116158 0.0159478 0.50345
0 0.488618 0.651453 0.00588933 0.0141366 0.491542
0 0.49472 0.614079 0.00574951 0.0156336 0.482998
0 0.917897 0.929964 0.0139952 0.0125969 0.471084
0 0.836621 0.889863 0.0111966 0.017999 0.464195
0 0.510861 0.861317 0.00924979 0.015946 0.461819
0 0.51516 0.0472711 0.00726532 0.0212804 0.461761
0 0.607487 0.779354 0.0106638 0.0132325 0.461209
0 0.594212 0.824764 0.0114059 0.0135232 0.458999
0 0.478356 0.646634 0.00638868 0.0136995 0.458346
0 0.619357 0.915329 0.00835706 0.0148951 0.456558
0 0.648753 0.925045 0.0100081 0.0154544 0.456299
0 0.496251 0.584943 0.00650569 0.016192 0.452315
0 0.495348 0.548602 0.00702118 0.0147413 0.452236
0 0.518034 0.746004 0.00735033 0.0183172 0.441803
0 0.569981 0.800427 0.00745183 0.0151332 0.440346
0 0.942475 0.837865 0.0165146 0.015654 0.440166
0 0.484425 0.630112 0.00675219 0.0167517 0.437176
0 0.496396 0.187541 0.00620117 0.0198467 0.431209
0 0.50349 0.156953 0.00613613 0.018654 0.430221
0 0.673467 0.78296 0.00954206 0.0137482 0.423484
0 0.191663 0.345479 0.00585223 0.019873 0.418858
0 0.814604 0.970619 0.00897557 0.0132538 0.414613
0 0.598036 0.904215 0.00910435 0.0175439 0.414108
0 0.71969 0.962939 0.00843031 0.0160209 0.412525
0 0.194244 0.0595161 0.00620756 0.0185928 0.411635
0 0.477488 0.60761 0.00807944 0.0161788 0.405018
0 0.495845 0.190191 0.00591213 0.0199318 0.404713
0 0.231865 0.34696 0.00661359 0.0189575 0.401552
0 0.639879 0.887135 0.00781468 0.0144824 0.401223
0 0.954036 0.896902 0.0150109 0.0171922 0.393399
0 0.173564 0.375829 0.00962978 0.0167939 0.39237
0 0.227935 0.249831 0.0070929 0.0214783 0.392093
0 0.497216 0.637317 0.00702162 0.014007 0.386677
0 0.621459 0.928541 0.00896768 0.0162977 0.386096
0 0.207324 0.280036 0.00660668 0.0180798 0.385509
0 0.175108 0.375931 0.00720849 0.0194295 0.384612
0 0.67923 0.836885 0.0084259 0.0144769 0.370917
0 0.56377 0.821513 0.0107021 0.0175365 0.363722
0 0.501981 0.268784 0.00866664 0.0175902 0.361506
0 0.896746 0.975337 0.012186 0.0142 0.355635
0 0.215152 0.285656 0.00729895 0.0160144 0.354842
0 0.535659 0.751253 0.00884199 0.0174999 0.352915
0 0.454866 0.596619 0.00701656 0.0205204 0.352142
0 0.196838 0.1379 0.00661946 0.0205016 0.346468
0 0.601194 0.910159 0.0102022 0.0161159 0.34604
0 0.482235 0.222816 0.00635071 0.0223942 0.340745
0 0.883724 0.901903 0.0140606 0.0172879 0.340057
0 0.508923 0.0755216 0.00582275 0.0196636 0.331844
0 0.490221 0.678401 0.00721797 0.0201129 0.33149
0 0.170855 0.286122 0.00870729 0.0197394 0.331344
0 0.495644 0.231297 0.00512565 0.0187509 0.327373
5 0.178222 0.73307 0.0520646 0.0490974 0.326698
0 0.96928 0.892556 0.0146931 0.0148964 0.324147
0 0.661044 0.946403 0.009598 0.0171061 0.323549
0 0.978224 0.873769 0.0134926 0.0153291 0.314568
0 0.974222 0.807586 0.014372 0.0162027 0.307816
0 0.695498 0.918765 0.00906468 0.0164658 0.30682
0 0.516542 0.745218 0.00809344 0.0156211 0.303603
0 0.996574 0.850074 0.00685216 0.0156605 0.298087
0 0.78334 0.818895 0.00894758 0.0155131 0.291985
0 0.176003 0.375954 0.0105096 0.0169643 0.290762
0 0.503418 0.231179 0.00600795 0.0185088 0.288024
0 0.973971 0.810027 0.015221 0.0125839 0.287037
0 0.498204 0.0480191 0.00891676 0.0212483 0.285523
0 0.502657 0.0489013 0.0074564 0.0184423 0.282308
3 0.178727 0.732506 0.0516776 0.0469808 0.281954
0 0.511838 0.253328 0.00630951 0.020311 0.276166
0 0.222048 0.17355 0.00730303 0.0206555 0.275921
0 0.810209 0.970071 0.0153317 0.0142457 0.275676
0 0.535646 0.749535 0.0069397 0.0154253 0.275544
0 0.495255 0.233869 0.00525478 0.0209103 0.275472
0 0.507909 0.108215 0.00670353 0.019415 0.27342
0 0.666003 0.9036 0.00681266 0.0142261 0.26558
0 0.660318 0.858235 0.00828801 0.0157876 0.265048
0 0.591591 0.82466 0.0109404 0.01654 0.264466
0 0.514034 0.0448249 0.00617122 0.0233035 0.263334
0 0.487134 0.263203 0.0056778 0.017623 0.257861
0 0.206115 0.274922 0.00722815 0.0176754 0.256926
0 0.495039 0.590765 0.00524026 0.0177953 0.256694
0 0.696038 0.923701 0.00931606 0.0180885 0.255345
0 0.50319 0.124448 0.00670157 0.0189903 0.25455
0 0.503264 0.234379 0.00609379 0.0199967 0.2525
