3 0.234557 0.471942 0.0374084 0.040943 0.855721
3 0.189264 0.486285 0.0355224 0.0405969 0.853164
3 0.157787 0.510973 0.0379499 0.0474478 0.832609
3 0.139928 0.388043 0.0272471 0.035143 0.802695
3 0.549609 0.51429 0.0449455 0.0537035 0.787336
3 0.0987138 0.358616 0.0379488 0.0328196 0.724128
3 0.197664 0.434551 0.0322617 0.0375775 0.647226
3 0.16684 0.410876 0.0333974 0.0391389 0.630988
3 0.575122 0.541457 0.0436927 0.0513219 0.591993
4 0.155517 0.451896 0.0313277 0.0408063 0.437863
3 0.155802 0.452518 0.0320715 0.0416702 0.424971
4 0.576007 0.541846 0.0415444 0.050105 0.365268
3 0.106584 0.359095 0.027104 0.0263919 0.308933
