0 0.440281 0.92339 0.0114317 0.0298237 0.817288
0 0.464137 0.869251 0.0121494 0.0318253 0.805206
0 0.56585 0.669573 0.0104471 0.02876 0.757587
0 0.39371 0.798024 0.0137209 0.0325239 0.743861
0 0.814227 0.94498 0.0162381 0.0266331 0.73019
0 0.502129 0.713999 0.00861851 0.026324 0.668394
0 0.558978 0.63316 0.0103983 0.0272536 0.629333
0 0.429627 0.789114 0.00952131 0.0349804 0.629035
0 0.203495 0.960733 0.0146367 0.0369975 0.603804
0 0.623736 0.578867 0.0103165 0.0327664 0.571329
0 0.332927 0.876331 0.0155925 0.0316855 0.567693
0 0.278366 0.905331 0.0146677 0.0306087 0.552527
0 0.270875 0.907411 0.0119694 0.035696 0.552326
0 0.542521 0.656342 0.00850717 0.0301184 0.548816
0 0.490341 0.718895 0.00976026 0.0282154 0.503606
0 0.257955 0.927034 0.0140131 0.0300764 0.47271
0 0.480654 0.69687 0.00959634 0.026115 0.439648
0 0.191949 0.962167 0.0169468 0.0349979 0.406842
0 0.353821 0.703754 0.00848474 0.0243897 0.406058
0 0.231791 0.962967 0.0150286 0.0370408 0.38832
0 0.274097 0.90458 0.015031 0.0329772 0.386812
0 0.515619 0.670009 0.00966836 0.0276361 0.386067
0 0.352722 0.861188 0.0103523 0.0188307 0.384612
0 0.499219 0.670621 0.0109427 0.0303498 0.374816
0 0.242532 0.948 0.0151712 0.0364725 0.374768
0 0.625555 0.57826 0.0116333 0.0335121 0.355284
0 0.309533 0.859049 0.0103234 0.0267696 0.330478
0 0.959243 0.152951 0.0143179 0.0354226 0.330002
0 0.529075 0.657494 0.00875715 0.0259974 0.315807
0 0.446001 0.652169 0.00859658 0.0228126 0.308945
0 0.507907 0.671201 0.0077383 0.0287339 0.303707
0 0.18746 0.964975 0.0147622 0.0333777 0.300998
0 0.877665 0.338005 0.0165086 0.0333613 0.29325
0 0.562301 0.631857 0.0129786 0.0285094 0.292382
0 0.894511 0.376626 0.01525 0.0264074 0.271978
0 0.448902 0.706221 0.0103194 0.0317161 0.256535
