3 0.133244 0.759472 0.0467414 0.0392884 0.566169
3 0.364833 0.441545 0.0650354 0.0470728 0.549829
3 0.209575 0.721457 0.0429181 0.0387799 0.50262
6 0.358868 0.480251 0.0395657 0.0381795 0.453543
7 0.374466 0.107798 0.0532198 0.0521695 0.424993
5 0.364577 0.441697 0.0660107 0.0479776 0.372417
7 0.387346 0.194072 0.0610055 0.046288 0.357431
5 0.207048 0.637544 0.0465903 0.0425094 0.334274
5 0.224026 0.679856 0.0692051 0.0449759 0.325805
7 0.370975 0.143855 0.0522897 0.0367446 0.324231
5 0.32575 0.724172 0.0656598 0.0444488 0.318492
5 0.123171 0.658216 0.0652571 0.0558453 0.30926
5 0.351966 0.517335 0.0505918 0.0408181 0.258538
0 0.565006 0.364772 0.00751609 0.0190021 0.252757
