5 0.907496 0.856686 0.184851 0.119606 0.898584
5 0.473643 0.913719 0.0661085 0.05523 0.893452
5 0.295193 0.762709 0.0408259 0.109867 0.892932
3 0.0532158 0.266518 0.0291186 0.0354246 0.887901
3 0.537858 0.621025 0.0282264 0.0671613 0.886962
3 0.60023 0.876322 0.0632542 0.0505253 0.886747
3 0.249966 0.937619 0.0671139 0.0483214 0.876337
3 0.35099 0.633586 0.026422 0.0661402 0.858387
3 0.806555 0.72767 0.0607876 0.0442407 0.854128
3 0.5041 0.129083 0.0198507 0.0263709 0.851883
3 0.10344 0.959425 0.0764067 0.0519728 0.847492
3 0.440039 0.546053 0.0512207 0.0349831 0.8462
3 0.459346 0.0937388 0.0299404 0.0200466 0.845837
3 0.596145 0.674449 0.0589859 0.040903 0.843615
3 0.0354627 0.306113 0.0305206 0.0353385 0.842708
3 0.432957 0.486176 0.0448736 0.0327639 0.842177
3 0.525241 0.503354 0.019669 0.0544071 0.834127
3 0.4391 0.606855 0.0478958 0.0343898 0.833975
3 0.357583 0.134636 0.0149506 0.0288092 0.833272
3 0.458007 0.134826 0.0311899 0.0204229 0.828877
5 0.35049 0.190771 0.0218575 0.0533235 0.827384
3 0.428773 0.408689 0.0417871 0.0286482 0.825302
3 0.435698 0.516371 0.0433532 0.0306917 0.81886
5 0.345046 0.243919 0.0231981 0.0504005 0.818483
3 0.431998 0.577996 0.0472284 0.032335 0.800793
5 0.416865 0.30804 0.0522446 0.0473215 0.76751
5 0.366077 0.044154 0.0165348 0.0432759 0.754856
3 0.104746 0.156526 0.0240248 0.0354954 0.753641
3 0.411403 0.066819 0.0151831 0.0252656 0.750646
3 0.427481 0.45447 0.0472742 0.0311981 0.725209
3 0.442803 0.700646 0.0547881 0.0359928 0.723862
3 0.387111 0.403295 0.0185406 0.043916 0.707847
3 0.133657 0.102137 0.0238402 0.0310413 0.699845
0 0.294205 0.860033 0.0100624 0.0136594 0.64672
3 0.416915 0.350562 0.0403727 0.0276585 0.632923
9 0.958224 0.760153 0.0320803 0.0153564 0.618467
5 0.578431 0.956429 0.254382 0.0868624 0.61309
3 0.547237 0.365799 0.0378655 0.0267516 0.604336
4 0.413484 0.250052 0.0359396 0.0297066 0.599381
3 0.360425 0.0989208 0.0153939 0.03114 0.592249
3 0.369322 0.0114126 0.0128473 0.0222126 0.589412
4 0.455645 0.00982682 0.0292328 0.0196536 0.557605
3 0.418199 0.369206 0.0418573 0.0339678 0.552347
3 0.405719 0.143793 0.0261075 0.0193703 0.510699
4 0.418272 0.370307 0.0406986 0.0325324 0.499298
3 0.147461 0.0624494 0.0190573 0.0223534 0.497573
0 0.313493 0.863082 0.0120212 0.0120369 0.417547
3 0.448687 0.738971 0.0519835 0.0346607 0.410933
5 0.384028 0.535777 0.0206085 0.056613 0.406419
9 0.50773 0.340192 0.0137444 0.0159828 0.374449
0 0.167085 0.0695276 0.00731773 0.0155345 0.269063
0 0.310296 0.23049 0.00814163 0.0151711 0.262925
