0 0.879614 0.125307 0.0214659 0.0331187 0.705508
0 0.832509 0.309095 0.0230613 0.0295018 0.653149
0 0.813223 0.248803 0.0242794 0.0291918 0.653016
0 0.827169 0.553042 0.0190725 0.0200224 0.566501
0 0.569158 0.871336 0.0160222 0.0282719 0.524221
0 0.965832 0.649691 0.0236021 0.0210363 0.423607
0 0.42551 0.407568 0.0125296 0.0236551 0.416744
0 0.794288 0.982454 0.0179867 0.0294189 0.402125
0 0.5816 0.132205 0.012311 0.0280229 0.365772
0 0.60219 0.883959 0.017143 0.0324284 0.343429
0 0.828566 0.989081 0.0138243 0.0218389 0.30308
0 0.80204 0.938414 0.0197458 0.0293003 0.260783
0 0.813294 0.258107 0.0256512 0.0470454 0.258632
