0 0.608414 0.0196756 0.0101889 0.0369391 0.703046
0 0.584141 0.0651804 0.00989227 0.0384429 0.673345
0 0.592696 0.018477 0.0100561 0.0367543 0.672503
0 0.530122 0.141852 0.00938298 0.0359595 0.626634
0 0.570211 0.0653231 0.0131086 0.0428785 0.610309
0 0.597621 0.104735 0.011323 0.0427207 0.602933
0 0.495515 0.206431 0.0108869 0.0418389 0.578306
0 0.508135 0.203646 0.012623 0.0380785 0.533392
0 0.357431 0.951364 0.0168832 0.0244234 0.516943
0 0.322975 0.336001 0.0158268 0.0320629 0.515243
0 0.416172 0.485092 0.0123667 0.0300013 0.500406
0 0.453587 0.421126 0.0138103 0.0317863 0.496801
0 0.446997 0.420652 0.0108967 0.0286449 0.493821
0 0.336962 0.971815 0.0125867 0.0255917 0.462036
0 0.566261 0.01956 0.0106037 0.036046 0.460182
0 0.320037 0.97718 0.0165891 0.0229486 0.456247
0 0.385298 0.285399 0.0117005 0.0272009 0.452164
0 0.653099 0.0413589 0.0146297 0.0343593 0.450021
0 0.53396 0.539077 0.0139833 0.0235777 0.403959
0 0.533485 0.657737 0.0122824 0.0282969 0.400043
0 0.567451 0.0655504 0.0115552 0.0430699 0.394377
0 0.509538 0.417161 0.0121739 0.0333308 0.383996
0 0.568747 0.0545708 0.0137173 0.0423723 0.375973
0 0.335489 0.976277 0.0132979 0.0307479 0.372642
0 0.609713 0.188079 0.0106728 0.0279082 0.365129
0 0.406805 0.311103 0.0149147 0.0312835 0.347618
0 0.4995 0.414515 0.0115038 0.0333654 0.338824
0 0.536346 0.653521 0.016437 0.0338648 0.338653
0 0.359938 0.319641 0.0109903 0.0284628 0.308117
0 0.567226 0.0296623 0.0116909 0.0491837 0.307151
0 0.533207 0.577519 0.0194347 0.024813 0.305571
0 0.53294 0.558003 0.0140285 0.0188604 0.266749
0 0.373611 0.955956 0.0138375 0.035054 0.261477
