3 0.229806 0.862143 0.0131008 0.0262251 0.822095
3 0.444471 0.918317 0.0107369 0.0359385 0.820513
8 0.409542 0.808525 0.0212214 0.066621 0.809253
3 0.527914 0.957511 0.00978385 0.0349577 0.805333
3 0.246798 0.858622 0.0121045 0.0267976 0.803477
3 0.194562 0.848428 0.0148675 0.0248328 0.756409
8 0.395734 0.888981 0.021217 0.076458 0.74593
3 0.395129 0.68555 0.0180607 0.012457 0.743756
3 0.583967 0.844928 0.0102743 0.0298139 0.733609
3 0.554036 0.89901 0.00955143 0.0250412 0.70668
3 0.54039 0.62813 0.00692422 0.0153496 0.704989
3 0.547993 0.776889 0.00849016 0.022084 0.703153
3 0.561554 0.846899 0.0106351 0.0294739 0.701653
3 0.372298 0.687086 0.0163905 0.0116509 0.687183
3 0.209041 0.846001 0.0116009 0.0251104 0.683846
3 0.573287 0.846068 0.00919591 0.0291679 0.678706
3 0.604143 0.864915 0.0218464 0.0150262 0.675744
3 0.363915 0.712796 0.015757 0.01359 0.670601
3 0.297397 0.846723 0.0107893 0.0239774 0.661688
3 0.571858 0.778304 0.00821459 0.0244906 0.647033
3 0.605127 0.88367 0.0191485 0.0142615 0.643195
3 0.311132 0.838757 0.010196 0.025544 0.639208
3 0.596276 0.738399 0.0168423 0.0123848 0.636972
3 0.56052 0.777973 0.00857583 0.0245699 0.627872
3 0.602157 0.828601 0.0180527 0.0134397 0.625003
5 0.493195 0.496576 0.00783979 0.0204341 0.620765
3 0.535336 0.713671 0.00822745 0.020998 0.61489
3 0.564182 0.611975 0.0113466 0.0164657 0.598224
3 0.596809 0.725372 0.0175575 0.0125069 0.596538
3 0.598228 0.759201 0.0186893 0.0141047 0.595462
3 0.322355 0.710285 0.0156025 0.0145841 0.581295
3 0.44158 0.563562 0.015576 0.0105474 0.57408
4 0.127046 0.861722 0.0192407 0.0343277 0.563867
5 0.363283 0.944666 0.0233449 0.0565783 0.561184
3 0.603679 0.839888 0.0189411 0.0136672 0.55383
3 0.579109 0.456732 0.0108288 0.0076514 0.535018
3 0.212028 0.650137 0.0120884 0.0117668 0.528387
3 0.849657 0.871645 0.0239735 0.0152929 0.518399
3 0.597401 0.708791 0.0165861 0.0136817 0.518386
4 0.144581 0.857636 0.0198746 0.0330248 0.517904
3 0.840296 0.77882 0.0219799 0.0124691 0.506853
3 0.64011 0.78325 0.0195865 0.0121727 0.499129
3 0.597991 0.772356 0.0163586 0.014432 0.493731
3 0.652538 0.865499 0.0224716 0.0147884 0.491735
3 0.569556 0.47964 0.0046831 0.00969849 0.490071
3 0.846196 0.856389 0.0229701 0.0137882 0.480497
5 0.159311 0.970961 0.0645143 0.0321737 0.479985
3 0.836047 0.827143 0.0213003 0.0130951 0.479755
3 0.608638 0.91674 0.0205922 0.0140034 0.477478
3 0.535831 0.667376 0.00916491 0.0185552 0.467973
4 0.268853 0.854743 0.0163928 0.0369614 0.467963
3 0.525208 0.771687 0.00712206 0.0213496 0.467559
3 0.526423 0.771408 0.00965903 0.0241747 0.466763
3 0.567295 0.594311 0.00848075 0.0147743 0.465721
5 0.106104 0.977778 0.0801546 0.0444437 0.452605
3 0.899401 0.821145 0.025129 0.0140061 0.429493
3 0.641213 0.795958 0.0200899 0.0122699 0.421869
3 0.854926 0.817018 0.0198178 0.0131383 0.420627
3 0.345813 0.729326 0.00899392 0.0212283 0.402674
4 0.316133 0.881179 0.028472 0.0232104 0.400153
3 0.19077 0.938338 0.0128219 0.0227462 0.397375
3 0.599583 0.770615 0.0172934 0.0116763 0.393501
3 0.609502 0.928077 0.0207561 0.0157046 0.390823
4 0.333501 0.732283 0.0111223 0.0242328 0.390426
5 0.553658 0.424196 0.00605495 0.0142242 0.38854
3 0.836611 0.829189 0.0205978 0.0109008 0.382765
3 0.582504 0.778234 0.00762211 0.0237328 0.378668
3 0.607559 0.900154 0.0194134 0.0164598 0.376175
5 0.0978385 0.863088 0.0210516 0.0360808 0.371258
3 0.635331 0.758952 0.0209682 0.0138326 0.369801
3 0.502893 0.456902 0.00679282 0.00947495 0.360193
3 0.558381 0.392264 0.00538273 0.00884641 0.358713
5 0.310298 0.90314 0.0338393 0.0209155 0.358284
3 0.355649 0.730063 0.0102145 0.0196739 0.357279
3 0.362271 0.714276 0.0164506 0.0129288 0.353791
3 0.868935 0.85841 0.0214283 0.0138775 0.351452
3 0.21763 0.866135 0.00909919 0.0236082 0.34763
3 0.653427 0.880518 0.0238423 0.0112526 0.342519
3 0.830106 0.812806 0.0193168 0.0115222 0.34198
3 0.823298 0.79559 0.0177776 0.011397 0.327189
5 0.079285 0.865387 0.0231738 0.0395533 0.309179
5 0.0739078 0.864973 0.020202 0.041833 0.308281
3 0.581798 0.428496 0.00784014 0.00951056 0.304573
3 0.826807 0.731652 0.0201353 0.0135221 0.302601
5 0.338986 0.970704 0.0170419 0.0391357 0.297856
3 0.833562 0.819125 0.0203491 0.0121039 0.297828
3 0.444306 0.438004 0.007532 0.00915763 0.29442
3 0.633223 0.741213 0.0174789 0.0121785 0.291573
3 0.81319 0.750821 0.0228019 0.0131121 0.284368
3 0.846674 0.791656 0.0177536 0.0123131 0.282092
8 0.455309 0.676124 0.0106798 0.0342297 0.280791
5 0.31496 0.883186 0.0297246 0.0228059 0.275599
3 0.865167 0.843034 0.0224968 0.0129079 0.272645
3 0.839851 0.841461 0.0216572 0.0128617 0.2712
3 0.360475 0.646554 0.00918178 0.0171091 0.270957
4 0.879133 0.886968 0.0241346 0.0153592 0.268854
3 0.901012 0.82659 0.025005 0.0111466 0.261083
3 0.828568 0.743094 0.0208058 0.0119008 0.257422
3 0.837053 0.764315 0.0187878 0.0122838 0.257317
3 0.580472 0.407245 0.00745239 0.0097517 0.255402
3 0.581713 0.389861 0.0085849 0.00759469 0.253239
5 0.552481 0.452236 0.00754547 0.0139492 0.251339
3 0.853554 0.80976 0.0192177 0.0108828 0.251071
3 0.553549 0.414537 0.00626356 0.0125371 0.250282
