3 0.208376 0.83783 0.0348789 0.0851372 0.872112
3 0.277401 0.827117 0.0296393 0.0877036 0.869358
3 0.394295 0.836671 0.0288974 0.0937172 0.86924
3 0.865043 0.762492 0.037648 0.0841726 0.863389
3 0.491671 0.2667 0.0416972 0.0285976 0.861855
3 0.476244 0.484425 0.0544522 0.0318272 0.859627
3 0.482424 0.418775 0.0515396 0.033195 0.858028
3 0.0678413 0.273263 0.0288912 0.0530263 0.856297
3 0.490676 0.127953 0.0414314 0.0293277 0.850483
3 0.489313 0.102544 0.0421448 0.026615 0.849748
3 0.605814 0.015818 0.0178986 0.0314021 0.841218
3 0.794914 0.762558 0.0344176 0.0783292 0.832891
3 0.485686 0.386697 0.0460775 0.0290794 0.831496
3 0.47346 0.449359 0.0473202 0.0308731 0.827805
3 0.830782 0.760885 0.0370646 0.0869629 0.821717
3 0.489219 0.293322 0.0411512 0.0281133 0.811004
3 0.0938313 0.285775 0.0277349 0.0458485 0.808628
4 0.493354 0.21401 0.036348 0.0290623 0.718176
3 0.45863 0.0094952 0.0213274 0.0185851 0.707736
0 0.166142 0.960449 0.015978 0.0133659 0.575957
3 0.136274 0.30299 0.0269626 0.0361041 0.515962
3 0.0423474 0.283945 0.0233516 0.0472293 0.409087
0 0.272036 0.92883 0.0132164 0.0125255 0.317316
