5 0.480639 0.551733 0.045639 0.0944603 0.714303
3 0.367653 0.463202 0.0437254 0.0363801 0.679828
5 0.480287 0.56626 0.0437689 0.0658389 0.608497
5 0.60917 0.590684 0.0411632 0.0840767 0.584407
3 0.591055 0.460691 0.0220369 0.0396523 0.562176
3 0.631714 0.464832 0.0296051 0.0390139 0.529667
3 0.662412 0.609228 0.0411415 0.0753509 0.510558
5 0.417742 0.567903 0.0564207 0.0660881 0.48523
3 0.564625 0.455693 0.0213453 0.0345585 0.412761
5 0.541145 0.582603 0.0462669 0.0820144 0.384098
5 0.603958 0.581068 0.0505703 0.0997683 0.381995
8 0.279535 0.514573 0.126399 0.0898213 0.324798
5 0.369165 0.548876 0.0517473 0.0649925 0.311538
3 0.268644 0.734523 0.0580421 0.0592073 0.286695
5 0.170173 0.868761 0.328739 0.262479 0.278652
3 0.559835 0.453213 0.0257898 0.0367632 0.252953
3 0.662886 0.544025 0.031451 0.0424683 0.252062
4 0.443917 0.519942 0.0206984 0.042944 0.25022
