3 0.515807 0.439743 0.0104633 0.0296941 0.842015
3 0.54121 0.0599793 0.00898485 0.0191371 0.767278
3 0.500953 0.839345 0.0116558 0.0424086 0.740642
3 0.659957 0.248197 0.0201345 0.0164199 0.731123
5 0.232665 0.777215 0.0436424 0.0675875 0.709241
3 0.986672 0.956044 0.0174869 0.0248976 0.671576
5 0.198106 0.769901 0.0489535 0.0459084 0.646431
3 0.96007 0.438245 0.0210909 0.0143226 0.644942
3 0.648462 0.095829 0.0112171 0.033595 0.639823
3 0.957987 0.350527 0.0196606 0.0133958 0.633364
3 0.916113 0.4475 0.0205192 0.0137847 0.617171
3 0.934768 0.43545 0.0184494 0.0139065 0.611764
3 0.97356 0.986691 0.0195046 0.0237546 0.606481
3 0.979154 0.973993 0.0258307 0.0380701 0.592194
5 0.619527 0.580705 0.0113273 0.0439781 0.590842
3 0.537341 0.418391 0.0099636 0.0327273 0.577332
3 0.938622 0.418647 0.0272055 0.014956 0.558529
3 0.918914 0.610756 0.0246853 0.0172442 0.553287
3 0.65234 0.154504 0.0234788 0.01766 0.551905
5 0.200092 0.836746 0.0261946 0.0275979 0.549519
9 0.493331 0.745944 0.00555154 0.0159541 0.528796
5 0.416859 0.944836 0.0369045 0.108217 0.47137
9 0.630539 0.865177 0.00630798 0.0151236 0.396662
3 0.508558 0.371085 0.00834351 0.0306845 0.39437
3 0.977978 0.926839 0.0194706 0.026548 0.378395
4 0.923115 0.584733 0.021632 0.0156228 0.360221
3 0.977004 0.983831 0.025872 0.0276029 0.355896
3 0.917317 0.416785 0.0217686 0.0133323 0.354577
4 0.356865 0.847239 0.019983 0.0311307 0.336058
5 0.538102 0.199022 0.0150513 0.0600369 0.304818
3 0.969087 0.40953 0.0260864 0.0148963 0.30222
3 0.914156 0.443971 0.0229511 0.0134024 0.278023
3 0.971468 0.392527 0.0234833 0.0134428 0.260439
