4 0.817265 0.683006 0.102782 0.087311 0.893784
3 0.878793 0.460361 0.0460243 0.0708633 0.88049
3 0.49361 0.645894 0.0671343 0.065468 0.86735
3 0.922998 0.552819 0.0471802 0.0686417 0.862261
3 0.922545 0.387829 0.0531769 0.046372 0.817598
4 0.686746 0.669873 0.0922903 0.0923397 0.79612
4 0.583001 0.652602 0.0890589 0.0863366 0.719837
4 0.233991 0.608314 0.0828234 0.0704712 0.71764
0 0.286836 0.707367 0.0139592 0.0609032 0.6935
8 0.746596 0.0481114 0.0251476 0.0618681 0.671546
3 0.794535 0.327846 0.0225262 0.0463604 0.648553
3 0.247232 0.388192 0.0351906 0.0526811 0.637178
9 0.542606 0.56188 0.0298853 0.0335052 0.583039
3 0.415053 0.592866 0.0484488 0.0537766 0.578502
3 0.182654 0.356654 0.0306954 0.0470765 0.5707
3 0.773911 0.125046 0.0167369 0.0326932 0.54058
0 0.49936 0.959307 0.0146179 0.0606276 0.531429
3 0.791365 0.174394 0.0229873 0.0431031 0.525108
8 0.0824978 0.496395 0.0606769 0.149831 0.522597
9 0.450313 0.55368 0.0304463 0.0326933 0.505656
5 0.0830146 0.4964 0.0620724 0.148225 0.464785
0 0.785263 0.611122 0.0129504 0.0396995 0.463321
3 0.716692 0.0843132 0.0141917 0.0259972 0.43652
8 0.73598 0.148248 0.0249052 0.0688897 0.435796
3 0.78629 0.151437 0.022303 0.0333296 0.36908
0 0.516508 0.803601 0.0167536 0.0414976 0.344196
8 0.724078 0.0166476 0.0141517 0.0305793 0.336699
3 0.775642 0.1306 0.0171601 0.0355799 0.334983
3 0.398329 0.540744 0.0390927 0.0426585 0.313045
3 0.788614 0.164961 0.0242247 0.0452641 0.251146
