3 0.328927 0.833211 0.0537705 0.139232 0.904224
0 0.652863 0.853626 0.0136612 0.062136 0.748985
0 0.747024 0.939698 0.0178279 0.0598317 0.726177
0 0.242553 0.75434 0.0143835 0.0570762 0.724469
0 0.639898 0.785923 0.0103829 0.0546823 0.708685
0 0.257017 0.7566 0.0133465 0.0632007 0.706334
0 0.632118 0.717769 0.00865213 0.0426988 0.704511
0 0.625495 0.765454 0.0118271 0.0482922 0.703202
3 0.447799 0.0291531 0.0107399 0.0204236 0.64694
3 0.440834 0.0525154 0.0127402 0.021732 0.631273
0 0.340559 0.34541 0.00832033 0.0341026 0.614814
0 0.633843 0.718859 0.00880079 0.0448834 0.572474
0 0.642609 0.719526 0.0100418 0.0474825 0.570379
3 0.311651 0.120774 0.0259753 0.0226853 0.544867
0 0.240249 0.743785 0.0147938 0.0701234 0.521289
3 0.210662 0.13095 0.0326235 0.024916 0.507271
0 0.644748 0.722548 0.00942954 0.0462854 0.467525
3 0.432546 0.0327045 0.0102567 0.0200651 0.438739
3 0.418563 0.0271613 0.011128 0.0192011 0.434093
3 0.430883 0.0344603 0.00942099 0.0199869 0.413645
3 0.438983 0.00771906 0.01041 0.0154381 0.399061
3 0.417104 0.0372981 0.0112503 0.0198112 0.396843
3 0.258715 0.127741 0.0263222 0.0207876 0.356472
3 0.21963 0.113751 0.0241348 0.021966 0.351198
3 0.253897 0.118759 0.0233378 0.0245665 0.32276
3 0.297454 0.124709 0.0306782 0.022732 0.300249
4 0.359596 0.104722 0.0324025 0.024915 0.298827
0 0.238008 0.740752 0.0159987 0.0619094 0.286358
3 0.3387 0.12002 0.024666 0.020633 0.280941
3 0.433223 0.0266007 0.0120722 0.0237659 0.253563
