0 0.45456 0.226015 0.00759181 0.0252119 0.785181
0 0.494092 0.269571 0.00930455 0.0283647 0.725329
0 0.52074 0.103264 0.00828849 0.0293348 0.719131
0 0.491909 0.160752 0.00804347 0.0255835 0.689715
0 0.490121 0.308038 0.00965672 0.0244774 0.676677
0 0.417301 0.686747 0.0117788 0.0174653 0.660108
9 0.56023 0.379617 0.0268501 0.0266603 0.65356
0 0.509772 0.223684 0.0112002 0.0241524 0.635199
0 0.542049 0.0208508 0.00932962 0.0328303 0.627945
0 0.458861 0.737115 0.00958357 0.0185473 0.624005
0 0.526304 0.0189676 0.010219 0.0351121 0.623789
9 0.516515 0.422714 0.0250727 0.0225817 0.622849
0 0.484643 0.378189 0.0128612 0.0233931 0.593646
0 0.508335 0.0637654 0.0087694 0.0375293 0.589006
9 0.578234 0.337522 0.0238096 0.0214824 0.568985
0 0.485095 0.404237 0.0105629 0.0181827 0.566107
0 0.490011 0.403052 0.012343 0.0206609 0.563103
0 0.50199 0.104791 0.00854723 0.0265983 0.561638
9 0.568533 0.316217 0.0251099 0.0217334 0.549709
0 0.520366 0.0714821 0.00969657 0.0328288 0.544566
0 0.532037 0.0906394 0.0094611 0.0307234 0.528192
0 0.406757 0.846504 0.00929204 0.0184812 0.513637
9 0.356914 0.946025 0.013587 0.0472461 0.504747
9 0.53283 0.293175 0.0229319 0.019564 0.485404
0 0.487934 0.379292 0.0116939 0.0195161 0.469798
9 0.522247 0.357012 0.020982 0.0227894 0.468587
0 0.475881 0.462193 0.00839787 0.0259918 0.467057
9 0.524138 0.383927 0.024969 0.0211821 0.459272
0 0.402121 0.907297 0.010239 0.0179525 0.457229
0 0.516425 0.49174 0.0102055 0.0238197 0.455581
9 0.528312 0.330263 0.0225466 0.0230828 0.453426
0 0.524163 0.0197762 0.0108284 0.0348647 0.445636
7 0.458827 0.347719 0.0112683 0.0511599 0.430848
9 0.518778 0.399638 0.0238882 0.0188331 0.429932
0 0.493529 0.449301 0.00954974 0.0232939 0.427342
0 0.509813 0.0695009 0.00808964 0.0325529 0.425065
9 0.522201 0.3817 0.0242632 0.0199856 0.390574
0 0.507702 0.058488 0.00902662 0.0303651 0.376279
9 0.519063 0.389123 0.0296606 0.0199404 0.37142
0 0.466674 0.300394 0.00806179 0.0221182 0.367579
0 0.400656 0.841323 0.0142488 0.0242957 0.360505
9 0.498059 0.713121 0.0212471 0.032261 0.348142
9 0.570723 0.295367 0.0244701 0.0223917 0.345485
9 0.579018 0.221593 0.0249854 0.0208741 0.344867
9 0.540108 0.214724 0.0253775 0.0211447 0.339917
0 0.475598 0.338663 0.0113223 0.0272327 0.339023
9 0.577157 0.215658 0.0229614 0.0254736 0.335177
9 0.540898 0.193214 0.0231287 0.0188739 0.334542
9 0.533874 0.224243 0.0201681 0.0202262 0.328763
9 0.55042 0.133899 0.0226206 0.0219608 0.328684
9 0.536363 0.262949 0.0254912 0.0198072 0.311734
9 0.546867 0.467777 0.025523 0.0197805 0.307711
9 0.391688 0.48116 0.0239042 0.0207518 0.301962
9 0.543594 0.354681 0.0174494 0.0212242 0.300601
9 0.532705 0.279625 0.0234289 0.0214236 0.297663
9 0.458129 0.346796 0.0119668 0.0506691 0.295213
9 0.390884 0.478755 0.0278619 0.0243205 0.291774
9 0.519808 0.447416 0.0233986 0.021595 0.289615
0 0.41063 0.409149 0.00914952 0.0191452 0.287317
9 0.539058 0.179513 0.0219165 0.019959 0.279707
9 0.530499 0.879723 0.0256062 0.0209985 0.279076
9 0.541982 0.170424 0.0233787 0.0229971 0.279075
0 0.499287 0.105183 0.0110767 0.02521 0.278604
0 0.43911 0.357111 0.00948486 0.0297781 0.26732
9 0.578891 0.249362 0.0291771 0.0213495 0.266483
9 0.415076 0.928242 0.0109264 0.0413268 0.264099
9 0.518876 0.768446 0.0165295 0.0385526 0.261498
9 0.415612 0.599859 0.016891 0.0276317 0.254686
9 0.533939 0.267123 0.0271802 0.0208998 0.253411
