5 0.180437 0.794004 0.0991868 0.186543 0.903329
3 0.877755 0.619384 0.0611683 0.094549 0.894351
3 0.0170513 0.404973 0.0340629 0.0682337 0.873385
3 0.0330635 0.527517 0.0661271 0.046719 0.861025
3 0.109548 0.403354 0.0706496 0.0390815 0.851987
3 0.755197 0.926984 0.0520581 0.127622 0.844813
4 0.295533 0.19497 0.043426 0.0313855 0.834915
3 0.219091 0.397627 0.0589124 0.0409603 0.823387
3 0.826561 0.44705 0.0457295 0.0659306 0.823293
3 0.972873 0.880391 0.0536081 0.146037 0.794378
3 0.691219 0.0729703 0.0159051 0.0210557 0.791968
3 0.0730058 0.67993 0.0720246 0.112464 0.788186
3 0.118579 0.97124 0.0778793 0.0566166 0.787625
3 0.664401 0.355272 0.0299286 0.0496731 0.778047
3 0.359937 0.138019 0.0183999 0.0274925 0.751272
4 0.28511 0.226422 0.0492114 0.0363528 0.742548
3 0.205614 0.134537 0.0429564 0.0231777 0.724984
3 0.297834 0.0532183 0.0167251 0.0242921 0.69788
3 0.326162 0.122901 0.0373274 0.0215466 0.668531
3 0.278617 0.0806528 0.0232934 0.0237643 0.666025
3 0.667539 0.052426 0.0131237 0.0193817 0.658152
3 0.317696 0.0242994 0.0271564 0.019713 0.654639
9 0.953073 0.765779 0.0276685 0.0379 0.647234
4 0.369594 0.224917 0.0341944 0.0509375 0.616895
3 0.308807 0.430416 0.0380403 0.0503714 0.585387
3 0.353714 0.0231218 0.0217762 0.0157585 0.580828
5 0.342473 0.285596 0.042674 0.0707309 0.570356
3 0.32562 0.0372099 0.0151394 0.0198262 0.569335
3 0.337101 0.104567 0.0361484 0.0196245 0.550776
3 0.341796 0.07616 0.0313119 0.0186591 0.542096
3 0.651921 0.0372531 0.0173096 0.0185988 0.533371
9 0.858335 0.739078 0.0184242 0.0458619 0.528969
3 0.324369 0.143843 0.0424167 0.0248103 0.503879
3 0.670425 0.411082 0.0313564 0.0516164 0.501252
3 0.70828 0.110759 0.0193301 0.0283973 0.488471
4 0.973274 0.88179 0.0534515 0.150462 0.480844
4 0.307663 0.172997 0.0528253 0.0380675 0.467512
3 0.367108 0.0390039 0.0310044 0.0167453 0.463053
3 0.762959 0.271593 0.0305211 0.0454454 0.446778
1 0.203575 0.537201 0.0166854 0.0287315 0.408544
3 0.337918 0.094657 0.0336868 0.0188028 0.408113
3 0.339832 0.0892326 0.0344257 0.0159589 0.393188
1 0.709905 0.207917 0.00736925 0.0190224 0.380693
3 0.573475 0.0183241 0.0192082 0.0150918 0.374212
3 0.35258 0.0610024 0.0261477 0.016497 0.36188
3 0.750155 0.232477 0.0234333 0.0377713 0.361878
3 0.292526 0.0193258 0.0170212 0.0123308 0.356468
3 0.380014 0.0809444 0.0186937 0.0279802 0.330867
3 0.379101 0.0847351 0.0175289 0.0275392 0.325297
9 0.204166 0.549076 0.0200111 0.0363643 0.325159
9 0.109385 0.279746 0.0169234 0.018951 0.314482
3 0.341632 0.0854638 0.0334827 0.0155638 0.305688
9 0.709737 0.211791 0.00766353 0.0240151 0.281921
3 0.660633 0.126247 0.0171686 0.0264125 0.269783
4 0.315112 0.158257 0.0412551 0.0297331 0.260448
3 0.32001 0.152525 0.0388444 0.0234165 0.255249
