0 0.882872 0.554762 0.0511482 0.11222 0.885489
0 0.750222 0.655415 0.047835 0.118414 0.881023
0 0.972532 0.692508 0.0549358 0.136055 0.87492
0 0.335994 0.74084 0.0518225 0.109687 0.864656
0 0.815167 0.403072 0.0388873 0.0992707 0.852489
0 0.508303 0.430893 0.0269093 0.0961292 0.829518
0 0.72413 0.532607 0.0358169 0.108064 0.819829
0 0.251492 0.117032 0.0299831 0.0748452 0.816917
0 0.466816 0.524505 0.0314024 0.105965 0.814342
0 0.924726 0.337161 0.0456741 0.0987374 0.798372
0 0.43759 0.345289 0.0262405 0.0914599 0.798314
0 0.689688 0.171984 0.0223986 0.069956 0.78771
0 0.760093 0.292497 0.029903 0.0883971 0.785205
0 0.505669 0.700169 0.0363194 0.117053 0.784377
0 0.368466 0.141296 0.0214478 0.0798871 0.777468
0 0.584981 0.159852 0.0195707 0.0781041 0.776356
0 0.782126 0.351408 0.0297677 0.0838407 0.773472
0 0.46725 0.284614 0.0218507 0.0841189 0.76487
0 0.654169 0.290402 0.0278051 0.0837267 0.746931
0 0.620675 0.229107 0.0199922 0.0906899 0.744058
3 0.968412 0.116564 0.0629727 0.074071 0.740171
0 0.473324 0.160358 0.0163338 0.073514 0.734324
0 0.479939 0.226832 0.0209614 0.0712011 0.691551
0 0.686017 0.417467 0.0345101 0.100218 0.68591
0 0.722853 0.218171 0.0221964 0.0870079 0.673069
0 0.675207 0.357249 0.0386558 0.0978049 0.650815
9 0.109438 0.23878 0.0540518 0.0519734 0.484379
9 0.501899 0.089634 0.0446112 0.0517611 0.464506
0 0.857382 0.0741762 0.0238747 0.052324 0.463632
3 0.8534 0.00933886 0.0793049 0.0185379 0.428462
2 0.500249 0.089885 0.0433078 0.0501619 0.32855
9 0.113412 0.245139 0.048847 0.0459525 0.304471
9 0.0912421 0.27734 0.0547461 0.0507374 0.255029
