4 0.658591 0.457845 0.0620201 0.0592256 0.877466
3 0.576699 0.476919 0.0691735 0.058765 0.822787
3 0.363669 0.323513 0.0392518 0.0374233 0.765723
3 0.0252527 0.44804 0.0505054 0.0599799 0.760071
3 0.502825 0.377188 0.0516741 0.045931 0.751686
9 0.79119 0.473992 0.0337193 0.0251935 0.660066
0 0.451948 0.294029 0.00867462 0.0225911 0.45387
3 0.431929 0.0594909 0.0160666 0.0198508 0.435304
2 0.654121 0.378139 0.018005 0.0265045 0.354088
3 0.33035 0.125518 0.0246385 0.0218693 0.33941
0 0.445968 0.295391 0.0107831 0.021803 0.322524
9 0.655197 0.378937 0.0174248 0.0251461 0.292265
2 0.507624 0.576896 0.0244527 0.0255809 0.276518
