5 0.126015 0.347956 0.0377383 0.143137 0.858406
3 0.467276 0.298025 0.0428401 0.0356144 0.857373
3 0.28375 0.594895 0.0547545 0.0532809 0.856995
3 0.514547 0.287712 0.0412552 0.0359816 0.848052
3 0.670945 0.486157 0.0435826 0.0418859 0.843586
3 0.417885 0.309806 0.0443594 0.0402248 0.833399
3 0.0487597 0.49501 0.0254524 0.0623515 0.830383
3 0.452903 0.54269 0.0550022 0.0590879 0.829327
3 0.881914 0.418133 0.0387864 0.0412754 0.82922
5 0.191157 0.384753 0.0895147 0.0830278 0.823982
5 0.0875033 0.136675 0.0388605 0.0725048 0.817908
4 0.125698 0.124774 0.0307647 0.048246 0.817235
3 0.282574 0.720055 0.0600984 0.0574672 0.814192
5 0.0452181 0.390925 0.0334727 0.0847207 0.813093
3 0.0633009 0.242749 0.0241254 0.0411264 0.796724
3 0.727093 0.540588 0.0509543 0.0472969 0.792146
3 0.118082 0.718016 0.061771 0.0676887 0.791867
3 0.167438 0.0265459 0.0279766 0.0362386 0.787783
4 0.181184 0.48185 0.0497004 0.0564191 0.782357
3 0.0598672 0.639618 0.0427876 0.071454 0.771736
3 0.852422 0.503258 0.0485434 0.0477247 0.76904
5 0.195753 0.435073 0.0701533 0.0791036 0.715353
4 0.0447056 0.561264 0.0294274 0.0724285 0.689585
3 0.860905 0.536955 0.04692 0.0509329 0.674102
4 0.98243 0.386566 0.0351399 0.0406664 0.664857
3 0.687948 0.242576 0.0376784 0.0391364 0.650626
3 0.808325 0.551642 0.053949 0.0451856 0.605197
3 0.0757034 0.201425 0.0267857 0.0475827 0.597513
0 0.73976 0.40931 0.00813442 0.0256199 0.590151
5 0.521091 0.516377 0.0621313 0.0656392 0.569771
3 0.762935 0.570623 0.0661773 0.0616519 0.558125
4 0.122223 0.082124 0.039298 0.0489856 0.555273
5 0.185084 0.225618 0.0663112 0.062339 0.545251
5 0.196571 0.131214 0.0468626 0.0664143 0.541843
3 0.368456 0.322017 0.0395365 0.0376296 0.519633
3 0.992898 0.433869 0.0142031 0.037728 0.516944
3 0.641115 0.279021 0.044355 0.0356122 0.48883
0 0.0944884 0.0646756 0.0064518 0.0215796 0.464527
3 0.98251 0.386186 0.0349802 0.0410702 0.42285
3 0.316617 0.334077 0.042278 0.0406604 0.411914
3 0.979547 0.470367 0.0409054 0.043138 0.388037
3 0.341413 0.012143 0.0329805 0.0231911 0.363215
5 0.122265 0.0818112 0.0385781 0.0489612 0.346342
5 0.182925 0.288334 0.0730356 0.0584859 0.32199
5 0.178585 0.254056 0.0600793 0.059888 0.311547
3 0.392977 0.585286 0.0504665 0.0523181 0.297116
4 0.91143 0.513256 0.050752 0.0567621 0.285262
3 0.913319 0.51629 0.0534686 0.057352 0.275713
3 0.641685 0.247398 0.033159 0.0358697 0.26044
