0 0.490963 0.4854 0.0063174 0.0168615 0.576151
0 0.454873 0.0888642 0.00757093 0.01876 0.555986
0 0.503566 0.459304 0.00787933 0.0170736 0.484122
0 0.514895 0.438948 0.00793666 0.0162689 0.462936
0 0.480751 0.381514 0.00882852 0.0183828 0.44871
0 0.490335 0.436617 0.00835135 0.0178906 0.431689
0 0.493902 0.425268 0.00766153 0.0195573 0.416783
0 0.493881 0.530814 0.00847351 0.0195547 0.395678
0 0.49025 0.484928 0.00696546 0.0195748 0.376583
0 0.47104 0.182835 0.0072117 0.0216201 0.369583
0 0.460829 0.136533 0.00917807 0.0227992 0.351963
0 0.517479 0.579219 0.00750026 0.0235092 0.345405
0 0.463576 0.136625 0.0103619 0.0222957 0.342726
0 0.515014 0.416421 0.00803375 0.0161398 0.290359
5 0.307572 0.700609 0.055936 0.050058 0.253869
