0 0.528932 0.800123 0.0122621 0.0341861 0.762488
0 0.505349 0.223619 0.00834843 0.0339262 0.708907
0 0.588754 0.307909 0.00948696 0.038778 0.70619
0 0.517996 0.483807 0.00770608 0.0302652 0.68757
0 0.580097 0.648555 0.00916386 0.0279882 0.681832
0 0.545729 0.812576 0.0122249 0.0213023 0.637532
0 0.568007 0.0816039 0.00619258 0.0266479 0.623341
0 0.46703 0.285078 0.00875453 0.0340347 0.591752
0 0.508759 0.0187429 0.00841139 0.032557 0.588299
0 0.503523 0.696635 0.00922411 0.0366838 0.571232
0 0.49233 0.332195 0.00761662 0.0262807 0.536213
0 0.508258 0.176013 0.00963253 0.0338993 0.530516
0 0.46289 0.206985 0.00767517 0.0348278 0.518211
0 0.493483 0.0388354 0.00924395 0.032391 0.503445
0 0.467808 0.251492 0.00856092 0.0342384 0.485988
0 0.519335 0.058709 0.00822906 0.032113 0.476072
0 0.542623 0.783941 0.010049 0.0293381 0.469278
0 0.48771 0.435881 0.00815478 0.0295016 0.458855
0 0.470515 0.205544 0.00750658 0.0341634 0.438961
0 0.448297 0.0844117 0.00911137 0.032478 0.431247
0 0.665389 0.975321 0.0127959 0.0426985 0.425395
0 0.475453 0.206126 0.0115986 0.0319676 0.405961
0 0.48536 0.461001 0.00911063 0.0287878 0.402128
0 0.517828 0.48478 0.0106942 0.0305618 0.39245
0 0.541376 0.463061 0.0103139 0.0340331 0.376507
0 0.510894 0.174772 0.00824014 0.0332096 0.374207
0 0.551889 0.609295 0.0107126 0.0284358 0.368143
0 0.542974 0.511113 0.00971815 0.0296897 0.360262
0 0.559017 0.370736 0.00777235 0.0344855 0.338862
0 0.488381 0.438273 0.0107655 0.0341096 0.334187
0 0.465303 0.254219 0.00985535 0.0357165 0.328252
0 0.473621 0.204017 0.00765547 0.0321048 0.306782
0 0.558837 0.402982 0.00890102 0.0329907 0.302366
0 0.541704 0.514817 0.00983582 0.0316677 0.293543
0 0.513128 0.179658 0.0112612 0.0397648 0.293503
0 0.567872 0.993351 0.00811044 0.0132982 0.292052
0 0.434241 0.287497 0.00983782 0.0286175 0.288225
0 0.461597 0.207366 0.010698 0.0334156 0.287217
0 0.486401 0.453382 0.0103397 0.0284694 0.277743
0 0.567345 0.0813063 0.00970272 0.0277259 0.252459
