0 0.88111 0.788692 0.0180545 0.0301968 0.759096
0 0.231827 0.840894 0.0171259 0.0312502 0.750338
0 0.826909 0.71389 0.0202123 0.0252617 0.739416
0 0.0517411 0.550931 0.0206885 0.0361333 0.734326
0 0.199007 0.668117 0.0151545 0.0313846 0.712042
0 0.757686 0.524605 0.0146326 0.0298637 0.697872
0 0.759021 0.480299 0.0125184 0.0270787 0.685793
0 0.836629 0.649771 0.0178032 0.0268321 0.672812
0 0.779382 0.550107 0.0139948 0.0258066 0.635205
0 0.913592 0.669805 0.0206318 0.0255634 0.618844
0 0.405844 0.472931 0.0121264 0.0316939 0.544039
0 0.398339 0.530455 0.0138334 0.034332 0.524734
0 0.86268 0.54574 0.0216743 0.027901 0.514368
0 0.407932 0.505839 0.013254 0.0335031 0.481526
0 0.400229 0.532726 0.0152039 0.0373928 0.474545
0 0.386006 0.531316 0.0125623 0.0304504 0.440633
0 0.995858 0.375017 0.00828474 0.0242379 0.410634
0 0.389747 0.544798 0.0128587 0.0323024 0.378372
0 0.407853 0.489672 0.0113926 0.0277903 0.36301
0 0.385264 0.52702 0.013307 0.0361088 0.334961
3 0.841873 0.111646 0.0263497 0.04312 0.321272
0 0.517567 0.891618 0.0133572 0.0312644 0.306544
4 0.842324 0.11099 0.0273884 0.0449666 0.281459
0 0.894523 0.039689 0.00975647 0.0230352 0.281443
0 0.384886 0.51595 0.0129468 0.0285355 0.270809
0 0.82148 0.0748483 0.0101158 0.0237454 0.258042
0 0.386381 0.494164 0.013318 0.0298322 0.253934
