3 0.664477 0.457831 0.134336 0.0926512 0.817508
6 0.613439 0.174117 0.0881682 0.0883017 0.679829
6 0.600294 0.714794 0.0805678 0.0605974 0.641877
6 0.625697 0.60359 0.0952829 0.0707176 0.586704
6 0.599091 0.245003 0.0931564 0.0685612 0.544756
0 0.361319 0.6945 0.011357 0.0234748 0.469603
0 0.316253 0.760402 0.0138194 0.0329492 0.462213
3 0.608613 0.930032 0.122606 0.0947274 0.433834
6 0.589781 0.392707 0.0813195 0.0519674 0.417816
6 0.617162 0.0419951 0.0852801 0.0623426 0.387358
5 0.614726 0.928915 0.114285 0.0946834 0.383101
5 0.664853 0.457536 0.134207 0.0923474 0.327929
5 0.558646 0.0877085 0.152971 0.124329 0.317761
2 0.376227 0.905806 0.026666 0.0333569 0.306066
0 0.32733 0.80596 0.0123422 0.0250571 0.283459
2 0.377371 0.898965 0.0257833 0.0324521 0.281873
6 0.66506 0.457253 0.133394 0.0925992 0.255801
