3 0.371442 0.427785 0.0150386 0.0277236 0.881395
3 0.636473 0.774065 0.0258333 0.0657156 0.876482
3 0.366754 0.685449 0.019663 0.0545495 0.872409
3 0.393968 0.617491 0.0192554 0.0488103 0.867309
5 0.329559 0.555372 0.0237399 0.0694491 0.866686
3 0.62817 0.661953 0.0235252 0.0473876 0.863337
3 0.60969 0.774353 0.0257874 0.0622481 0.863218
3 0.679026 0.76428 0.0302322 0.0606755 0.862968
5 0.37241 0.554986 0.0216862 0.0627309 0.825047
3 0.301504 0.465909 0.0348227 0.022413 0.82125
3 0.703773 0.945621 0.057039 0.0642675 0.814644
5 0.377016 0.347505 0.0214798 0.0530309 0.798847
4 0.576534 0.668913 0.0284214 0.0500649 0.794049
3 0.502932 0.295038 0.0220106 0.0147436 0.788705
3 0.306535 0.411349 0.0319288 0.0196721 0.787824
3 0.458148 0.444035 0.0145313 0.0229613 0.743276
9 0.679279 0.720644 0.0227537 0.016637 0.737953
9 0.706061 0.791624 0.02211 0.0180702 0.659677
3 0.360577 0.194385 0.0088191 0.0132793 0.639751
3 0.445004 0.400411 0.0141245 0.0217714 0.631221
3 0.360643 0.177158 0.00885938 0.0142035 0.62883
3 0.358103 0.137563 0.00729265 0.01119 0.609782
3 0.353393 0.325519 0.0110573 0.0204116 0.592468
9 0.713438 0.806822 0.0179212 0.0164452 0.582202
9 0.734483 0.863213 0.0189375 0.0140177 0.543937
3 0.784088 0.334813 0.0237151 0.0171143 0.533467
3 0.358453 0.15969 0.00846728 0.0132561 0.520124
9 0.707714 0.788975 0.0221247 0.0155875 0.500975
5 0.362571 0.227061 0.015321 0.0478249 0.500129
3 0.339341 0.136868 0.0104396 0.010469 0.466597
9 0.675584 0.70355 0.0200476 0.0160712 0.456762
9 0.724876 0.834873 0.0201033 0.0137144 0.455728
3 0.697016 0.272085 0.0176317 0.0170026 0.419819
9 0.732298 0.853376 0.0190018 0.0146513 0.406541
9 0.352599 0.553427 0.00750275 0.0161262 0.396673
3 0.392096 0.113276 0.0165096 0.00908588 0.349345
9 0.830554 0.948735 0.0231032 0.0271991 0.345557
3 0.355656 0.0597406 0.00555028 0.00892611 0.3424
9 0.276348 0.484327 0.0168367 0.0148661 0.330116
5 0.35655 0.10402 0.00879759 0.0142471 0.325135
4 0.378677 0.210214 0.00990574 0.0191434 0.322822
9 0.404345 0.308665 0.00459634 0.0109732 0.284934
3 0.394248 0.126532 0.0186126 0.011781 0.282725
9 0.657942 0.669944 0.0121927 0.0218455 0.28028
5 0.357438 0.1193 0.00829171 0.0159257 0.279169
9 0.348413 0.601825 0.00934745 0.0184163 0.266127
9 0.735787 0.860574 0.0211444 0.0164936 0.263577
3 0.378875 0.0604116 0.0085199 0.00805961 0.263556
9 0.188256 0.911261 0.016801 0.0233172 0.261016
