7 0.329788 0.0490936 0.0165248 0.0531935 0.749282
0 0.314329 0.178976 0.00910913 0.0259406 0.5695
0 0.327599 0.17026 0.010165 0.0293728 0.53667
0 0.433601 0.724244 0.00754185 0.0195419 0.488805
8 0.625349 0.52832 0.118622 0.0938369 0.471853
9 0.398915 0.326908 0.0226089 0.0229989 0.459743
9 0.426961 0.495961 0.0209177 0.0190734 0.451169
0 0.394684 0.938777 0.0172409 0.0226866 0.441679
0 0.130544 0.0161896 0.0101984 0.0279137 0.434694
0 0.117585 0.0166866 0.00991087 0.0308248 0.412067
0 0.696262 0.571748 0.00993147 0.0169942 0.411242
0 0.67816 0.37392 0.0111983 0.0174219 0.388768
9 0.364893 0.0877602 0.027418 0.0239205 0.380081
0 0.683614 0.414629 0.00775194 0.0152481 0.369503
0 0.419567 0.659644 0.00942688 0.018851 0.360288
0 0.401771 0.608919 0.0100685 0.0366876 0.359157
9 0.358256 0.0648832 0.0227398 0.0228965 0.34913
9 0.358143 0.0141454 0.0237795 0.0184801 0.33752
9 0.407473 0.347815 0.0236687 0.0219673 0.329196
9 0.359231 0.0404007 0.0245228 0.0212709 0.328038
0 0.311967 0.178691 0.0114362 0.0258257 0.323956
0 0.55802 0.644056 0.0132091 0.0176091 0.314776
9 0.365097 0.0793618 0.0276992 0.0209699 0.311185
9 0.369009 0.118978 0.0270224 0.0201697 0.298678
0 0.681998 0.723975 0.0148286 0.0180522 0.298425
9 0.419397 0.437747 0.0259404 0.0251154 0.283944
9 0.365855 0.0685794 0.023768 0.0225258 0.28191
9 0.414055 0.416188 0.0220529 0.0237251 0.279271
0 0.423101 0.64454 0.00953609 0.020934 0.277896
9 0.364695 0.420582 0.0101144 0.0381289 0.273966
5 0.625604 0.528149 0.121406 0.0942861 0.272379
9 0.366005 0.116961 0.0249018 0.0195498 0.271602
0 0.655439 0.457138 0.00873814 0.0208629 0.268165
9 0.384976 0.242744 0.0204865 0.0229197 0.267936
9 0.401077 0.334819 0.0228791 0.0190087 0.259805
9 0.357012 0.00975951 0.0254518 0.019519 0.251332
