3 0.261791 0.66666 0.0693598 0.117598 0.921978
3 0.199103 0.552069 0.0643273 0.104295 0.904603
3 0.137973 0.463521 0.0601413 0.0975355 0.903763
3 0.955349 0.487284 0.0521868 0.092282 0.901171
8 0.172059 0.93947 0.093463 0.115589 0.875092
8 0.0365442 0.629547 0.0728349 0.191004 0.839909
0 0.706281 0.579156 0.0131132 0.0402514 0.787979
0 0.56868 0.780941 0.0116499 0.0331167 0.748903
0 0.533235 0.641213 0.0134354 0.0312376 0.745689
0 0.518023 0.677686 0.00924857 0.0328417 0.738132
0 0.304448 0.503439 0.0117169 0.0324039 0.726118
0 0.793201 0.362741 0.0128971 0.0378966 0.714336
0 0.672695 0.641861 0.0131821 0.0321244 0.712424
0 0.531058 0.948663 0.0163749 0.0391092 0.711874
0 0.580216 0.806559 0.0113135 0.0326945 0.709781
0 0.594811 0.646203 0.012532 0.0290763 0.707123
0 0.746241 0.426493 0.0117942 0.0295298 0.702403
0 0.810475 0.291847 0.010719 0.0384289 0.698021
0 0.21039 0.442345 0.0106371 0.0317551 0.692028
0 0.640741 0.518687 0.0109446 0.0267928 0.689578
0 0.428687 0.610629 0.00936567 0.0321707 0.68255
0 0.38407 0.56086 0.0105741 0.031182 0.679747
0 0.743539 0.541987 0.010237 0.0275734 0.678095
0 0.933596 0.187133 0.0130729 0.0378978 0.674621
0 0.691891 0.572962 0.010812 0.0334117 0.672905
0 0.272929 0.402039 0.0101728 0.0349393 0.663836
0 0.501416 0.72204 0.0122066 0.0362243 0.662946
0 0.603439 0.754148 0.0109058 0.0264931 0.662477
0 0.64349 0.573717 0.011288 0.0360904 0.660517
0 0.61833 0.678528 0.0125105 0.0345086 0.659567
0 0.974014 0.0270125 0.0142254 0.0383352 0.658294
0 0.123821 0.208671 0.0123245 0.0337485 0.655536
0 0.851373 0.277525 0.0109234 0.0374217 0.653684
0 0.257124 0.347141 0.00873156 0.0337218 0.652646
0 0.419338 0.758472 0.0122408 0.0370641 0.652463
0 0.928993 0.0832106 0.0105141 0.0325412 0.649376
0 0.263433 0.42432 0.0112651 0.0332748 0.64915
0 0.643749 0.700099 0.0128847 0.0377019 0.648699
0 0.679353 0.563515 0.00925005 0.0334414 0.646371
0 0.84352 0.314141 0.0114746 0.0399951 0.644491
0 0.219518 0.424328 0.0114834 0.0318388 0.642817
0 0.242937 0.330974 0.00956074 0.0329095 0.641937
0 0.632788 0.551374 0.00888694 0.0292131 0.638588
0 0.906679 0.118004 0.0148315 0.0363697 0.635174
0 0.03683 0.961127 0.0219473 0.0243681 0.633463
0 0.562675 0.614416 0.0118531 0.0268262 0.626169
0 0.025069 0.846581 0.0202423 0.0308676 0.619308
0 0.976229 0.218749 0.0143792 0.0319948 0.618977
0 0.372184 0.492855 0.0114263 0.0338718 0.617471
0 0.614137 0.763935 0.0109202 0.0307218 0.610353
0 0.777628 0.312145 0.0115954 0.0377683 0.606756
0 0.281391 0.396426 0.00846381 0.0389736 0.603313
0 0.719343 0.385168 0.00943433 0.0301102 0.60227
0 0.00774193 0.727346 0.0154334 0.0369201 0.601377
0 0.676028 0.473119 0.0108231 0.0302455 0.600992
0 0.363891 0.623695 0.0101639 0.0331752 0.599729
0 0.0130481 0.86442 0.0251259 0.0341539 0.599613
0 0.276327 0.350761 0.00998956 0.0344746 0.596841
0 0.869792 0.312772 0.0112265 0.0362609 0.594612
0 0.873338 0.15754 0.0108471 0.033819 0.590569
0 0.667951 0.454234 0.010738 0.034442 0.579416
3 0.00632043 0.277297 0.0125777 0.079008 0.573716
0 0.767655 0.345032 0.00920332 0.0309759 0.566557
0 0.107495 0.159362 0.0125386 0.0278227 0.566531
0 0.978293 0.0746317 0.0127945 0.0321459 0.553373
0 0.41841 0.706651 0.0119473 0.029729 0.552189
0 0.0240256 0.116482 0.0121316 0.0312479 0.54849
0 0.827516 0.331882 0.0122838 0.0294727 0.546142
0 0.941645 0.0257328 0.0095173 0.0340895 0.54425
0 0.0260969 0.117581 0.0144037 0.0334249 0.543067
0 0.255322 0.345533 0.00916757 0.0339982 0.540587
0 0.15833 0.322332 0.0126125 0.0344478 0.53557
0 0.850934 0.360999 0.0121021 0.038027 0.534488
0 0.893354 0.173324 0.01301 0.0311322 0.529796
0 0.0388003 0.156849 0.0120664 0.033577 0.525762
0 0.666941 0.561797 0.0127884 0.0317204 0.522502
0 0.839213 0.351313 0.0137612 0.0364645 0.511799
0 0.977428 0.105 0.0124882 0.0372364 0.510236
0 0.443856 0.794005 0.0128406 0.0314118 0.509243
0 0.0542479 0.161909 0.0103602 0.0329021 0.508762
0 0.00619577 0.760705 0.0123913 0.0305216 0.508533
0 0.745923 0.340015 0.00831464 0.0336183 0.506831
0 0.812104 0.344433 0.0122421 0.0372388 0.502794
0 0.859177 0.308928 0.0128559 0.0366578 0.500153
0 0.495156 0.626196 0.0123554 0.0353784 0.499693
0 0.939817 0.0405018 0.0101452 0.0346345 0.492579
0 0.184908 0.359876 0.013274 0.0306676 0.492372
0 0.68357 0.537379 0.0114756 0.025927 0.489359
0 0.785375 0.452858 0.00975473 0.0333259 0.48487
0 0.0426717 0.0941181 0.0110567 0.0328015 0.483346
0 0.825742 0.313526 0.0111886 0.0346802 0.480593
0 0.823922 0.310132 0.0106156 0.0288578 0.477016
0 0.123464 0.147238 0.00972867 0.0308741 0.470509
0 0.0303469 0.81952 0.0199889 0.0311695 0.465519
0 0.906399 0.168228 0.0111332 0.0328096 0.459547
0 0.069604 0.0883307 0.0101641 0.0300973 0.459172
0 0.836716 0.250036 0.0115725 0.0306956 0.451599
0 0.66433 0.562649 0.0111675 0.0310155 0.448536
0 0.915953 0.171011 0.0131466 0.0315603 0.441443
0 0.0538007 0.109524 0.00907486 0.0268627 0.441006
0 0.0941046 0.150686 0.00963678 0.0380058 0.431511
0 0.754711 0.341994 0.0098107 0.0335141 0.427547
0 0.784824 0.338566 0.012141 0.0331736 0.422736
0 0.896198 0.209475 0.012595 0.0335169 0.420108
0 0.906535 0.162556 0.0132077 0.0332586 0.419104
0 0.16644 0.203484 0.00932045 0.0373477 0.417012
0 0.861926 0.306577 0.00929531 0.0385942 0.416105
0 0.841913 0.171019 0.0111801 0.0342952 0.415745
0 0.983636 0.1745 0.0157943 0.0344516 0.413307
0 0.751891 0.343855 0.0106846 0.0335169 0.413091
0 0.153642 0.201353 0.00926317 0.0343524 0.410137
0 0.0845784 0.159824 0.00923913 0.0311218 0.404064
0 0.279738 0.394574 0.0088159 0.0379645 0.398648
0 0.927961 0.0304082 0.0104152 0.0303947 0.395315
0 0.0466161 0.106249 0.0109008 0.0321968 0.394729
0 0.417723 0.82696 0.0157513 0.0301552 0.394471
0 0.00702143 0.136785 0.0118793 0.0301895 0.388121
0 0.848934 0.280559 0.0109623 0.0409464 0.38472
0 0.868666 0.198248 0.0135514 0.0323675 0.38216
0 0.842626 0.165955 0.0101093 0.0335135 0.379892
0 0.273375 0.347729 0.00933095 0.034946 0.377338
0 0.769698 0.342018 0.0111587 0.0342639 0.37376
0 0.071805 0.108636 0.00991593 0.0310244 0.373536
0 0.925777 0.0469908 0.0113011 0.0365775 0.372245
0 0.20472 0.379898 0.0114228 0.0290624 0.365561
0 0.0647799 0.170396 0.00900447 0.0271227 0.349878
0 0.0653715 0.131046 0.0107587 0.0294245 0.342183
0 0.774759 0.315861 0.0120534 0.0336648 0.34149
0 0.709823 0.652558 0.0143478 0.0341403 0.33647
0 0.897565 0.0668269 0.013479 0.0371276 0.333727
0 0.866191 0.189844 0.011875 0.0308988 0.331949
0 0.996424 0.0393009 0.00715193 0.0376953 0.32582
0 0.235357 0.38396 0.0147491 0.0329068 0.324252
0 0.0939707 0.146588 0.0113369 0.0303781 0.323306
0 0.939925 0.0334845 0.0107517 0.0358311 0.320724
0 0.448187 0.818998 0.0122229 0.0286165 0.320215
0 0.234645 0.381571 0.0117656 0.0305865 0.315022
0 0.434555 0.741599 0.0121256 0.0253959 0.313474
0 0.206051 0.264288 0.0100529 0.0360324 0.31312
0 0.0131117 0.79011 0.0254583 0.030003 0.310804
0 0.167581 0.314238 0.0131185 0.0318611 0.309727
0 0.707704 0.659602 0.0138545 0.0358122 0.308042
0 0.0641401 0.12964 0.0104507 0.0342082 0.303924
0 0.787833 0.334742 0.0126998 0.0297976 0.302379
0 0.0838559 0.17675 0.0115639 0.0277157 0.300984
0 0.795013 0.317346 0.0110849 0.031969 0.297607
0 0.00719655 0.781463 0.0143076 0.0319032 0.288865
0 0.125299 0.146671 0.0119244 0.0300711 0.285366
0 0.203153 0.393988 0.0103085 0.0285393 0.284318
0 0.89642 0.167203 0.0138321 0.0344987 0.282698
0 0.00316037 0.0899936 0.00632075 0.0306829 0.2806
0 0.169122 0.206429 0.00833833 0.0360118 0.277293
0 0.223033 0.287821 0.00932007 0.0314243 0.275937
0 0.8753 0.156207 0.0119147 0.031789 0.270757
0 0.931413 0.0834655 0.0126604 0.0335956 0.266356
0 0.865824 0.200019 0.0142618 0.0301247 0.256052
0 0.237916 0.381714 0.0117632 0.0319518 0.254384
0 0.210622 0.332528 0.0110329 0.0252239 0.252878
0 0.864687 0.114536 0.0109521 0.0337921 0.251287
0 0.068086 0.200806 0.0170565 0.0327673 0.250839
