0 0.548554 0.759524 0.0113911 0.0502903 0.765541
4 0.42686 0.113327 0.0221256 0.0571122 0.750004
0 0.390163 0.811624 0.019404 0.0578819 0.739033
0 0.555074 0.971931 0.0165701 0.0514752 0.738437
0 0.587444 0.930641 0.015816 0.061028 0.720104
0 0.253474 0.521524 0.0100761 0.0414315 0.715391
0 0.558101 0.759691 0.00992318 0.0480797 0.710367
0 0.307576 0.787652 0.0119449 0.0519425 0.681523
0 0.522958 0.86735 0.0131958 0.049144 0.602107
0 0.254102 0.773565 0.0119149 0.0452343 0.601382
0 0.354281 0.153429 0.00728341 0.0326373 0.551008
2 0.480683 0.951535 0.0374889 0.0321693 0.543362
0 0.553133 0.223038 0.00690373 0.0361711 0.527994
2 0.478941 0.900559 0.0356407 0.0332683 0.480798
0 0.380931 0.0608929 0.00499629 0.0257722 0.462392
2 0.487613 0.985459 0.0490353 0.0288369 0.461554
0 0.344031 0.146576 0.00789823 0.027832 0.447181
2 0.480773 0.876852 0.0341345 0.0365057 0.439497
0 0.30423 0.751659 0.0119082 0.0487655 0.419172
0 0.358955 0.155684 0.00727291 0.0273096 0.417696
0 0.31457 0.776534 0.0133548 0.0554659 0.383532
0 0.515529 0.891023 0.0109472 0.0507046 0.371323
2 0.479761 0.870814 0.0333895 0.0349229 0.367836
2 0.479829 0.893528 0.0337917 0.0385391 0.356953
0 0.365837 0.0735518 0.00676871 0.0252523 0.336675
0 0.543162 0.23855 0.00832367 0.0355975 0.304931
2 0.481814 0.983487 0.0398804 0.0300343 0.303722
0 0.543783 0.231123 0.00735073 0.0360596 0.303584
0 0.58082 0.1156 0.00646554 0.0219655 0.295717
0 0.263776 0.758671 0.0116146 0.0431315 0.292873
0 0.438289 0.802321 0.0123034 0.0421882 0.289616
0 0.313157 0.772206 0.0121446 0.0523163 0.282624
0 0.581028 0.189149 0.00682203 0.0298305 0.255603
