3 0.681108 0.843314 0.0235565 0.0590516 0.855506
5 0.172934 0.620238 0.104592 0.0566551 0.843035
5 0.125859 0.475101 0.06712 0.0472581 0.832749
8 0.576076 0.335376 0.0330839 0.0253502 0.776163
3 0.405185 0.44152 0.0238651 0.0177005 0.723652
4 0.285768 0.580016 0.0275429 0.0339704 0.586578
3 0.498619 0.362451 0.0204779 0.0164532 0.554699
3 0.637547 0.429842 0.0173841 0.0193021 0.44621
3 0.532846 0.329499 0.0173921 0.0133293 0.41621
4 0.72811 0.295259 0.0185166 0.0201739 0.357416
5 0.0124417 0.50359 0.024725 0.0414874 0.354791
3 0.783673 0.253159 0.00925049 0.0104551 0.342347
3 0.372711 0.49304 0.0314406 0.0208621 0.339708
3 0.233661 0.351198 0.0140663 0.0132063 0.326199
3 0.555211 0.287128 0.012653 0.0101327 0.288775
3 0.264427 0.354693 0.0183222 0.0109975 0.270871
3 0.474366 0.277522 0.0183997 0.0114639 0.26438
3 0.147563 0.37685 0.0257559 0.0168175 0.262589
3 0.266603 0.354014 0.0152352 0.0109998 0.261279
