6 0.819406 0.167836 0.0424941 0.0646917 0.80445
5 0.953966 0.297846 0.0741452 0.145928 0.531415
0 0.895823 0.0548367 0.0132419 0.0297957 0.517068
9 0.103102 0.113592 0.0182931 0.0317681 0.500959
9 0.316702 0.444183 0.0123474 0.0249408 0.440125
9 0.343053 0.444496 0.0136185 0.0258288 0.436351
9 0.305172 0.428893 0.012541 0.0286936 0.384625
9 0.305031 0.435926 0.0122312 0.0239285 0.381759
0 0.711074 0.151513 0.0108509 0.0263835 0.378786
9 0.355266 0.397705 0.0137643 0.0241198 0.353675
9 0.0915369 0.0667476 0.010837 0.0246959 0.342695
9 0.321502 0.408302 0.0145331 0.0237325 0.337926
0 0.812872 0.690233 0.0116257 0.020688 0.331312
7 0.632763 0.25283 0.0161684 0.0468885 0.330825
9 0.33432 0.417493 0.0143065 0.028628 0.329706
0 0.816571 0.723597 0.0153588 0.0191881 0.324539
9 0.303691 0.359048 0.0119579 0.0189792 0.315082
0 0.811481 0.691311 0.0106478 0.0181475 0.312931
9 0.314074 0.351055 0.0098014 0.0183596 0.311904
5 0.817604 0.418996 0.0569967 0.0543719 0.306662
0 0.728633 0.493773 0.00869141 0.0169924 0.300315
9 0.807303 0.756502 0.0162899 0.0156605 0.298987
9 0.630146 0.302787 0.00947209 0.0245508 0.294293
9 0.286232 0.381552 0.0188298 0.0199785 0.276037
7 0.589393 0.482059 0.033053 0.0311649 0.266435
0 0.756805 0.265574 0.0100975 0.024146 0.254224
