7 0.497986 0.752652 0.0656299 0.121134 0.933433
3 0.812179 0.619192 0.0934418 0.0774046 0.898348
4 0.61897 0.822595 0.0486598 0.186518 0.858772
3 0.45391 0.207813 0.0630251 0.0483463 0.856869
3 0.594658 0.293206 0.0283173 0.0735478 0.842347
6 0.585337 0.601326 0.0211624 0.0761724 0.796228
3 0.664327 0.114644 0.0248686 0.0538158 0.784381
3 0.659446 0.51093 0.0430115 0.106436 0.784007
3 0.652867 0.260707 0.0285212 0.0623216 0.778177
9 0.653911 0.92175 0.0271997 0.0751023 0.771862
0 0.433037 0.567798 0.014717 0.0518162 0.765611
3 0.75395 0.488895 0.0716517 0.0790449 0.752163
9 0.530779 0.957157 0.0370668 0.0521381 0.749292
9 0.49732 0.963709 0.0438173 0.0612024 0.747767
0 0.715418 0.445848 0.0144588 0.0518811 0.746333
3 0.644086 0.141055 0.0229901 0.0606138 0.717514
9 0.910779 0.946648 0.0502184 0.0527007 0.717381
0 0.498976 0.290419 0.0106517 0.0429725 0.709132
4 0.680324 0.412137 0.0375358 0.085296 0.700917
9 0.528121 0.891137 0.0378127 0.0378561 0.695666
0 0.313447 0.735379 0.0201216 0.056398 0.66833
0 0.794149 0.875746 0.0196433 0.0682734 0.664994
7 0.591467 0.170333 0.01728 0.0520233 0.663655
9 0.851312 0.898875 0.0538578 0.0625947 0.654548
4 0.655393 0.202249 0.0273536 0.0625703 0.652798
7 0.572124 0.853532 0.0450115 0.135373 0.652143
0 0.436402 0.278612 0.0104147 0.0395803 0.64648
7 0.520609 0.395272 0.0495871 0.0696726 0.64099
9 0.490177 0.902703 0.0441273 0.0433919 0.640159
6 0.508965 0.843113 0.0723914 0.0790295 0.634822
0 0.68386 0.173861 0.00829345 0.0353909 0.632287
6 0.519175 0.537305 0.0622525 0.0545202 0.615892
0 0.455981 0.392982 0.00990123 0.0347277 0.613045
6 0.623579 0.353664 0.0216147 0.0454464 0.609669
4 0.592013 0.0265528 0.0190878 0.045735 0.60616
6 0.712324 0.566248 0.0423216 0.0588503 0.589606
6 0.572134 0.854839 0.0438759 0.133419 0.585511
7 0.559127 0.749059 0.037377 0.10978 0.584178
7 0.650577 0.415009 0.0263148 0.0779564 0.575006
9 0.389475 0.482191 0.0315893 0.0305129 0.554173
4 0.795162 0.54434 0.0936361 0.091474 0.5505
7 0.543758 0.319029 0.041917 0.0495362 0.540421
7 0.53334 0.208502 0.0372824 0.0456482 0.531553
9 0.376893 0.59376 0.030632 0.0394446 0.527278
3 0.661545 0.0125671 0.0227608 0.0251341 0.518722
9 0.388142 0.507245 0.031008 0.0329012 0.512476
0 0.697341 0.622398 0.0147076 0.0520367 0.505669
6 0.621958 0.607318 0.0298334 0.117183 0.504633
9 0.689499 0.864622 0.026366 0.0646399 0.494728
7 0.625974 0.413119 0.0232119 0.0744716 0.486926
9 0.547459 0.604797 0.0141471 0.0577262 0.480688
6 0.732991 0.839947 0.0590171 0.0569495 0.473557
7 0.530846 0.25011 0.0405159 0.0451757 0.471801
0 0.503075 0.118362 0.00758155 0.0287647 0.458993
7 0.741611 0.731977 0.0411836 0.112004 0.446815
9 0.385685 0.56979 0.036206 0.0413555 0.429022
9 0.5064 0.578548 0.0302942 0.0409797 0.428395
0 0.503668 0.192702 0.00752962 0.0324455 0.427189
0 0.442342 0.27753 0.0117223 0.0437893 0.414396
6 0.675847 0.94792 0.0410561 0.100842 0.41299
1 0.684279 0.696176 0.0193243 0.0587388 0.406787
0 0.496405 0.196918 0.00864297 0.0329686 0.406278
9 0.396404 0.535595 0.0261257 0.0359341 0.395518
7 0.596919 0.367853 0.0216712 0.0624618 0.39539
6 0.596732 0.368861 0.0205327 0.0576385 0.395046
3 0.741738 0.731559 0.0406968 0.110939 0.39468
9 0.621518 0.229857 0.0102491 0.0353925 0.392019
9 0.596417 0.103872 0.012158 0.0209292 0.381319
9 0.365267 0.630781 0.0370084 0.0383681 0.377358
9 0.558391 0.433355 0.0199901 0.0398178 0.374129
9 0.530459 0.945878 0.0385936 0.0699701 0.368776
9 0.828152 0.972205 0.0334063 0.0501996 0.367009
1 0.670081 0.759814 0.0217131 0.040182 0.366978
0 0.585772 0.427303 0.0134828 0.0416479 0.360564
9 0.747938 0.191661 0.0221302 0.0262857 0.351789
0 0.787629 0.835885 0.0173973 0.056807 0.348401
0 0.44566 0.278954 0.0100729 0.0423643 0.34134
6 0.514509 0.496821 0.0482407 0.0461245 0.33807
1 0.596811 0.0901437 0.00786761 0.0263608 0.336753
0 0.590443 0.472377 0.0140764 0.0464734 0.336116
6 0.466239 0.325867 0.0295341 0.0375511 0.330576
0 0.500849 0.294374 0.0108734 0.0408581 0.330375
9 0.494359 0.899384 0.0452043 0.0521937 0.329491
9 0.595616 0.210522 0.0112421 0.0314543 0.318272
9 0.606792 0.540583 0.0145097 0.053888 0.316672
6 0.61891 0.0141363 0.0279962 0.0264161 0.31632
7 0.622182 0.606097 0.0298767 0.116301 0.310107
6 0.531988 0.117457 0.0241056 0.0299521 0.309895
6 0.623606 0.487244 0.0235382 0.0787174 0.306564
0 0.584098 0.431176 0.0126314 0.0411735 0.305906
7 0.54465 0.140456 0.0173922 0.0375771 0.303366
7 0.667927 0.813118 0.0318326 0.0893344 0.297613
6 0.592612 0.138329 0.01535 0.036375 0.297511
6 0.519865 0.485724 0.0483685 0.0518403 0.288937
0 0.700758 0.615243 0.0116743 0.0479653 0.285574
7 0.532248 0.353038 0.0474612 0.0498509 0.285259
1 0.850438 0.969364 0.0186869 0.0476554 0.285187
1 0.787712 0.835791 0.0182997 0.0582564 0.278779
0 0.789145 0.874536 0.0207647 0.0655864 0.278466
0 0.450448 0.285118 0.0116432 0.0333698 0.276865
6 0.55469 0.668476 0.0275448 0.0472028 0.2762
1 0.621864 0.223781 0.00958819 0.0361587 0.275865
9 0.394814 0.381884 0.0121124 0.0360049 0.275695
0 0.589066 0.42539 0.0103102 0.0418933 0.274252
1 0.703695 0.676749 0.0167786 0.0566205 0.274144
9 0.506724 0.605953 0.0304815 0.0404867 0.273027
7 0.537942 0.0875376 0.029117 0.0357936 0.272276
9 0.83587 0.972762 0.0478756 0.0506119 0.271304
7 0.540138 0.308742 0.0475692 0.038343 0.269771
7 0.632742 0.107666 0.0199115 0.044686 0.268308
6 0.66717 0.812981 0.032193 0.0877795 0.266812
7 0.623732 0.484694 0.0248056 0.0727869 0.261433
1 0.609861 0.13751 0.00964687 0.0329439 0.260643
9 0.607825 0.434881 0.0125118 0.0449948 0.259313
9 0.380362 0.583324 0.0367935 0.0448593 0.256799
0 0.603301 0.495931 0.0133713 0.0451182 0.255191
9 0.677632 0.604138 0.0215004 0.0538429 0.250373
