3 0.395691 0.620296 0.0768392 0.14082 0.918007
3 0.602793 0.413354 0.0819646 0.138167 0.903783
3 0.735099 0.351138 0.0722578 0.108394 0.898518
3 0.55366 0.465701 0.0810606 0.132973 0.897869
3 0.834566 0.291958 0.0846056 0.100207 0.896512
3 0.460513 0.592567 0.0708915 0.127239 0.8894
3 0.656675 0.382884 0.061587 0.0973539 0.850625
3 0.327181 0.658154 0.0730805 0.149666 0.811076
3 0.895444 0.260948 0.0780391 0.0966003 0.799064
5 0.814615 0.185167 0.110216 0.107745 0.539865
3 0.95092 0.225444 0.0695812 0.0919752 0.500084
3 0.659641 0.215637 0.0809073 0.0953649 0.453961
0 0.677458 0.599716 0.0137113 0.0272257 0.386768
0 0.0656826 0.742243 0.0251588 0.0492802 0.377409
0 0.0619029 0.731001 0.0258093 0.0355805 0.259116
