3 0.476869 0.430693 0.0339306 0.0412168 0.833058
3 0.790134 0.557519 0.0540598 0.0529952 0.827617
3 0.408281 0.451491 0.0309404 0.0443335 0.819007
3 0.404495 0.389351 0.0275586 0.0412019 0.795232
3 0.435402 0.433492 0.0322168 0.0426805 0.781546
3 0.421662 0.361527 0.0296922 0.0363762 0.758351
3 0.447354 0.389468 0.030459 0.0385367 0.680297
0 0.387191 0.437166 0.00692378 0.0259753 0.642427
3 0.353972 0.284594 0.0252321 0.023582 0.642297
3 0.273786 0.251048 0.021333 0.0203802 0.550224
0 0.505698 0.395825 0.00723485 0.0323778 0.40166
0 0.386491 0.436709 0.0104838 0.0260391 0.341188
