4 0.561035 0.56195 0.0583371 0.0592662 0.918257
3 0.65584 0.783617 0.0601086 0.0677088 0.897126
3 0.596536 0.667573 0.0567366 0.0562349 0.893442
3 0.508155 0.326285 0.0224687 0.0573911 0.881339
3 0.556418 0.323512 0.0256335 0.0555979 0.879782
3 0.637591 0.746679 0.0616179 0.0621508 0.876822
3 0.617852 0.70619 0.0558256 0.0593511 0.876686
3 0.705237 0.855965 0.0375792 0.0913692 0.875318
3 0.490676 0.139601 0.0209982 0.0510598 0.873866
3 0.919022 0.860713 0.045256 0.0925639 0.866103
3 0.596117 0.240005 0.024306 0.0523912 0.865091
3 0.535817 0.14371 0.0228226 0.0504941 0.861514
3 0.479302 0.320853 0.0224551 0.0563599 0.859097
3 0.60454 0.0199974 0.0219074 0.0398227 0.857103
3 0.573647 0.0859535 0.0216644 0.0461836 0.854627
3 0.953867 0.852851 0.0506497 0.100338 0.853461
3 0.509015 0.461975 0.0267162 0.062745 0.852689
3 0.526455 0.0958507 0.0210821 0.0478922 0.830425
3 0.495265 0.0168856 0.0183853 0.0335167 0.814982
3 0.46326 0.0173506 0.0186898 0.0346203 0.813236
3 0.622741 0.432477 0.0266774 0.0599837 0.803141
3 0.00982477 0.490792 0.0196495 0.0436057 0.780118
3 0.0137403 0.420674 0.0274806 0.0414874 0.72794
3 0.985957 0.286128 0.0280867 0.0395348 0.683769
3 0.987441 0.85239 0.0251187 0.0919963 0.659859
3 0.00782523 0.325105 0.0156505 0.0361872 0.592394
3 0.0052972 0.152974 0.0105944 0.0359864 0.59137
3 0.00742744 0.199037 0.0148549 0.0317617 0.581074
3 0.00792878 0.231227 0.0158576 0.0328727 0.540089
