0 0.369761 0.24029 0.00901439 0.03928 0.659699
0 0.498567 0.510469 0.00967407 0.0407256 0.643112
0 0.58236 0.528609 0.00838318 0.0329483 0.600412
0 0.446273 0.932564 0.0126903 0.0322215 0.588606
0 0.555124 0.753119 0.00926017 0.0256432 0.575396
0 0.48064 0.508717 0.0094901 0.0359258 0.549143
0 0.567035 0.597775 0.00910339 0.0324247 0.533411
0 0.348145 0.155314 0.00881753 0.0365323 0.506351
0 0.539843 0.771361 0.0113422 0.0235759 0.490666
0 0.383094 0.231455 0.00876761 0.031777 0.470787
0 0.464886 0.340072 0.00968009 0.0317021 0.467201
0 0.582398 0.396382 0.011917 0.0330134 0.450188
0 0.379332 0.272193 0.00926052 0.0369394 0.422851
0 0.488217 0.321568 0.011155 0.0322431 0.422417
0 0.453567 0.933037 0.0105149 0.0327012 0.410117
0 0.426722 0.176817 0.00812509 0.0334892 0.40055
0 0.419243 0.244689 0.0120104 0.0362946 0.399507
0 0.469549 0.317985 0.00951804 0.0298607 0.389454
0 0.497048 0.758666 0.0118838 0.0284294 0.3853
9 0.455897 0.706494 0.0113794 0.0385521 0.377759
0 0.486235 0.315318 0.00999163 0.0337356 0.371586
0 0.416782 0.246047 0.00873888 0.0323941 0.369832
0 0.556715 0.0157244 0.00939941 0.0292361 0.356937
0 0.396995 0.195075 0.00893027 0.0338589 0.352659
0 0.407808 0.203151 0.00983647 0.0302376 0.349233
0 0.468484 0.502209 0.00995065 0.0286649 0.31848
0 0.452922 0.980541 0.0111149 0.0301204 0.316182
0 0.464968 0.827643 0.00979767 0.0311804 0.307469
1 0.36971 0.0923353 0.00871916 0.0305518 0.305425
0 0.390424 0.269219 0.00784411 0.0315292 0.30195
0 0.569517 0.0241194 0.0096613 0.0324171 0.291724
0 0.51916 0.766347 0.00948382 0.0281575 0.289834
0 0.517625 0.764159 0.0111382 0.0287585 0.282858
0 0.236491 0.227537 0.0105134 0.03157 0.275231
0 0.396387 0.253295 0.0102846 0.0372022 0.272714
0 0.505576 0.893541 0.0108757 0.0300158 0.270878
0 0.370318 0.0928998 0.0101205 0.0336415 0.269011
0 0.529111 0.0427818 0.0087221 0.0325228 0.262712
0 0.417472 0.981235 0.0143598 0.0317202 0.250641
