3 0.685638 0.675479 0.111244 0.103429 0.868619
3 0.560918 0.443592 0.0549886 0.0411221 0.850058
3 0.526314 0.458497 0.0558354 0.0425312 0.840174
3 0.914204 0.74207 0.146023 0.145465 0.828875
3 0.751262 0.596385 0.100557 0.0786635 0.823687
3 0.661294 0.53937 0.0784277 0.061782 0.818177
3 0.714928 0.511993 0.0795432 0.0567757 0.816534
3 0.750332 0.647608 0.112407 0.102767 0.798482
3 0.595177 0.49204 0.0635908 0.0519867 0.791311
3 0.32091 0.475817 0.0393367 0.0491691 0.773908
3 0.914098 0.623728 0.110418 0.0838414 0.761651
3 0.364113 0.353965 0.0308697 0.0234367 0.591724
3 0.982475 0.631526 0.0350493 0.0911344 0.568847
9 0.400301 0.524498 0.0207127 0.037382 0.564642
3 0.874857 0.565802 0.110352 0.0756861 0.560106
3 0.955298 0.712506 0.0872796 0.121542 0.531339
3 0.630948 0.471799 0.0651297 0.0510936 0.507165
0 0.291846 0.546082 0.0145303 0.0481197 0.473477
3 0.476255 0.407587 0.0421592 0.0327458 0.468921
0 0.258526 0.399402 0.0101721 0.0261989 0.450484
3 0.858315 0.55566 0.0830509 0.0646046 0.422614
3 0.895555 0.568232 0.0690033 0.0670804 0.337115
