0 0.682896 0.956917 0.0126127 0.0212573 0.686873
0 0.23573 0.4247 0.00953914 0.0283051 0.682175
0 0.368455 0.449695 0.0107968 0.0304398 0.675708
0 0.506216 0.346163 0.00713043 0.0231139 0.613228
0 0.636021 0.619718 0.0118294 0.0350575 0.581982
0 0.575543 0.754509 0.0156803 0.0311783 0.579224
0 0.245506 0.491071 0.00917291 0.0305605 0.523972
0 0.638276 0.619599 0.0112981 0.0366184 0.496714
0 0.662293 0.0721808 0.00615588 0.02631 0.492865
0 0.621888 0.148352 0.00734881 0.0260139 0.491577
0 0.552698 0.443625 0.0101702 0.0215226 0.48912
0 0.71389 0.115946 0.00980103 0.0247481 0.482942
0 0.664792 0.64568 0.0133951 0.0226144 0.482239
0 0.280202 0.47242 0.00812129 0.0210938 0.463734
0 0.62388 0.556319 0.0103041 0.0257875 0.460254
0 0.469146 0.702364 0.00967215 0.0237394 0.458496
0 0.625375 0.454166 0.00817392 0.0260466 0.453046
0 0.477056 0.448824 0.00895347 0.0257508 0.451824
0 0.491363 0.892938 0.0108025 0.0249787 0.451756
0 0.256018 0.378275 0.00778857 0.0266956 0.451061
0 0.470965 0.510077 0.0104891 0.0241638 0.447225
0 0.233497 0.489651 0.0101831 0.0297376 0.444673
0 0.606214 0.42674 0.00988857 0.0202173 0.429316
0 0.462408 0.436045 0.00805921 0.0218437 0.390854
0 0.580637 0.450746 0.00831822 0.0162427 0.388557
0 0.597725 0.4128 0.0133036 0.0256664 0.378575
0 0.396348 0.943745 0.00983054 0.0322215 0.36833
0 0.640212 0.558046 0.00915898 0.0269892 0.366874
0 0.394927 0.537579 0.00800951 0.0217632 0.366584
0 0.618123 0.488888 0.0107221 0.0236932 0.345965
0 0.626322 0.452676 0.00996055 0.0194988 0.341273
0 0.596406 0.409571 0.0127056 0.02189 0.336017
0 0.650868 0.561176 0.0108164 0.027543 0.333559
0 0.266512 0.377604 0.00589905 0.0245499 0.332275
0 0.490633 0.466214 0.00756845 0.0263363 0.329919
0 0.613459 0.53342 0.00807382 0.024535 0.325231
0 0.661102 0.0711521 0.0097042 0.0262478 0.318237
0 0.47566 0.452777 0.00999394 0.0263015 0.307226
0 0.262537 0.382526 0.0081107 0.022145 0.299058
0 0.442132 0.828135 0.00966971 0.0227786 0.292474
0 0.625416 0.556526 0.00898294 0.0273941 0.291877
1 0.436197 0.52776 0.00928441 0.0221947 0.291131
0 0.563429 0.570789 0.0109745 0.0264352 0.289734
0 0.49024 0.475412 0.00909158 0.0265724 0.279669
0 0.613671 0.531323 0.0102035 0.02053 0.278612
0 0.464002 0.447194 0.00972804 0.0260607 0.2779
0 0.507335 0.345431 0.0103525 0.0235902 0.276489
0 0.611417 0.536328 0.0106485 0.0268642 0.273964
0 0.397545 0.546762 0.00950213 0.0271241 0.261902
0 0.626244 0.172515 0.0100296 0.0253612 0.261336
0 0.525792 0.602633 0.0110195 0.0184196 0.261174
0 0.67588 0.0605657 0.010763 0.0265896 0.258
0 0.625391 0.554247 0.0117752 0.0248935 0.253074
0 0.297796 0.487943 0.00852517 0.0280228 0.252468
0 0.651765 0.574504 0.00963113 0.0195632 0.252008
