0 0.417274 0.394943 0.0155197 0.0356283 0.73831
0 0.610059 0.0344534 0.0144111 0.0379629 0.703076
0 0.625652 0.535795 0.0127413 0.0317893 0.535076
0 0.622952 0.535833 0.0175796 0.0318988 0.493755
0 0.931786 0.906544 0.0313192 0.0381224 0.355333
0 0.900394 0.48489 0.0227311 0.0325824 0.348537
0 0.516705 0.031483 0.00965083 0.0300275 0.340897
0 0.237722 0.879206 0.0176961 0.0366465 0.336973
0 0.269862 0.753685 0.0186452 0.020408 0.326153
0 0.573969 0.136972 0.0104723 0.0221182 0.310771
0 0.358745 0.690213 0.0124123 0.0297649 0.282223
0 0.333131 0.575515 0.0238361 0.0246437 0.266443
