3 0.646968 0.703392 0.11769 0.135566 0.946209
3 0.855656 0.0518213 0.0876132 0.0938894 0.91417
3 0.194688 0.372799 0.0696889 0.133339 0.904891
3 0.491191 0.53608 0.0780673 0.155756 0.904574
3 0.94652 0.218318 0.101149 0.111364 0.900995
3 0.578996 0.623999 0.0954068 0.12731 0.89165
3 0.179015 0.129117 0.0936673 0.08577 0.887364
3 0.271474 0.899498 0.0746673 0.199845 0.887151
4 0.528078 0.754186 0.0899847 0.169326 0.880386
3 0.442722 0.471038 0.0806703 0.157287 0.857971
5 0.953101 0.154454 0.0936356 0.135175 0.813626
0 0.109555 0.203767 0.0374654 0.0473466 0.753384
3 0.382133 0.351627 0.0835054 0.115692 0.713312
0 0.89896 0.551201 0.0284358 0.0329915 0.337456
0 0.859994 0.731955 0.0342341 0.0321603 0.291607
2 0.289091 0.282162 0.0236551 0.0413856 0.256039
