3 0.245597 0.949143 0.0474493 0.100736 0.897467
3 0.197591 0.821835 0.082611 0.0565175 0.882499
3 0.300632 0.94337 0.0445832 0.112918 0.878793
3 0.41972 0.39822 0.0207452 0.0315351 0.8766
3 0.183378 0.877857 0.0980854 0.0725867 0.875214
3 0.448707 0.900943 0.0413303 0.130565 0.870598
3 0.206299 0.773646 0.0782462 0.0568316 0.85422
3 0.458293 0.665876 0.0312612 0.0812307 0.852381
3 0.410857 0.279979 0.0253339 0.0165181 0.850565
3 0.949358 0.432677 0.0323566 0.0260786 0.84017
3 0.22039 0.698942 0.0671368 0.0438141 0.836777
3 0.0405717 0.806781 0.0811435 0.0539353 0.83356
3 0.0244305 0.865997 0.0488609 0.0569023 0.833092
3 0.0459374 0.765363 0.0871483 0.0479759 0.828979
3 0.221635 0.667533 0.0683025 0.0437419 0.826711
5 0.412807 0.245042 0.035294 0.0368798 0.826406
3 0.422781 0.526177 0.0255685 0.0508951 0.825628
3 0.348852 0.932334 0.0420308 0.132093 0.821653
3 0.226826 0.636819 0.0668788 0.0382726 0.818757
5 0.491265 0.561891 0.0364015 0.0855847 0.799562
3 0.213522 0.737106 0.0738712 0.0491033 0.785285
3 0.0109795 0.927316 0.021959 0.061419 0.754192
3 0.772224 0.279989 0.0239028 0.0141544 0.711283
3 0.365017 0.315278 0.0162177 0.0223957 0.709603
3 0.295537 0.268292 0.0314813 0.0171399 0.695892
3 0.353312 0.229244 0.0122053 0.0148575 0.65884
3 0.296878 0.180259 0.017153 0.0125574 0.642055
5 0.607609 0.297 0.019014 0.0325514 0.60728
5 0.388522 0.69669 0.0364123 0.126811 0.601978
3 0.439165 0.29038 0.0136103 0.0151351 0.601392
3 0.213079 0.194409 0.0180825 0.0111631 0.587967
3 0.145993 0.983743 0.105141 0.03146 0.582855
3 0.233103 0.224028 0.0102606 0.0136815 0.580978
3 0.238816 0.261326 0.0285431 0.0166305 0.572825
3 0.398324 0.324808 0.0169111 0.0259867 0.556391
3 0.278776 0.235271 0.0233834 0.0134452 0.544117
3 0.287776 0.247204 0.0247457 0.0135266 0.530771
3 0.284098 0.243061 0.0274334 0.0126418 0.523806
3 0.325016 0.187705 0.0127286 0.0109074 0.519448
3 0.210937 0.283575 0.0279028 0.0147789 0.517213
3 0.256962 0.300924 0.0313086 0.0174535 0.512103
3 0.257444 0.284343 0.0271901 0.0151721 0.504152
5 0.378488 0.208574 0.0165133 0.0277826 0.503701
4 0.144664 0.982837 0.104751 0.0343262 0.498004
3 0.103216 0.601792 0.0595026 0.040424 0.496777
3 0.365006 0.227797 0.01318 0.0145779 0.496564
3 0.343282 0.207312 0.0104824 0.0126932 0.492102
3 0.246872 0.274231 0.0300883 0.0160618 0.489752
3 0.342136 0.195023 0.0103445 0.0112135 0.454544
3 0.231173 0.246388 0.0255745 0.0157467 0.453279
3 0.278115 0.232955 0.0237229 0.0159132 0.450781
3 0.341115 0.17882 0.0107025 0.010564 0.433854
3 0.440173 0.262991 0.0114985 0.0191041 0.428362
3 0.203107 0.293888 0.0252254 0.0166747 0.422045
3 0.23603 0.255212 0.0285469 0.0130219 0.403589
3 0.221412 0.222088 0.0134519 0.0138094 0.402145
5 0.381693 0.255521 0.0230571 0.0278673 0.373615
3 0.28689 0.149126 0.00833579 0.00926222 0.368173
3 0.35474 0.207309 0.0109093 0.0125657 0.367989
3 0.293829 0.263204 0.0295246 0.0157232 0.364853
3 0.27134 0.230293 0.0216597 0.0136604 0.357542
4 0.382616 0.257852 0.0223584 0.0225771 0.350829
5 0.903681 0.246949 0.0357743 0.0230825 0.34331
5 0.249772 0.177165 0.0286209 0.0165199 0.336833
3 0.353238 0.17313 0.00992756 0.00875478 0.329386
3 0.431287 0.146876 0.00976427 0.0128111 0.326671
7 0.862321 0.48382 0.0339622 0.0381996 0.317519
9 0.344128 0.27345 0.0070382 0.0129486 0.316931
5 0.388551 0.715839 0.034951 0.0895855 0.314748
3 0.257081 0.289777 0.0301688 0.0117781 0.292935
3 0.258851 0.228714 0.0239867 0.0136145 0.289384
3 0.233847 0.249061 0.027416 0.0149977 0.288129
9 0.326415 0.564846 0.00969724 0.0218297 0.284078
0 0.344827 0.310788 0.00518409 0.0138139 0.282803
3 0.227254 0.244232 0.0235368 0.0162785 0.280967
3 0.34206 0.177685 0.00979076 0.0117906 0.280857
3 0.24345 0.273902 0.0279897 0.0134605 0.280785
5 0.828445 0.565457 0.0718191 0.103157 0.27922
3 0.282811 0.125064 0.00778743 0.00717826 0.27603
0 0.270868 0.25693 0.0048225 0.0123957 0.266854
5 0.313836 0.151421 0.0133098 0.0210398 0.2647
3 0.292616 0.120598 0.00659103 0.00900275 0.261939
3 0.341758 0.162699 0.0111002 0.0113246 0.258283
3 0.378264 0.247903 0.0185271 0.0172249 0.255722
9 0.664229 0.335382 0.00913217 0.012624 0.253282
