3 0.770155 0.83713 0.0325857 0.0258879 0.858055
3 0.709723 0.143986 0.00963994 0.0221005 0.792884
3 0.715094 0.201651 0.0114752 0.0227624 0.785193
3 0.691376 0.443533 0.0130108 0.0320282 0.777118
3 0.672041 0.558932 0.0136052 0.0352491 0.772803
8 0.461238 0.483718 0.0318077 0.0673789 0.769868
3 0.690858 0.572248 0.013121 0.0323768 0.752974
3 0.507929 0.478777 0.0154037 0.0348322 0.744442
3 0.811977 0.84795 0.0269734 0.0245306 0.743262
3 0.419139 0.399268 0.024335 0.0224447 0.741441
3 0.692221 0.412201 0.0122889 0.0309926 0.737791
3 0.700575 0.214299 0.0156557 0.0251777 0.735339
3 0.683753 0.324602 0.0229813 0.018394 0.728326
3 0.710739 0.113138 0.00899161 0.0184181 0.724658
3 0.37687 0.436316 0.0170083 0.0265662 0.709104
3 0.576572 0.0389303 0.0099969 0.016506 0.701914
3 0.589194 0.0316419 0.010228 0.0197069 0.698816
3 0.703179 0.18522 0.0102237 0.0208011 0.690186
3 0.534327 0.151733 0.0182401 0.0169545 0.68489
3 0.723063 0.222101 0.0170875 0.0216267 0.680266
3 0.721533 0.145146 0.00866185 0.021839 0.677664
3 0.364812 0.428333 0.0175117 0.0319836 0.671095
3 0.730209 0.18987 0.0123352 0.0176872 0.644833
3 0.727723 0.0857545 0.0190458 0.0129055 0.642342
3 0.693088 0.373918 0.0110099 0.0279853 0.584583
3 0.846017 0.856095 0.0217382 0.0252248 0.561877
4 0.341202 0.782371 0.0366762 0.026945 0.548706
3 0.679732 0.52581 0.0109354 0.0266523 0.530592
5 0.711749 0.573914 0.0227346 0.0454376 0.516161
4 0.641488 0.311675 0.0123198 0.0350097 0.507615
5 0.341272 0.782413 0.0369718 0.0273519 0.494497
4 0.728328 0.16367 0.0157617 0.0177749 0.491024
4 0.484362 0.39816 0.0206366 0.0364246 0.468252
5 0.404794 0.694542 0.0256178 0.0581393 0.430462
3 0.484169 0.312188 0.0126202 0.0274277 0.429609
3 0.371058 0.431566 0.0140812 0.0278692 0.412491
5 0.807433 0.652787 0.0425524 0.0336153 0.360851
3 0.54399 0.116058 0.0178013 0.0135344 0.356878
3 0.807512 0.652444 0.0421718 0.0339025 0.35685
3 0.692189 0.527405 0.0132967 0.0384334 0.337387
4 0.544759 0.108486 0.017607 0.0163178 0.32601
5 0.795282 0.688154 0.0622022 0.0403057 0.321011
4 0.500805 0.343047 0.0153176 0.0324652 0.312371
8 0.424387 0.631709 0.0445061 0.129742 0.312349
3 0.435138 0.198587 0.0163259 0.0181562 0.307828
4 0.691605 0.600617 0.0301888 0.0215878 0.294567
8 0.531275 0.28504 0.0157598 0.0386645 0.289599
3 0.728725 0.162052 0.0120608 0.0215852 0.284431
4 0.807427 0.652691 0.0414612 0.0334058 0.269072
3 0.661704 0.494113 0.0158703 0.0135241 0.266844
3 0.53178 0.201591 0.017642 0.0174115 0.261953
9 0.502973 0.402957 0.00659886 0.0153637 0.257764
