3 0.575457 0.702539 0.0402947 0.0824478 0.833161
3 0.511579 0.509697 0.0303644 0.0566749 0.811151
3 0.428366 0.395024 0.021274 0.0414569 0.800192
3 0.354583 0.0674957 0.0154958 0.0255799 0.744694
3 0.168288 0.26987 0.0203566 0.0260671 0.737712
3 0.410006 0.195553 0.017746 0.0332048 0.702736
3 0.445574 0.31368 0.0238556 0.0457122 0.668755
3 0.500314 0.675602 0.0353662 0.0729279 0.663502
3 0.433495 0.343926 0.0266185 0.0502065 0.648979
3 0.466738 0.0979411 0.0162216 0.031413 0.646995
3 0.110873 0.292322 0.0338933 0.0297096 0.645847
3 0.379778 0.109362 0.0164079 0.0341092 0.626697
3 0.00633857 0.327795 0.0126745 0.0264034 0.60382
8 0.383944 0.214565 0.0218786 0.0416736 0.600326
5 0.3693 0.382857 0.0248387 0.0911325 0.595386
3 0.49326 0.305895 0.013637 0.032085 0.585075
3 0.346511 0.0308618 0.0163103 0.0287834 0.582307
3 0.599042 0.19664 0.0264984 0.0299325 0.582304
8 0.828527 0.116422 0.073163 0.0597337 0.567206
3 0.023728 0.324712 0.0303717 0.0291427 0.538418
3 0.565364 0.276024 0.0277812 0.0403229 0.530672
3 0.589172 0.182001 0.0311251 0.0302779 0.50432
3 0.452059 0.102583 0.0164894 0.0350006 0.498079
8 0.674239 0.196953 0.083322 0.0680792 0.495842
3 0.705162 0.14875 0.0273227 0.0295195 0.494791
4 0.433811 0.344028 0.0263626 0.0505078 0.488202
0 0.7624 0.618211 0.00785217 0.0277539 0.478776
3 0.616435 0.221681 0.0261667 0.0303229 0.475383
0 0.70849 0.512119 0.00746878 0.025058 0.414144
3 0.670885 0.159284 0.0312163 0.0272201 0.396567
3 0.614787 0.216367 0.0253782 0.0288002 0.395919
3 0.615906 0.20134 0.0280872 0.0310745 0.36791
0 0.783418 0.652028 0.00951486 0.0272588 0.363554
8 0.293133 0.208891 0.0675606 0.0531085 0.333849
0 0.811313 0.684026 0.0101297 0.0238578 0.321949
3 0.552853 0.440523 0.0203352 0.0422014 0.315701
3 0.603057 0.197348 0.0309332 0.0325995 0.309491
0 0.76387 0.618391 0.00978245 0.029239 0.298949
3 0.454078 0.0863779 0.0137636 0.0295599 0.298865
3 0.61627 0.212864 0.028792 0.0290113 0.298661
5 0.291397 0.210235 0.0698351 0.0549159 0.281367
5 0.280293 0.214504 0.0490163 0.0456676 0.272013
3 0.678146 0.655211 0.041653 0.0722999 0.270706
3 0.725853 0.16207 0.0257791 0.0308497 0.262827
0 0.782399 0.654911 0.00925502 0.0292174 0.253887
