3 0.849546 0.818542 0.112778 0.186697 0.919951
8 0.718865 0.161568 0.120823 0.170191 0.915041
3 0.601677 0.650546 0.113429 0.11228 0.906283
3 0.328596 0.563184 0.10516 0.112782 0.900932
4 0.425377 0.461347 0.0867379 0.072487 0.897352
3 0.584805 0.40251 0.0625858 0.0958959 0.879589
3 0.688975 0.216728 0.0496698 0.064353 0.875858
3 0.96611 0.158239 0.0629982 0.0530496 0.873618
4 0.441006 0.341273 0.0809275 0.0620481 0.869062
3 0.509532 0.210813 0.0389809 0.057123 0.834998
3 0.436066 0.394461 0.0926056 0.0577724 0.829797
9 0.574008 0.882084 0.0238369 0.0761887 0.824433
0 0.663648 0.558753 0.0198391 0.0395081 0.824036
0 0.542669 0.525487 0.0151117 0.0449876 0.823612
3 0.578901 0.205282 0.0434687 0.0657792 0.811079
3 0.385606 0.143835 0.0726511 0.0427883 0.808061
4 0.62754 0.296172 0.0512662 0.0973869 0.804925
0 0.595037 0.593184 0.0190787 0.0405937 0.804791
4 0.403495 0.238858 0.069587 0.0539116 0.795707
3 0.464842 0.107812 0.0356159 0.0481979 0.790373
9 0.401672 0.549414 0.0366337 0.046588 0.779564
0 0.706687 0.428038 0.0178648 0.0479266 0.759901
0 0.453916 0.848863 0.0253078 0.0363107 0.751463
0 0.758186 0.797691 0.0242065 0.0438882 0.745315
0 0.510385 0.340889 0.0148844 0.0433112 0.743079
0 0.494136 0.304815 0.0123828 0.0399651 0.729984
9 0.208844 0.687204 0.0424938 0.0686671 0.710599
3 0.986081 0.956043 0.0276228 0.0869407 0.702677
0 0.54198 0.72891 0.0193253 0.0456986 0.683895
0 0.433066 0.157507 0.0102331 0.0349618 0.683066
0 0.572803 0.623501 0.0167242 0.0421246 0.665673
0 0.677855 0.354413 0.0143341 0.0429329 0.652946
0 0.433604 0.0469363 0.00903207 0.0338324 0.632352
0 0.666955 0.386697 0.0122994 0.0331421 0.622941
0 0.456143 0.0698101 0.00992658 0.0327982 0.614639
0 0.831715 0.299064 0.0177148 0.0376332 0.604745
3 0.656827 0.235924 0.0544426 0.0771706 0.578316
2 0.26015 0.578962 0.02287 0.0502491 0.577584
0 0.218552 0.906858 0.0245015 0.0431905 0.572819
3 0.41521 0.290425 0.0838875 0.0574664 0.567127
0 0.979837 0.401255 0.0275808 0.0430294 0.560407
1 0.806205 0.4954 0.022715 0.042436 0.528416
0 0.466709 0.150747 0.00996037 0.0369278 0.520063
0 0.318719 0.873267 0.0152041 0.0409789 0.510317
3 0.872832 0.0738772 0.0568669 0.0494887 0.501339
0 0.510067 0.754938 0.0218727 0.0515915 0.501031
0 0.414605 0.625523 0.0175092 0.0418343 0.482249
0 0.463277 0.150436 0.0112133 0.0381774 0.471333
9 0.406602 0.121704 0.0191895 0.0214757 0.464447
0 0.793868 0.780266 0.0210062 0.0387566 0.45694
0 0.443466 0.0450126 0.0104916 0.0346719 0.452722
2 0.808186 0.508421 0.0305813 0.0488936 0.451764
4 0.871085 0.0757913 0.0567543 0.0532469 0.442285
0 0.379746 0.645077 0.0139244 0.0349295 0.4357
0 0.636461 0.674363 0.0225916 0.0413125 0.434739
0 0.46088 0.152493 0.00988961 0.0368255 0.41865
0 0.245899 0.957849 0.0297604 0.0366325 0.399433
0 0.839998 0.306649 0.0188885 0.0373197 0.389515
0 0.414161 0.011692 0.00935839 0.0233839 0.388224
9 0.76394 0.00852996 0.0166479 0.0169289 0.377096
4 0.656723 0.234949 0.0539211 0.0783296 0.374995
4 0.414813 0.290372 0.0839709 0.0563939 0.349649
0 0.397867 0.660352 0.0145225 0.0364034 0.347625
9 0.375241 0.111045 0.0270428 0.0235695 0.320329
0 0.410961 0.00938467 0.0121202 0.0187693 0.31433
2 0.253372 0.678327 0.0282989 0.0630114 0.302112
0 0.458087 0.0703576 0.0103927 0.0327854 0.263652
0 0.681154 0.353854 0.0149425 0.0421133 0.259838
