0 0.56464 0.0958302 0.00865056 0.0244876 0.527403
0 0.276103 0.643926 0.0103706 0.0150425 0.444824
0 0.192002 0.768611 0.0109112 0.017387 0.412561
0 0.206455 0.186534 0.00921812 0.0186801 0.411474
0 0.440763 0.401131 0.0077158 0.017567 0.360899
0 0.274396 0.644546 0.0113515 0.0153914 0.336316
0 0.231994 0.228093 0.0105933 0.0190141 0.33519
0 0.379007 0.518605 0.00993622 0.0167357 0.321735
0 0.534812 0.117615 0.00745117 0.0238606 0.314213
0 0.20863 0.189351 0.0105165 0.0211227 0.299929
0 0.536221 0.11938 0.00858403 0.0254716 0.297984
0 0.53473 0.199588 0.00716592 0.0121967 0.284352
0 0.19173 0.764427 0.0101573 0.0187036 0.266356
0 0.488763 0.243199 0.00998457 0.0225073 0.265786
0 0.176092 0.771485 0.0111498 0.0156696 0.256271
0 0.213531 0.191497 0.010449 0.0174042 0.250706
