0 0.448741 0.135613 0.0100674 0.0400325 0.654545
0 0.481969 0.338959 0.00924281 0.0375082 0.639973
0 0.412506 0.385026 0.0111267 0.0420493 0.616592
7 0.460123 0.504391 0.0221157 0.0755908 0.60749
0 0.481854 0.112532 0.0101871 0.0373465 0.600905
0 0.427002 0.355398 0.0104513 0.0417743 0.591024
0 0.44937 0.416326 0.0112919 0.0313892 0.533903
0 0.491347 0.140185 0.0101815 0.0395449 0.515302
0 0.447748 0.549362 0.0123992 0.0410764 0.509507
9 0.429348 0.574282 0.0163349 0.0676416 0.443834
0 0.410597 0.221132 0.0105679 0.0349124 0.403097
0 0.421301 0.235512 0.00999533 0.0396382 0.38472
0 0.42672 0.39695 0.0104879 0.0411053 0.368025
0 0.468896 0.0145396 0.00904236 0.0290624 0.359428
0 0.453678 0.360596 0.0101188 0.036197 0.33373
2 0.508821 0.283325 0.0316811 0.0296265 0.32831
0 0.44575 0.384049 0.0146626 0.0379 0.318436
0 0.452258 0.0181183 0.00949942 0.0338192 0.288298
0 0.473637 0.325606 0.00992641 0.0385334 0.27944
0 0.472499 0.465373 0.00913753 0.0312588 0.271267
0 0.458377 0.392151 0.00911625 0.0291544 0.267216
0 0.43976 0.3889 0.010666 0.0321843 0.259877
0 0.482233 0.118872 0.00887586 0.0424701 0.258306
