3 0.0383762 0.404875 0.0763998 0.0742188 0.74553
0 0.503019 0.380694 0.0147875 0.0233386 0.726897
0 0.516177 0.443958 0.0128511 0.0247376 0.618454
0 0.491134 0.398284 0.0128668 0.018528 0.545768
0 0.507254 0.41553 0.0153308 0.0234084 0.534566
0 0.52989 0.692928 0.0140076 0.0209069 0.530955
0 0.553766 0.427773 0.0137825 0.0172125 0.528752
0 0.503724 0.22848 0.0129017 0.0293036 0.520592
0 0.557437 0.707975 0.0160366 0.0254057 0.513418
0 0.526892 0.422883 0.0156679 0.0229064 0.485478
0 0.27064 0.620772 0.00993644 0.0159754 0.47708
3 0.178718 0.418341 0.091072 0.0645357 0.469543
0 0.557033 0.807372 0.0149877 0.0338889 0.460949
0 0.555086 0.445981 0.0111257 0.0150357 0.44051
0 0.43169 0.342855 0.0124438 0.0277979 0.437326
4 0.0440739 0.673609 0.0858045 0.0789288 0.338384
0 0.46532 0.155612 0.0124226 0.030743 0.319602
0 0.967784 0.583327 0.035453 0.0465974 0.309611
0 0.524505 0.42101 0.0155929 0.0227735 0.304751
9 0.81349 0.554323 0.0303719 0.0290008 0.292286
9 0.657289 0.587628 0.0284121 0.0255877 0.289938
9 0.662908 0.675358 0.021753 0.05233 0.281766
0 0.533625 0.429783 0.00936737 0.0214488 0.271426
3 0.0438606 0.673425 0.0876345 0.0788123 0.260713
0 0.575701 0.50531 0.0121709 0.0244631 0.260168
0 0.286063 0.809229 0.0134813 0.0268782 0.259597
9 0.672304 0.615942 0.0181042 0.0233814 0.253832
