3 0.382654 0.342687 0.0544862 0.0615152 0.883324
0 0.218385 0.474979 0.0222438 0.0416247 0.767136
0 0.533669 0.558611 0.0165846 0.0424731 0.753184
0 0.198194 0.491039 0.0178649 0.0410508 0.733293
0 0.538536 0.626932 0.0159412 0.0404573 0.721
0 0.506263 0.639519 0.015843 0.0518621 0.676854
0 0.560672 0.611422 0.0157871 0.0487007 0.641427
0 0.51963 0.612147 0.0144556 0.0480093 0.589062
0 0.598876 0.806357 0.0194802 0.0492729 0.587204
0 0.634166 0.750842 0.0277344 0.0602979 0.476036
0 0.400661 0.300897 0.0112967 0.0316062 0.445936
0 0.794216 0.105953 0.00799935 0.0203936 0.387584
0 0.548828 0.784906 0.023197 0.0620354 0.367318
2 0.548903 0.788109 0.0246115 0.0648175 0.35709
0 0.603972 0.812235 0.0270619 0.0617815 0.352935
0 0.515325 0.622479 0.014661 0.0367055 0.318988
1 0.548033 0.782448 0.0226738 0.0571597 0.27909
2 0.101125 0.362007 0.0141265 0.0300782 0.278977
0 0.607716 0.816321 0.0304227 0.0556756 0.25892
