0 0.707342 0.40219 0.0126286 0.0245628 0.567575
0 0.415094 0.499075 0.0116732 0.0378628 0.564558
0 0.452205 0.724195 0.015476 0.0256328 0.497147
0 0.706641 0.387273 0.0127634 0.0295704 0.456873
0 0.616405 0.384405 0.0167959 0.0270405 0.348531
0 0.613143 0.360535 0.0138817 0.0289947 0.344426
0 0.723127 0.534853 0.0149653 0.0385919 0.315844
2 0.453305 0.340985 0.025692 0.0249501 0.30884
0 0.0456999 0.200869 0.0149323 0.0270769 0.304734
0 0.615855 0.387601 0.0199126 0.0267523 0.278679
0 0.610705 0.355618 0.0173959 0.0319753 0.277344
0 0.419936 0.340441 0.0188792 0.0207237 0.265309
0 0.611621 0.350879 0.0133738 0.0315937 0.261004
0 0.603664 0.607305 0.010776 0.0284749 0.256837
