6 0.168584 0.746537 0.10061 0.0992066 0.849439
7 0.614489 0.890992 0.0930658 0.183799 0.838926
0 0.45506 0.803306 0.0209736 0.0735638 0.795181
6 0.538613 0.444457 0.0234025 0.0817587 0.789359
0 0.348204 0.759965 0.023322 0.061044 0.725671
7 0.633083 0.80247 0.0738976 0.15428 0.689459
6 0.412301 0.26683 0.0674104 0.0528127 0.687456
9 0.0492337 0.822418 0.0575439 0.0548533 0.601749
0 0.583653 0.691625 0.0164632 0.0659813 0.600063
0 0.637771 0.714381 0.0188461 0.0627959 0.572612
0 0.470561 0.508584 0.0150826 0.0608137 0.561671
0 0.453342 0.561279 0.0162482 0.0625917 0.526756
7 0.381103 0.320729 0.0509879 0.0566506 0.522065
7 0.353799 0.942624 0.175781 0.108284 0.509419
6 0.45007 0.681175 0.0302729 0.098073 0.50373
0 0.486394 0.15389 0.00878696 0.0442549 0.486929
1 0.0465131 0.812248 0.0266782 0.0526842 0.486194
9 0.0553374 0.817494 0.0468966 0.0621173 0.484267
6 0.595616 0.408295 0.0237109 0.0665627 0.478116
9 0.537661 0.914755 0.0320692 0.121035 0.452879
6 0.634087 0.802849 0.0728035 0.150341 0.42332
0 0.530023 0.0923416 0.0092244 0.0400652 0.417477
0 0.320661 0.733907 0.0175404 0.0527687 0.411708
9 0.561689 0.374591 0.0202398 0.0416155 0.405529
1 0.0535712 0.81543 0.0434027 0.0580198 0.379721
0 0.467334 0.550465 0.0144041 0.0476481 0.378435
5 0.341309 0.508019 0.0478114 0.118778 0.370868
9 0.448957 0.677374 0.0275987 0.0908313 0.366061
1 0.537017 0.891332 0.0270412 0.0753169 0.362072
0 0.56293 0.307722 0.0118723 0.0398595 0.343995
9 0.631567 0.0853939 0.0173384 0.0226023 0.335796
7 0.500486 0.100563 0.0182922 0.0484306 0.334468
7 0.423405 0.945623 0.0357388 0.0867424 0.30934
6 0.443515 0.448241 0.0332725 0.0858877 0.309082
0 0.387713 0.675114 0.01353 0.0561093 0.300979
6 0.537228 0.914402 0.0308235 0.12192 0.29789
7 0.488852 0.0400404 0.0181652 0.0439803 0.296426
0 0.53982 0.0843846 0.00862768 0.0321297 0.295959
9 0.642821 0.104568 0.0194078 0.0237346 0.288896
1 0.605505 0.669976 0.0153425 0.0493438 0.286523
6 0.585861 0.323092 0.0233212 0.0658018 0.285383
0 0.444687 0.502482 0.0131374 0.0440107 0.281996
0 0.385151 0.717651 0.0160726 0.0621353 0.27227
9 0.436256 0.163154 0.0208514 0.0323911 0.263109
1 0.622434 0.668225 0.0197188 0.045579 0.261549
9 0.463691 0.163673 0.00908529 0.0329466 0.258536
0 0.470946 0.0482075 0.00844862 0.0269592 0.256058
6 0.596626 0.395123 0.0248709 0.0839485 0.251564
