4 0.90448 0.801789 0.191039 0.245517 0.894257
0 0.6568 0.504043 0.0183225 0.0623547 0.817308
0 0.777122 0.629426 0.024901 0.0879552 0.78236
0 0.533327 0.461019 0.016604 0.0652322 0.769803
0 0.614634 0.492462 0.0199673 0.065492 0.754264
0 0.58872 0.499903 0.0205034 0.0709418 0.708732
0 0.503101 0.328287 0.00856759 0.0320112 0.674965
0 0.578698 0.404395 0.0139639 0.0425215 0.654795
3 0.408666 0.237096 0.0169393 0.0168693 0.6429
3 0.461153 0.310499 0.0311288 0.0371577 0.627532
0 0.434126 0.295362 0.00716553 0.0283416 0.583779
0 0.423896 0.295556 0.0082949 0.0290025 0.547083
3 0.391349 0.218256 0.0151514 0.0136451 0.544655
3 0.201248 0.225557 0.0167058 0.017138 0.52526
3 0.153036 0.26073 0.0229271 0.0203523 0.514207
3 0.423749 0.24973 0.0201997 0.0210774 0.50626
3 0.179764 0.243869 0.020686 0.0179303 0.431785
3 0.382185 0.203881 0.0120802 0.0140642 0.39195
0 0.534844 0.352373 0.0113264 0.0359542 0.365451
3 0.359277 0.202268 0.0129367 0.0126205 0.35454
3 0.329386 0.1962 0.00898712 0.0112322 0.347042
3 0.281951 0.187102 0.00772607 0.0111671 0.321378
0 0.539841 0.354817 0.0120618 0.0312377 0.305748
0 0.537847 0.35466 0.0124905 0.03274 0.278039
3 0.243945 0.198519 0.0111692 0.0137211 0.266859
3 0.363783 0.202532 0.0102019 0.0119704 0.261479
0 0.022655 0.279449 0.012383 0.0274822 0.25894
