0 0.963979 0.506638 0.0151404 0.015486 0.550391
4 0.26656 0.852562 0.0378329 0.0429907 0.54223
4 0.26963 0.929942 0.0577789 0.055879 0.531025
0 0.91013 0.361219 0.0184036 0.0204683 0.511978
0 0.702595 0.548968 0.00910588 0.0175951 0.511648
0 0.934608 0.244547 0.0185291 0.0269663 0.492233
0 0.945578 0.479101 0.014854 0.0189913 0.463954
0 0.8384 0.0699813 0.0136142 0.0283535 0.455402
9 0.912775 0.197696 0.0244636 0.02876 0.445261
9 0.910564 0.201912 0.0217491 0.02548 0.422125
0 0.856293 0.0938215 0.0107125 0.023085 0.399917
9 0.569523 0.749965 0.0186623 0.0265357 0.375733
0 0.393857 0.462723 0.00936502 0.013715 0.341909
0 0.915012 0.238959 0.0176777 0.0220913 0.339136
0 0.765943 0.446294 0.00959909 0.0177433 0.333725
5 0.13299 0.892702 0.0510684 0.0410624 0.275496
0 0.946073 0.475525 0.0142075 0.0183114 0.268571
9 0.907287 0.203621 0.0145183 0.0231063 0.267786
0 0.767719 0.467774 0.0136006 0.0178303 0.267463
0 0.858676 0.441092 0.0145381 0.0165162 0.265485
