3 0.67369 0.678335 0.0649268 0.0514161 0.877693
3 0.81437 0.696735 0.0681435 0.0460775 0.872176
3 0.469907 0.38498 0.0166956 0.0260679 0.849291
3 0.503258 0.278249 0.0133133 0.0184966 0.802913
0 0.682937 0.630601 0.00801021 0.0252303 0.801738
3 0.509589 0.23744 0.0113748 0.0151969 0.791828
3 0.0249572 0.937779 0.0499144 0.118749 0.756419
0 0.668795 0.566271 0.00837769 0.0234012 0.661858
0 0.69652 0.62224 0.00784855 0.0230717 0.609849
0 0.522104 0.608406 0.00753688 0.0255164 0.598277
3 0.491042 0.126892 0.00750305 0.0103076 0.546456
0 0.593676 0.505223 0.00678864 0.0220777 0.496445
0 0.518656 0.558889 0.00759295 0.0211283 0.49013
3 0.489136 0.140489 0.00931968 0.0101531 0.453849
0 0.934106 0.568614 0.0131153 0.0234598 0.398044
0 0.55397 0.303137 0.00518895 0.0173355 0.356023
0 0.670284 0.567188 0.00977251 0.0255547 0.269726
