3 0.539129 0.718729 0.0349984 0.0910577 0.879859
3 0.429921 0.767694 0.0433044 0.120885 0.862223
3 0.525749 0.607631 0.0298292 0.0626521 0.855388
3 0.471779 0.407198 0.0235371 0.0354439 0.840614
6 0.464742 0.653971 0.0402167 0.044479 0.818445
9 0.407717 0.938749 0.0303973 0.0359715 0.801552
3 0.496637 0.58108 0.0253111 0.0690226 0.767378
3 0.457359 0.580447 0.0311494 0.0514768 0.750808
5 0.457877 0.503028 0.0276127 0.0513597 0.724978
6 0.503091 0.707147 0.0226133 0.0639254 0.711784
6 0.517754 0.843481 0.0484369 0.0738639 0.686201
0 0.418526 0.586299 0.00856741 0.0398075 0.653373
6 0.535187 0.486729 0.0140733 0.0381862 0.631672
3 0.464233 0.447776 0.021772 0.0438702 0.543564
9 0.440583 0.703811 0.0286987 0.0370275 0.521154
5 0.611669 0.883375 0.0654087 0.175327 0.48862
9 0.435688 0.702112 0.0347427 0.0370811 0.484759
6 0.429886 0.8754 0.0335128 0.0992557 0.484041
3 0.51522 0.159653 0.0107706 0.0221748 0.410911
5 0.46446 0.44951 0.0216617 0.0470279 0.388407
9 0.432281 0.635812 0.0124913 0.0365012 0.383753
6 0.490037 0.260863 0.0114866 0.0179033 0.38319
0 0.431683 0.626013 0.0115564 0.0416678 0.32443
9 0.621912 0.748248 0.0270526 0.0311509 0.315903
1 0.495818 0.340038 0.00612499 0.0213741 0.300214
7 0.552482 0.496435 0.0163353 0.0485863 0.299077
4 0.515215 0.158853 0.0119626 0.0234047 0.297062
9 0.612703 0.685802 0.0221962 0.0294058 0.267002
7 0.495276 0.157815 0.0133406 0.0191253 0.255979
9 0.398355 0.553532 0.0139495 0.0248991 0.25437
9 0.577517 0.686729 0.0246771 0.0309473 0.251519
