5 0.234344 0.861998 0.188261 0.161842 0.909854
6 0.417877 0.775173 0.043616 0.1391 0.828554
6 0.318911 0.951833 0.0600438 0.0843632 0.80107
0 0.233109 0.926596 0.028485 0.0840595 0.727649
6 0.645204 0.515457 0.0303938 0.0930607 0.724107
0 0.415992 0.274107 0.013318 0.0501815 0.705314
6 0.433354 0.214449 0.0241702 0.055491 0.703646
9 0.960371 0.815241 0.0322914 0.0814397 0.661384
7 0.463219 0.303272 0.0241104 0.0907024 0.64963
6 0.495802 0.29146 0.019238 0.0883272 0.589156
4 0.548054 0.41813 0.0471789 0.150288 0.584271
6 0.574659 0.262769 0.0169085 0.0521637 0.581223
6 0.456912 0.0786157 0.0206682 0.0381873 0.550529
9 0.959307 0.951903 0.0551926 0.0756735 0.542968
0 0.431883 0.287571 0.0115536 0.044172 0.443309
0 0.429782 0.269711 0.0114761 0.0493068 0.437208
3 0.548304 0.415804 0.047146 0.153607 0.424915
6 0.496378 0.3097 0.019718 0.0545029 0.423328
9 0.85734 0.914994 0.0350418 0.0529896 0.387298
0 0.601737 0.0185396 0.00907385 0.0370793 0.381512
1 0.709789 0.597774 0.0166931 0.0319433 0.362903
1 0.581241 0.146611 0.0100271 0.0334313 0.345018
9 0.589986 0.105387 0.00986935 0.0360635 0.343663
9 0.581304 0.161191 0.0126918 0.0287177 0.333465
6 0.55993 0.0865658 0.0154492 0.0449562 0.333259
9 0.53426 0.538668 0.0297392 0.0315911 0.317162
9 0.413927 0.114971 0.0211132 0.0257899 0.315858
9 0.98268 0.932089 0.0320538 0.0388249 0.315343
9 0.574035 0.103754 0.0109443 0.0321135 0.309037
9 0.528233 0.149704 0.0217976 0.0337988 0.301061
9 0.573043 0.0322891 0.00965642 0.0294875 0.291453
1 0.589902 0.0979545 0.00970535 0.0333196 0.29002
9 0.607645 0.14748 0.0132169 0.0232125 0.285409
9 0.887801 0.913708 0.0233301 0.0826777 0.282152
6 0.410893 0.968397 0.0348158 0.0566556 0.280856
9 0.00897978 0.10138 0.0162565 0.0392099 0.280665
9 0.411354 0.968143 0.035062 0.0551214 0.27658
9 0.604107 0.0642294 0.0103676 0.0262826 0.274033
9 0.993331 0.975529 0.013338 0.0489423 0.259514
1 0.414952 0.963916 0.020742 0.0527157 0.251148
