0 0.124226 0.246044 0.0176429 0.0342905 0.798175
0 0.529092 0.152862 0.0103764 0.0372467 0.791859
0 0.172616 0.292359 0.0150278 0.0398326 0.788147
0 0.849599 0.30067 0.0196175 0.0325067 0.778702
0 0.0997678 0.23883 0.0192479 0.042752 0.767211
0 0.189733 0.798663 0.014032 0.0269879 0.740107
0 0.144694 0.329767 0.0191308 0.0328057 0.739731
0 0.139573 0.589387 0.0152771 0.0257356 0.737259
0 0.854258 0.503571 0.0161576 0.027999 0.733913
0 0.519057 0.608378 0.016123 0.0352024 0.727287
0 0.208769 0.791161 0.0171415 0.0270955 0.721965
0 0.11963 0.866904 0.0137321 0.0205724 0.719639
0 0.405405 0.441653 0.0121817 0.0335564 0.709564
0 0.159551 0.652235 0.0192459 0.0307139 0.699841
0 0.165007 0.332573 0.0171411 0.025506 0.689788
0 0.139394 0.529572 0.0156944 0.0215824 0.68272
0 0.81092 0.791344 0.0231129 0.0285909 0.67103
0 0.576526 0.106154 0.00976889 0.039477 0.668503
0 0.884058 0.150962 0.013939 0.0358485 0.667637
0 0.843173 0.158337 0.0132316 0.0358639 0.666187
0 0.562583 0.129904 0.00857143 0.041462 0.647488
0 0.162857 0.832168 0.0198554 0.0233741 0.645774
0 0.55232 0.133063 0.0102471 0.0404488 0.634338
0 0.793797 0.178115 0.0183887 0.0420509 0.627313
0 0.129244 0.813942 0.0166394 0.0264609 0.599828
0 0.988693 0.552747 0.0217715 0.0356759 0.598021
0 0.138838 0.798325 0.0201977 0.0213653 0.570693
0 0.925279 0.387468 0.0132958 0.0313895 0.565703
0 0.992547 0.165774 0.0146992 0.0324602 0.55706
0 0.397641 0.385492 0.0111806 0.0335469 0.538927
0 0.382987 0.352898 0.0140533 0.0299391 0.511222
0 0.680881 0.132779 0.0139863 0.0388394 0.479598
0 0.821581 0.131538 0.0154125 0.0397605 0.477208
0 0.40113 0.397098 0.0133094 0.0387947 0.474821
0 0.855155 0.155849 0.0109608 0.0336339 0.472532
0 0.10321 0.615788 0.0186055 0.0251576 0.470288
0 0.394726 0.160365 0.00894911 0.0360947 0.458385
0 0.669728 0.112064 0.0169392 0.0402854 0.440828
0 0.114972 0.616322 0.0164144 0.0281176 0.433051
0 0.386522 0.19638 0.0106362 0.0316164 0.416444
0 0.938153 0.169491 0.0215725 0.0336131 0.411105
0 0.406036 0.211429 0.00842974 0.028001 0.401448
0 0.614185 0.081562 0.00979802 0.0332949 0.397832
0 0.388192 0.290396 0.0150135 0.0321753 0.364514
0 0.797573 0.170048 0.0220115 0.0351484 0.36317
0 0.404102 0.208763 0.0106246 0.028882 0.360158
0 0.38359 0.332655 0.0130844 0.0314015 0.358602
0 0.866653 0.154717 0.0125012 0.0294646 0.353973
0 0.399909 0.391979 0.0127788 0.0385294 0.347039
0 0.364368 0.0303293 0.00943004 0.0285523 0.346769
0 0.088379 0.071301 0.0132654 0.027915 0.346121
0 0.616082 0.0801614 0.0105685 0.0331806 0.342765
0 0.334706 0.308373 0.0147546 0.0335568 0.341188
0 0.391352 0.246791 0.0132647 0.0291443 0.339335
0 0.806935 0.127748 0.0147745 0.0376186 0.325836
0 0.396348 0.22952 0.0123952 0.0370211 0.323652
0 0.317581 0.0468013 0.00743099 0.0287666 0.318652
0 0.159285 0.800009 0.0113103 0.0170675 0.312344
0 0.592439 0.0902859 0.00867898 0.0342029 0.304632
0 0.409408 0.160489 0.0124877 0.0313932 0.293994
0 0.602326 0.0992241 0.00971946 0.0314884 0.293264
0 0.381738 0.305361 0.0134484 0.0282909 0.287836
0 0.395451 0.127307 0.00955257 0.0412777 0.28354
0 0.389847 0.331781 0.0131663 0.034723 0.278596
0 0.823435 0.139385 0.0136366 0.0382077 0.268266
0 0.824588 0.132461 0.0134803 0.0412914 0.258542
0 0.392467 0.171801 0.007883 0.039557 0.253083
