0 0.439928 0.175301 0.0082516 0.0286196 0.772971
0 0.769578 0.177903 0.0112511 0.0271951 0.700458
0 0.410302 0.890844 0.011725 0.0183459 0.692811
0 0.421893 0.496874 0.00812169 0.0236229 0.68537
0 0.457952 0.112936 0.00838231 0.0310426 0.675525
0 0.394438 0.555921 0.0090281 0.0157915 0.673659
0 0.396033 0.892395 0.00937679 0.0200702 0.670315
0 0.43091 0.20336 0.00782641 0.0287227 0.666646
0 0.433352 0.407509 0.00901882 0.0222662 0.646847
0 0.436685 0.622544 0.0110392 0.0174064 0.634058
0 0.389807 0.839892 0.0084276 0.0184392 0.616596
0 0.432875 0.356247 0.00858555 0.0215384 0.609994
0 0.40789 0.520891 0.00974579 0.0295793 0.606164
0 0.750672 0.174853 0.0115302 0.033796 0.589084
0 0.421119 0.680345 0.00924962 0.025596 0.569106
0 0.418167 0.372156 0.00784991 0.0286131 0.562727
0 0.483968 0.316268 0.0123654 0.0214475 0.557427
0 0.406583 0.523519 0.00935747 0.0276351 0.552638
0 0.428692 0.447966 0.0100351 0.0217559 0.549335
0 0.415508 0.723943 0.0115034 0.0182407 0.546096
0 0.458889 0.0200482 0.00906895 0.0353713 0.539841
0 0.465723 0.0517945 0.00737627 0.0336714 0.531752
0 0.379617 0.902415 0.0107434 0.0184877 0.514285
0 0.751356 0.19697 0.010211 0.0280894 0.512085
0 0.482355 0.107915 0.00904027 0.0379411 0.505814
0 0.440289 0.468673 0.00920772 0.0231719 0.492249
0 0.452445 0.48294 0.0093413 0.0222382 0.479597
0 0.426879 0.383929 0.00939771 0.0186146 0.477306
0 0.40312 0.852434 0.0095895 0.0225504 0.471107
0 0.443273 0.0476049 0.00815992 0.0284497 0.468954
9 0.480699 0.960649 0.0292692 0.0288155 0.464134
0 0.443427 0.495361 0.00970289 0.0215518 0.442005
0 0.44743 0.444565 0.00885481 0.0204313 0.435305
0 0.428085 0.459413 0.00968916 0.0280829 0.434912
9 0.886652 0.159151 0.0162735 0.0318283 0.411496
0 0.444602 0.0172511 0.00990204 0.0345022 0.409637
0 0.492692 0.624348 0.0108147 0.0170921 0.370551
9 0.905784 0.150211 0.0158131 0.0323338 0.366897
0 0.445154 0.428283 0.0114063 0.0229445 0.355433
0 0.379715 0.897015 0.00936371 0.0207663 0.353245
0 0.472838 0.443996 0.00971183 0.0254102 0.332365
0 0.446177 0.401027 0.0120355 0.0258569 0.331762
0 0.4739 0.0164166 0.00844574 0.0328331 0.321717
0 0.444773 0.499583 0.00797939 0.0226898 0.315616
9 0.921262 0.19708 0.0139183 0.0402591 0.313507
0 0.421788 0.365119 0.00810032 0.0217635 0.313383
9 0.385765 0.396453 0.0202512 0.0263074 0.302713
9 0.447061 0.862965 0.0226807 0.0171027 0.296531
0 0.500825 0.638545 0.0113239 0.0139961 0.294893
9 0.452615 0.259079 0.00811183 0.0351746 0.294053
9 0.924183 0.195846 0.0136223 0.0397168 0.293559
0 0.464889 0.0191407 0.00798414 0.0343106 0.278949
0 0.563872 0.313943 0.0123042 0.0292763 0.277123
0 0.325887 0.789894 0.0169783 0.0192938 0.261558
9 0.959441 0.0730857 0.0139947 0.03834 0.258594
0 0.432937 0.20312 0.00919063 0.0291683 0.257811
0 0.325291 0.786938 0.0164097 0.0193196 0.257729
0 0.402519 0.855665 0.00900404 0.021242 0.254731
0 0.411534 0.888032 0.00788208 0.0217885 0.254296
0 0.427909 0.458271 0.0073373 0.021036 0.251101
