0 0.403719 0.136158 0.00620762 0.0246839 0.470927
0 0.404248 0.202787 0.00640987 0.0248953 0.468433
0 0.407039 0.0792535 0.00772474 0.020224 0.432154
0 0.39793 0.509464 0.00841871 0.016295 0.424766
0 0.412622 0.203834 0.006794 0.0255047 0.41657
0 0.37057 0.353436 0.0069458 0.0164068 0.396279
0 0.380072 0.259379 0.00642944 0.0234176 0.380165
0 0.457605 0.510453 0.00711116 0.0143361 0.378205
0 0.383732 0.441358 0.0071596 0.0265199 0.368743
0 0.318633 0.09405 0.00667868 0.0200985 0.360804
0 0.416449 0.109535 0.00694645 0.0261 0.347969
9 0.317867 0.732363 0.023454 0.0168004 0.339105
0 0.358364 0.89839 0.00720503 0.0204523 0.336408
0 0.389622 0.397561 0.0083442 0.0165924 0.325532
0 0.409341 0.385015 0.00670929 0.0207882 0.309087
0 0.389609 0.437095 0.0083027 0.0239231 0.291374
0 0.422344 0.110184 0.00708893 0.0240744 0.285141
0 0.368792 0.462397 0.00923229 0.017446 0.280537
0 0.352609 0.494619 0.0148641 0.0175885 0.269103
0 0.36481 0.84727 0.00898274 0.0186673 0.268269
0 0.387534 0.438171 0.00709412 0.0267148 0.266657
