3 0.322624 0.910036 0.0156852 0.0383995 0.849836
3 0.309834 0.963093 0.0177513 0.0432823 0.827563
3 0.366295 0.685142 0.0121336 0.0280297 0.805381
3 0.397654 0.5607 0.0169988 0.0136142 0.78128
3 0.457142 0.463702 0.00909755 0.0174098 0.741868
5 0.369412 0.543167 0.0241786 0.0206327 0.725394
3 0.414876 0.625894 0.0101896 0.0210102 0.69745
3 0.397321 0.59811 0.00931287 0.0215803 0.685184
3 0.181524 0.4122 0.0112954 0.0100938 0.684678
3 0.424077 0.675504 0.0108214 0.0286117 0.683049
3 0.372763 0.652637 0.00971946 0.0239399 0.675326
3 0.165127 0.388323 0.0104107 0.0122441 0.669342
3 0.41406 0.544124 0.00975704 0.0206212 0.653803
3 0.340314 0.576271 0.0207453 0.015464 0.63878
5 0.421124 0.493756 0.017387 0.0659907 0.624297
3 0.447562 0.544636 0.0096541 0.019162 0.618889
3 0.159918 0.426388 0.0130015 0.0110647 0.612811
3 0.740767 0.641311 0.0196856 0.0134059 0.598111
3 0.44807 0.505582 0.00870161 0.0176989 0.597736
3 0.080028 0.381355 0.011345 0.0129668 0.593416
3 0.518002 0.355806 0.00735321 0.00961417 0.549645
3 0.440037 0.434383 0.00752982 0.0147561 0.543982
3 0.0848277 0.405335 0.0138493 0.0114866 0.538039
3 0.19393 0.663249 0.0199788 0.0132594 0.530928
3 0.320754 0.762445 0.0112073 0.0205704 0.520051
3 0.078755 0.418482 0.0169431 0.0131929 0.519678
3 0.506421 0.35675 0.00724431 0.0105178 0.507314
5 0.226525 0.431525 0.0205571 0.0143588 0.504296
3 0.51482 0.337687 0.0088477 0.01077 0.483417
3 0.347009 0.429625 0.0117475 0.010445 0.478445
3 0.745201 0.667686 0.0187111 0.014742 0.473674
3 0.194754 0.678851 0.018256 0.014484 0.468103
5 0.447723 0.339972 0.00849915 0.0242225 0.455574
3 0.20321 0.376275 0.0127109 0.00962638 0.45511
3 0.471192 0.386068 0.00613116 0.0112991 0.449442
3 0.453196 0.309235 0.00627345 0.0106098 0.442433
3 0.743713 0.654919 0.0208146 0.0120509 0.43273
3 0.195159 0.69572 0.0171098 0.0126427 0.430534
3 0.291264 0.415576 0.0146688 0.0135646 0.429176
3 0.250382 0.436052 0.0124059 0.0114405 0.42723
8 0.352749 0.453421 0.0344834 0.0172039 0.422841
3 0.416251 0.459377 0.00793618 0.0186644 0.401983
3 0.199035 0.376389 0.0126218 0.00892616 0.392482
3 0.246148 0.520777 0.0168275 0.0119156 0.386895
3 0.314776 0.384867 0.00708398 0.00990281 0.383661
3 0.37165 0.563713 0.0202 0.0144745 0.370594
3 0.128794 0.402981 0.0144113 0.0110435 0.367575
5 0.432875 0.503228 0.00968057 0.0259311 0.355172
3 0.382872 0.396156 0.0136236 0.00931359 0.344653
3 0.498584 0.336419 0.00974217 0.01223 0.34363
5 0.427326 0.451843 0.00864236 0.0237944 0.339986
3 0.492316 0.388459 0.00566986 0.0105696 0.335862
3 0.865481 0.985141 0.0219251 0.0294235 0.334863
3 0.471354 0.244858 0.00534271 0.00811301 0.323198
3 0.0793759 0.363314 0.00853002 0.0105334 0.31401
3 0.502304 0.388273 0.00805398 0.00971075 0.310527
3 0.392152 0.491839 0.0149159 0.0134939 0.302905
5 0.334621 0.533286 0.0219775 0.0178336 0.297726
5 0.442193 0.61556 0.0129754 0.0393308 0.283594
3 0.521242 0.328266 0.00867462 0.00950535 0.27745
8 0.464529 0.310499 0.00874211 0.0407861 0.274254
5 0.431778 0.487564 0.0108185 0.057 0.273653
3 0.355588 0.394147 0.0113085 0.00905718 0.269407
3 0.309723 0.423168 0.00799057 0.0125038 0.267983
5 0.460238 0.196813 0.00800018 0.0182646 0.267405
9 0.381432 0.689619 0.00674674 0.0172725 0.26177
3 0.289266 0.394053 0.00959348 0.00927952 0.253161
3 0.240264 0.369236 0.0109513 0.0115837 0.251325
