3 0.46956 0.40111 0.0180105 0.0483505 0.882832
4 0.409052 0.522707 0.0467503 0.0423859 0.868655
5 0.509653 0.813879 0.0404942 0.171345 0.868646
3 0.399968 0.735813 0.049293 0.0344704 0.858527
3 0.268202 0.28345 0.0192289 0.0459388 0.854766
3 0.826328 0.951377 0.0529048 0.0401711 0.837293
3 0.452188 0.215038 0.0170497 0.0396049 0.828568
5 0.476146 0.138784 0.0338863 0.13219 0.824716
3 0.381855 0.176992 0.0328473 0.0242074 0.81914
3 0.314005 0.274915 0.0168686 0.0381956 0.816124
3 0.532251 0.092814 0.0316958 0.0211437 0.801205
5 0.483211 0.53697 0.0211297 0.0671912 0.787136
3 0.389022 0.50237 0.0363936 0.0279622 0.781642
3 0.677854 0.523617 0.0493412 0.0301274 0.766058
3 0.392644 0.361323 0.0180043 0.0470343 0.76394
5 0.487001 0.25598 0.0174782 0.0408239 0.728933
3 0.28895 0.279578 0.0187796 0.0410505 0.727303
3 0.490878 0.310052 0.0176189 0.0446625 0.699825
3 0.758991 0.424792 0.0245607 0.0471019 0.672585
3 0.356985 0.343117 0.0346592 0.023575 0.653752
4 0.347908 0.268553 0.0172596 0.0392833 0.581753
3 0.52482 0.109603 0.0321245 0.021803 0.578892
6 0.405752 0.653174 0.0242381 0.0180984 0.496246
5 0.460331 0.0293304 0.0206615 0.0586608 0.487801
9 0.598544 0.778681 0.00962324 0.0302529 0.471123
0 0.863662 0.569528 0.0103848 0.0147196 0.458809
3 0.36799 0.0694628 0.024054 0.0226025 0.452783
9 0.490253 0.371648 0.0074156 0.0177128 0.442724
9 0.384638 0.624576 0.0171064 0.0136938 0.417949
9 0.422969 0.0724701 0.00843929 0.0161728 0.414295
5 0.622631 0.67261 0.0418422 0.0321482 0.396925
9 0.480219 0.0349032 0.00619058 0.0160373 0.390476
4 0.416771 0.350877 0.0139761 0.0460921 0.321278
1 0.489825 0.36717 0.00791635 0.0176858 0.319297
5 0.391628 0.0559381 0.0285416 0.0239422 0.316319
7 0.372968 0.157518 0.0232523 0.0197032 0.315806
4 0.592518 0.586348 0.0295017 0.0485002 0.311377
3 0.24835 0.28306 0.0161923 0.0388141 0.298883
3 0.705902 0.845574 0.0282116 0.0278572 0.294612
9 0.382767 0.694031 0.0148262 0.0100878 0.291678
9 0.389276 0.0967956 0.0113884 0.0143715 0.279517
9 0.363064 0.111876 0.0118107 0.0115001 0.277408
7 0.727891 0.881001 0.0361218 0.0248515 0.273041
9 0.511883 0.0393855 0.0119122 0.0144864 0.264823
9 0.585043 0.258267 0.0121155 0.0133268 0.250809
