3 0.57885 0.830312 0.0320778 0.0830045 0.893645
3 0.535053 0.849865 0.0296021 0.0939068 0.884104
3 0.462334 0.922426 0.0336548 0.106231 0.875486
3 0.586822 0.605767 0.0302391 0.0571804 0.862899
3 0.528861 0.673422 0.0252165 0.0698143 0.861304
3 0.491047 0.800575 0.0295145 0.0852018 0.850136
3 0.560079 0.273973 0.0140276 0.0277663 0.848019
3 0.529287 0.57985 0.0219636 0.0524127 0.813626
8 0.545317 0.338341 0.0209412 0.0565472 0.796886
3 0.54898 0.216773 0.0120829 0.0251387 0.795525
3 0.562052 0.30865 0.015135 0.0325824 0.757759
8 0.504053 0.417964 0.0193788 0.0650454 0.702113
0 0.632215 0.704567 0.00862235 0.0372973 0.695653
3 0.569284 0.347506 0.0154608 0.0340185 0.68995
0 0.41401 0.944703 0.0101191 0.0467962 0.668913
0 0.421711 0.772205 0.00789734 0.0365751 0.668307
0 0.41686 0.445409 0.0063855 0.0259484 0.657441
0 0.427433 0.546364 0.00767766 0.0292822 0.652667
0 0.465506 0.528464 0.00674561 0.0279752 0.63489
0 0.403558 0.95184 0.00815068 0.0349408 0.622595
0 0.603316 0.495292 0.00619908 0.028318 0.615846
0 0.39273 0.513837 0.00783604 0.0287156 0.600566
0 0.423181 0.507072 0.0088661 0.0294972 0.594083
0 0.637552 0.382391 0.00529 0.0244401 0.588411
0 0.415407 0.390845 0.00677987 0.0237873 0.585131
4 0.574396 0.698166 0.0252035 0.0640561 0.584892
0 0.43838 0.563846 0.00661904 0.0297883 0.584037
0 0.439991 0.648032 0.00786512 0.0325274 0.578188
0 0.586643 0.483421 0.00643254 0.0269574 0.573777
0 0.439173 0.564704 0.00915872 0.0298548 0.560563
0 0.385868 0.539577 0.0092361 0.0297815 0.5491
3 0.574359 0.697849 0.025992 0.0630348 0.548661
0 0.632479 0.462683 0.00696019 0.0248201 0.548657
0 0.622773 0.531763 0.00820962 0.0266791 0.536097
0 0.615574 0.473753 0.00652771 0.0235485 0.531444
0 0.655245 0.458182 0.00657824 0.0266356 0.528349
0 0.40565 0.507404 0.00661952 0.0330476 0.527416
0 0.415123 0.377715 0.00726127 0.0331104 0.527028
0 0.647231 0.431691 0.00699127 0.0278303 0.521828
0 0.397471 0.467681 0.00753597 0.0279702 0.520249
0 0.482505 0.570901 0.00688341 0.0263132 0.520054
8 0.49362 0.210239 0.0180695 0.0427169 0.517327
0 0.429843 0.641857 0.00769379 0.0320711 0.508165
0 0.43452 0.83135 0.00990962 0.0451092 0.50715
0 0.414645 0.542218 0.00826054 0.0297701 0.504449
0 0.435259 0.406865 0.00802316 0.0250892 0.488037
0 0.436725 0.530548 0.00640751 0.0337514 0.487148
0 0.646207 0.772646 0.00839321 0.0413995 0.47896
0 0.612669 0.427572 0.00600006 0.0235851 0.478792
0 0.577502 0.473284 0.00752032 0.0261592 0.466719
0 0.482996 0.535741 0.0072147 0.0261434 0.463795
0 0.415174 0.386638 0.00596981 0.0296165 0.45556
0 0.407825 0.460251 0.00726785 0.0261359 0.451976
0 0.396114 0.540768 0.00636828 0.0296005 0.4504
0 0.407987 0.538897 0.00667153 0.0318073 0.446097
0 0.585566 0.480289 0.00863761 0.0286637 0.44561
0 0.385414 0.468286 0.00834255 0.0276502 0.442255
0 0.615258 0.328678 0.00700562 0.0197429 0.438581
0 0.627917 0.365564 0.00678327 0.024433 0.427275
0 0.556946 0.424167 0.00532227 0.0237134 0.420498
0 0.553565 0.442816 0.00648499 0.0290848 0.420016
3 0.54313 0.05159 0.00906446 0.0166948 0.415814
0 0.405283 0.498795 0.00681113 0.0293567 0.41384
0 0.614784 0.472229 0.00641462 0.0245099 0.409106
0 0.572311 0.24512 0.00712524 0.0198411 0.404239
0 0.647006 0.446657 0.00661002 0.023873 0.40313
0 0.428017 0.609307 0.00789202 0.0299755 0.400952
0 0.596163 0.264109 0.00495108 0.020083 0.397655
0 0.627553 0.370288 0.00741538 0.022815 0.39696
0 0.639984 0.38089 0.00759678 0.0243997 0.395806
0 0.5948 0.224709 0.00320016 0.0218299 0.391006
0 0.584335 0.264503 0.00617218 0.0198481 0.3882
8 0.501982 0.341002 0.0167553 0.0496085 0.385117
0 0.636803 0.444752 0.00607758 0.0269105 0.380611
0 0.481486 0.503806 0.00603341 0.0274095 0.380582
0 0.44595 0.418189 0.00573103 0.0283198 0.377553
0 0.407809 0.576756 0.00749721 0.0320439 0.377378
0 0.398151 0.45073 0.0088041 0.0293269 0.377215
3 0.668747 0.482337 0.03102 0.0290298 0.365499
0 0.617583 0.361768 0.00596265 0.0256891 0.356737
0 0.428989 0.638226 0.00814248 0.0319948 0.354076
0 0.567287 0.424515 0.00550271 0.0228574 0.352587
0 0.639983 0.555451 0.00830135 0.0291371 0.351134
0 0.497886 0.490484 0.00827445 0.0264649 0.347555
0 0.617621 0.370096 0.0060995 0.0238881 0.347349
0 0.614161 0.30478 0.00477369 0.0221695 0.346952
0 0.579927 0.215877 0.00539276 0.018021 0.346721
0 0.606184 0.39656 0.00657061 0.0252565 0.34453
0 0.596688 0.518291 0.00688093 0.0267644 0.342716
0 0.63032 0.305184 0.00523224 0.0240689 0.342697
0 0.626184 0.431827 0.0101348 0.0237122 0.340282
0 0.569739 0.511608 0.00677355 0.0248922 0.340078
0 0.501752 0.506044 0.0090002 0.0263274 0.33582
0 0.614374 0.702312 0.00898437 0.0358652 0.333509
0 0.585739 0.25622 0.00388088 0.0223182 0.329341
0 0.645904 0.664185 0.00690325 0.0327969 0.323969
0 0.406175 0.449918 0.00729797 0.0281919 0.323681
0 0.428291 0.541951 0.00612431 0.0285846 0.31693
0 0.544846 0.134781 0.00409555 0.014477 0.315418
0 0.615834 0.304585 0.00585576 0.0208681 0.312329
0 0.61805 0.434389 0.00448643 0.0243648 0.311726
0 0.603704 0.247573 0.0052015 0.0182148 0.311259
0 0.553785 0.161848 0.00528163 0.0158491 0.310403
0 0.656503 0.45661 0.00619564 0.0269455 0.306551
0 0.702632 0.887691 0.0102267 0.0375386 0.302414
0 0.569394 0.37098 0.00646589 0.0252532 0.30165
0 0.391511 0.574433 0.00764989 0.0316958 0.300067
0 0.421733 0.287824 0.00606336 0.0233521 0.299212
0 0.613672 0.429666 0.010193 0.0226255 0.297598
0 0.558776 0.492439 0.00628893 0.0228626 0.295464
3 0.529396 0.0410105 0.00989249 0.0135409 0.292793
0 0.431149 0.155213 0.00580806 0.0179725 0.286943
0 0.635593 0.559229 0.0105816 0.0268682 0.284701
0 0.651558 0.376226 0.00939065 0.0210185 0.28061
0 0.58409 0.247825 0.00569 0.0183079 0.279151
0 0.66217 0.380086 0.00555703 0.0211507 0.276836
0 0.377815 0.491274 0.00717058 0.029723 0.272064
0 0.606862 0.258861 0.00635127 0.0193221 0.270875
5 0.662471 0.95586 0.0625469 0.0845807 0.270572
0 0.388378 0.524206 0.00714922 0.0329533 0.268374
0 0.431179 0.266143 0.0062149 0.0221566 0.265851
0 0.533401 0.127721 0.0045292 0.014365 0.265187
0 0.610253 0.4269 0.00801392 0.0221821 0.262188
0 0.447928 0.529123 0.00837747 0.0280268 0.257874
8 0.50247 0.372327 0.0171897 0.0389603 0.257721
0 0.611564 0.259893 0.00528752 0.0200558 0.25632
0 0.475832 0.711754 0.0092821 0.0361732 0.256054
0 0.493142 0.551225 0.00679129 0.0251467 0.255451
0 0.57058 0.173283 0.00547638 0.0179989 0.252499
0 0.670883 0.402233 0.00616834 0.0216669 0.25006
