0 0.580893 0.44328 0.00841923 0.0292592 0.778077
0 0.563695 0.421967 0.0086649 0.0353868 0.702701
0 0.604015 0.577019 0.0108807 0.0402753 0.701068
0 0.510509 0.838276 0.0131546 0.0351848 0.636296
0 0.509397 0.474949 0.00932543 0.0403097 0.628676
0 0.512299 0.953327 0.0164124 0.0378693 0.623646
0 0.626365 0.496784 0.00995004 0.031126 0.614681
0 0.511063 0.423219 0.00966644 0.0379477 0.614139
0 0.548279 0.748528 0.0111778 0.0331268 0.608228
0 0.526226 0.443149 0.0103318 0.0367383 0.589244
0 0.516288 0.369402 0.0108803 0.0322147 0.586244
0 0.598482 0.424181 0.00972355 0.0321961 0.581706
0 0.523982 0.445312 0.00987379 0.0389311 0.562829
0 0.50779 0.47209 0.010483 0.0361557 0.561376
0 0.495671 0.335643 0.0103933 0.0398276 0.557843
0 0.501526 0.160059 0.00947854 0.0330894 0.538347
0 0.511854 0.427947 0.00842765 0.0405526 0.507683
0 0.483982 0.112786 0.00796413 0.0304303 0.490317
0 0.51138 0.441519 0.0102682 0.0366073 0.408968
0 0.603321 0.569685 0.0122465 0.0370404 0.402544
0 0.511405 0.371396 0.0103244 0.0315269 0.391544
0 0.550567 0.747799 0.0114313 0.0316124 0.337367
0 0.562053 0.705131 0.00992968 0.0374472 0.288539
0 0.488797 0.226903 0.00993726 0.0339642 0.271509
0 0.498696 0.273546 0.0102592 0.0431943 0.254417
