3 0.503068 0.115329 0.0220305 0.0188039 0.828871
3 0.759689 0.930673 0.025093 0.0181567 0.800785
3 0.434899 0.448211 0.0117024 0.036039 0.798167
5 0.398695 0.763036 0.0168668 0.0640238 0.775129
3 0.236235 0.704016 0.0111828 0.0298039 0.774289
3 0.412757 0.912666 0.0137153 0.0428862 0.770095
3 0.463802 0.193198 0.0120245 0.0362589 0.752413
3 0.728056 0.925469 0.0263712 0.0183735 0.73614
3 0.242282 0.568489 0.0122681 0.0325771 0.671395
3 0.843704 0.960571 0.0212502 0.0186827 0.664285
3 0.757211 0.879971 0.0185717 0.0228956 0.65763
3 0.426698 0.148913 0.0103245 0.0320327 0.642779
8 0.441198 0.0300324 0.016675 0.0515614 0.637005
3 0.240893 0.661744 0.0115281 0.032808 0.62962
9 0.471914 0.0910119 0.00633087 0.0131078 0.592833
3 0.494022 0.271083 0.0199127 0.014783 0.588456
9 0.428035 0.814509 0.00643733 0.0161173 0.547347
3 0.490948 0.302816 0.0186031 0.0138115 0.508247
3 0.491053 0.297014 0.020521 0.0153732 0.501709
3 0.762865 0.8794 0.0133995 0.0231714 0.472024
3 0.506848 0.0970272 0.021582 0.015766 0.440561
9 0.314491 0.494844 0.00852107 0.014557 0.428316
3 0.239584 0.665822 0.0112646 0.0362773 0.415008
3 0.464185 0.587262 0.0182449 0.0107585 0.409161
3 0.497377 0.234619 0.0173919 0.0142078 0.372677
3 0.49307 0.280369 0.0206223 0.015345 0.367244
3 0.74027 0.879628 0.014687 0.0176084 0.343754
3 0.468722 0.559348 0.0184505 0.010393 0.324206
9 0.472947 0.0923475 0.00548056 0.0159207 0.28952
3 0.441457 0.149863 0.00696071 0.0272935 0.286648
4 0.443007 0.279342 0.00990505 0.0350388 0.286542
3 0.48588 0.346927 0.0216252 0.015634 0.282017
3 0.23847 0.694151 0.00999132 0.0331731 0.272984
3 0.49286 0.266263 0.0180376 0.0158678 0.271834
3 0.868628 0.048304 0.0212757 0.0172875 0.263731
4 0.772599 0.860145 0.0286196 0.0169395 0.262203
