0 0.508306 0.552022 0.0082857 0.0273561 0.779103
0 0.630984 0.274564 0.00888938 0.0343789 0.664915
0 0.493542 0.542378 0.00862218 0.0319128 0.658587
0 0.544288 0.0208322 0.00853119 0.0377772 0.625685
0 0.494691 0.284055 0.00982435 0.0336455 0.601677
0 0.540791 0.833045 0.0114291 0.0341252 0.590509
0 0.611343 0.339078 0.00836347 0.0340509 0.57654
0 0.680532 0.937928 0.010812 0.0335033 0.544236
0 0.652204 0.694173 0.0113599 0.028855 0.526512
0 0.67647 0.959826 0.0112566 0.034279 0.521124
0 0.621756 0.319424 0.00855277 0.0313684 0.504755
0 0.599654 0.883589 0.0143941 0.0305352 0.460338
0 0.606709 0.320829 0.0107033 0.0326002 0.452647
0 0.604947 0.326291 0.00584756 0.0308695 0.435371
0 0.651675 0.702553 0.0116627 0.0402651 0.42459
0 0.552682 0.382128 0.00921116 0.0329669 0.421231
0 0.64961 0.693398 0.0128343 0.029647 0.406076
0 0.602956 0.894322 0.01366 0.0258773 0.393328
0 0.555308 0.388257 0.0103277 0.0326381 0.372258
0 0.606088 0.899673 0.0125511 0.0222298 0.367452
0 0.489782 0.285568 0.00876748 0.0324168 0.355702
0 0.648462 0.676288 0.0104908 0.0272112 0.298572
