0 0.691022 0.427393 0.0120392 0.0329471 0.770465
3 0.967918 0.360241 0.0387051 0.0472945 0.769153
0 0.936649 0.64642 0.0282067 0.0492367 0.754498
0 0.895244 0.590639 0.024472 0.0445335 0.741904
3 0.552652 0.257921 0.0339602 0.0206347 0.720216
4 0.624732 0.254116 0.0343818 0.0267635 0.699518
3 0.590805 0.248129 0.026346 0.0180557 0.631877
0 0.741241 0.391366 0.0095479 0.0262474 0.627615
0 0.822855 0.476473 0.0186455 0.0383142 0.62063
0 0.690657 0.282517 0.00688477 0.0241073 0.584977
0 0.585452 0.307514 0.00716535 0.0245179 0.57477
3 0.480835 0.214185 0.0254782 0.0184325 0.545812
0 0.939635 0.639429 0.0327511 0.0428082 0.541788
0 0.577805 0.308575 0.0073475 0.0220432 0.530052
3 0.445287 0.202266 0.0252898 0.0162733 0.527611
3 0.355826 0.170731 0.0211764 0.0139423 0.519876
0 0.682876 0.273334 0.00576726 0.0207735 0.487068
3 0.605563 0.252344 0.0266645 0.0221679 0.400766
0 0.476893 0.245661 0.00872096 0.0186148 0.396005
0 0.768553 0.314945 0.00805777 0.0204758 0.387086
3 0.412546 0.193302 0.0218878 0.0111501 0.379433
3 0.554378 0.238283 0.0317656 0.0194434 0.366582
0 0.68407 0.283507 0.00608865 0.0224573 0.366578
0 0.698076 0.356209 0.00882023 0.0229341 0.357617
0 0.497586 0.315513 0.00801601 0.0222668 0.343907
3 0.252794 0.137304 0.0185 0.0121427 0.332896
4 0.431074 0.197645 0.0287137 0.0166441 0.313866
3 0.482139 0.217093 0.0265454 0.0174456 0.299924
3 0.601631 0.250993 0.0199331 0.0204776 0.290571
0 0.509551 0.321004 0.00700204 0.0171041 0.260104
0 0.475474 0.242254 0.00582502 0.0187004 0.257139
0 0.700632 0.356278 0.0113065 0.0226051 0.252375
