0 0.672692 0.951077 0.0157977 0.0335168 0.752687
0 0.47168 0.700385 0.0102468 0.0355921 0.735341
0 0.543723 0.767194 0.0119465 0.0355555 0.707385
3 0.141422 0.0137007 0.0625186 0.0274013 0.707
0 0.549109 0.71015 0.012903 0.0393756 0.649021
0 0.487284 0.564909 0.00956831 0.031057 0.62732
4 0.269568 0.0217926 0.0634932 0.0428208 0.583485
0 0.646789 0.657271 0.0153939 0.0334511 0.509109
0 0.0525758 0.0692258 0.0104029 0.0309186 0.423627
0 0.34103 0.973912 0.016597 0.0410069 0.422244
8 0.660384 0.0608271 0.0614334 0.0471239 0.325455
