3 0.137682 0.703201 0.153622 0.0856783 0.913667
3 0.516219 0.65382 0.1158 0.0722079 0.911625
3 0.375707 0.672147 0.132147 0.0797985 0.877814
3 0.625293 0.614939 0.10333 0.0726317 0.872724
3 0.970373 0.561325 0.0592541 0.0574046 0.856867
3 0.129326 0.585148 0.0523481 0.0665894 0.850907
3 0.598524 0.568274 0.0692414 0.0542124 0.849063
5 0.779231 0.504665 0.100988 0.0858519 0.832987
3 0.467294 0.590734 0.0745361 0.0601375 0.81344
3 0.947848 0.782526 0.104304 0.0990375 0.810915
3 0.372907 0.61147 0.0770984 0.0641978 0.803601
0 0.165537 0.524931 0.011368 0.0380719 0.776397
4 0.916127 0.936426 0.167604 0.127149 0.700604
0 0.356834 0.563055 0.016652 0.0497048 0.699662
0 0.187168 0.6175 0.0160419 0.0504659 0.652223
3 0.858313 0.511027 0.0652748 0.0518088 0.64847
5 0.221534 0.585538 0.0501365 0.0751345 0.630042
4 0.221822 0.585302 0.050947 0.0740987 0.594397
3 0.914196 0.438825 0.0473851 0.0372382 0.526876
0 0.527382 0.451821 0.00877219 0.0279584 0.513191
3 0.870507 0.488039 0.048296 0.0373311 0.499033
3 0.929565 0.489972 0.0516998 0.0448748 0.496428
0 0.405492 0.406098 0.00712128 0.0253113 0.436021
4 0.929658 0.489865 0.05158 0.0440375 0.432826
5 0.916121 0.936133 0.167625 0.127164 0.429827
0 0.633328 0.517563 0.0104303 0.0352474 0.423041
0 0.392758 0.369964 0.00579533 0.0191403 0.413776
0 0.3639 0.449377 0.00759938 0.030968 0.405137
0 0.364697 0.446657 0.00827044 0.0260272 0.389055
3 0.688518 0.568479 0.06884 0.0547427 0.385656
0 0.315051 0.405663 0.00744738 0.0257141 0.36279
4 0.688097 0.569012 0.0708554 0.0541763 0.358946
4 0.857255 0.511089 0.0632492 0.0537216 0.342342
3 0.956396 0.439217 0.0427493 0.0323394 0.338032
9 0.666951 0.504788 0.0232179 0.0257426 0.334691
0 0.686088 0.532734 0.0106663 0.0342651 0.323908
0 0.528305 0.39458 0.0069393 0.0258615 0.319719
0 0.900429 0.454827 0.011747 0.0238455 0.295173
4 0.00604468 0.585255 0.0120894 0.0554606 0.294743
0 0.515008 0.395234 0.00764217 0.0219569 0.290292
3 0.32984 0.407833 0.0204648 0.0294389 0.274987
9 0.22129 0.488049 0.0164377 0.0285962 0.260128
0 0.503209 0.426572 0.00704764 0.0220369 0.258297
0 0.404922 0.402372 0.00659594 0.0244128 0.256905
9 0.670778 0.505067 0.0201208 0.028478 0.250556
0 0.356416 0.360977 0.00516414 0.0188995 0.250325
