3 0.424051 0.761139 0.0227289 0.048115 0.836376
4 0.434653 0.592958 0.0173752 0.0369939 0.770741
3 0.493558 0.533422 0.0140093 0.0268579 0.734829
8 0.558198 0.383832 0.0325742 0.0270964 0.606894
3 0.451161 0.477299 0.0105495 0.0223513 0.546767
3 0.504087 0.625501 0.019957 0.0459454 0.544707
4 0.438114 0.499319 0.0119636 0.0242413 0.537035
3 0.446084 0.4023 0.0087265 0.0154999 0.513999
3 0.478509 0.434075 0.0092327 0.0207222 0.471441
3 0.442851 0.456065 0.00982169 0.0206519 0.439666
3 0.441186 0.374357 0.0072226 0.0134526 0.427992
5 0.496109 0.450527 0.0133865 0.0347205 0.397394
3 0.44641 0.442269 0.00991595 0.0134203 0.306683
3 0.448032 0.418315 0.00923824 0.0144024 0.284239
