0 0.292711 0.892008 0.0176174 0.0327554 0.704769
0 0.127775 0.211907 0.0132696 0.0398974 0.690906
0 0.533671 0.0838786 0.0105402 0.0393044 0.580895
0 0.548145 0.0819227 0.0104598 0.0425846 0.510414
0 0.541288 0.0935235 0.0122852 0.0388898 0.467392
0 0.0628799 0.395213 0.0169813 0.0385847 0.463747
0 0.135142 0.13377 0.0121815 0.0351006 0.443388
0 0.553778 0.0922649 0.0114172 0.0355122 0.439583
0 0.553757 0.393021 0.0105905 0.0387404 0.387697
0 0.00474366 0.90183 0.00935982 0.0423091 0.352898
0 0.572553 0.394658 0.011172 0.0410994 0.305507
