3 0.471681 0.470908 0.0439126 0.126296 0.881341
6 0.435143 0.768871 0.0488206 0.109947 0.827036
6 0.629694 0.556942 0.0422962 0.10314 0.818409
9 0.797097 0.642255 0.046196 0.0469424 0.801736
9 0.703532 0.832883 0.0457007 0.0551854 0.79537
9 0.440624 0.62995 0.0238968 0.0687706 0.789749
6 0.62345 0.256771 0.0215084 0.0608591 0.789213
1 0.51998 0.341577 0.0124712 0.0403583 0.676382
9 0.519889 0.351315 0.01264 0.0511183 0.661126
9 0.647117 0.922277 0.024521 0.087119 0.584904
7 0.48134 0.582895 0.0576437 0.103114 0.569905
0 0.507653 0.250622 0.0109586 0.0442014 0.565657
6 0.613531 0.133579 0.03069 0.0434206 0.565467
6 0.655024 0.397229 0.0372833 0.080736 0.562212
6 0.705212 0.938934 0.0816391 0.119813 0.559529
9 0.463836 0.409774 0.0299102 0.0461814 0.541893
6 0.463497 0.409886 0.0302908 0.045822 0.523881
6 0.369581 0.696655 0.0294493 0.110194 0.465803
6 0.482384 0.58271 0.0559719 0.10483 0.427791
7 0.491996 0.112269 0.0197136 0.0558577 0.399232
1 0.832074 0.570151 0.0168011 0.0396896 0.391706
9 0.521469 0.484022 0.0191716 0.0681482 0.390543
1 0.824926 0.573663 0.0256355 0.0392499 0.390205
7 0.705536 0.938495 0.0836638 0.120368 0.329478
6 0.521473 0.483975 0.0197068 0.06848 0.309263
1 0.647241 0.919062 0.0233742 0.0807654 0.29665
1 0.830924 0.574744 0.0195944 0.0464755 0.256969
