5 0.486658 0.901473 0.136306 0.194173 0.907159
5 0.432092 0.73438 0.05403 0.270345 0.863449
3 0.428479 0.562771 0.0266668 0.0727474 0.85631
3 0.428579 0.490814 0.0223047 0.0538219 0.826993
5 0.77346 0.149307 0.0430686 0.0621636 0.821173
3 0.431209 0.405291 0.0191429 0.0485114 0.801324
3 0.865041 0.283823 0.0300358 0.0388302 0.793015
3 0.895177 0.267587 0.0274246 0.0362908 0.782019
8 0.434732 0.351442 0.0229528 0.0680109 0.727262
3 0.550808 0.663807 0.0329927 0.07866 0.698372
3 0.872095 0.245985 0.0247377 0.0308843 0.678578
3 0.807347 0.132148 0.0218571 0.0301755 0.621462
3 0.848524 0.229357 0.0308777 0.0319091 0.620605
3 0.454137 0.444 0.0204502 0.0577536 0.602218
5 0.432858 0.239635 0.0210224 0.0546889 0.584836
4 0.427107 0.441056 0.0221811 0.0554149 0.57268
3 0.498557 0.286882 0.0347868 0.025058 0.559643
3 0.436341 0.276659 0.0146238 0.0250562 0.559245
3 0.932927 0.143041 0.0347219 0.0292177 0.544918
4 0.434483 0.350985 0.0226229 0.0679351 0.504884
3 0.922059 0.290022 0.031622 0.0281014 0.487127
9 0.973311 0.866034 0.0385971 0.0367949 0.459142
8 0.411771 0.194084 0.0250712 0.0412109 0.441441
4 0.843675 0.253983 0.0269657 0.0370309 0.409958
8 0.926248 0.117376 0.0569307 0.0422168 0.393501
3 0.843706 0.231509 0.036305 0.0263611 0.39302
3 0.427344 0.441778 0.0225167 0.0533854 0.379837
9 0.697166 0.888394 0.041134 0.047525 0.351123
5 0.718612 0.109659 0.0197779 0.0395741 0.327352
4 0.822929 0.24231 0.0285885 0.0385858 0.322027
3 0.505315 0.26473 0.0367054 0.0255244 0.315907
3 0.98039 0.938659 0.0388913 0.0509327 0.303321
3 0.497982 0.306189 0.0310097 0.0248681 0.294241
8 0.934098 0.117597 0.0412483 0.0342839 0.291958
