8 0.434735 0.565491 0.0586168 0.211669 0.892729
8 0.348277 0.208156 0.0605987 0.104496 0.871666
3 0.44488 0.464395 0.0232363 0.0530545 0.840471
3 0.403594 0.409856 0.0214268 0.0533221 0.818188
3 0.319967 0.387961 0.0189115 0.0489789 0.815713
3 0.334155 0.531596 0.0218165 0.0550525 0.809511
3 0.37248 0.380551 0.0190119 0.0439228 0.805128
3 0.427106 0.390318 0.0227547 0.0465606 0.80419
3 0.3051 0.22105 0.0363053 0.0469069 0.802733
3 0.297162 0.403037 0.0191549 0.0472325 0.75144
5 0.190796 0.189737 0.0526983 0.046061 0.74851
3 0.542037 0.185723 0.0356573 0.0307581 0.721702
3 0.393918 0.350424 0.0194553 0.0481501 0.68902
3 0.399471 0.103156 0.0146368 0.0316562 0.678046
3 0.425602 0.0685567 0.0173391 0.033943 0.676731
3 0.130418 0.195365 0.0325726 0.0285966 0.659133
3 0.799806 0.0695174 0.0291698 0.0243947 0.658729
3 0.301562 0.463686 0.0184843 0.0546162 0.658508
3 0.51815 0.136546 0.033181 0.0275613 0.629604
3 0.380173 0.0408896 0.0132246 0.0325992 0.502032
3 0.384994 0.154639 0.0132923 0.0343356 0.485586
3 0.481814 0.328283 0.0202536 0.0485976 0.449509
3 0.354654 0.151834 0.01675 0.0338813 0.449299
8 0.35462 0.0615473 0.02167 0.114779 0.389137
4 0.481673 0.327763 0.0209936 0.0485327 0.369212
5 0.350553 0.420736 0.0340372 0.102734 0.354451
9 0.3017 0.517209 0.00980397 0.0305799 0.305121
3 0.508674 0.11482 0.0272687 0.0208066 0.297897
3 0.576221 0.232666 0.0392971 0.0281672 0.280703
0 0.323995 0.430811 0.010594 0.0270516 0.275999
3 0.415363 0.167749 0.0188799 0.0347898 0.270672
3 0.112546 0.243619 0.0371792 0.0288881 0.263156
