3 0.465572 0.847525 0.104103 0.131534 0.90804
3 0.615017 0.499937 0.0823149 0.0741001 0.896572
4 0.187043 0.542625 0.0682966 0.0800484 0.885861
3 0.550478 0.519614 0.076071 0.0758304 0.862944
3 0.388725 0.354212 0.0601056 0.0533707 0.862825
5 0.332994 0.664503 0.0999865 0.165089 0.841827
3 0.126135 0.246068 0.0489064 0.0397509 0.8279
3 0.966561 0.78162 0.0667271 0.0836026 0.801867
3 0.123136 0.210497 0.0399139 0.0351844 0.745948
3 0.0823275 0.18731 0.0457887 0.0367196 0.708282
0 0.350389 0.558759 0.0204049 0.0332646 0.652046
4 0.442689 0.39674 0.0635031 0.0616503 0.651914
9 0.194337 0.813858 0.0378576 0.0439916 0.643893
3 0.0589042 0.138434 0.0394059 0.0310521 0.634268
0 0.70209 0.950073 0.0182375 0.0373476 0.595859
3 0.0331402 0.374879 0.0491206 0.0570986 0.567867
3 0.0304319 0.155796 0.0328329 0.0382912 0.54499
9 0.183591 0.220484 0.0180052 0.0220129 0.54282
7 0.591035 0.959579 0.0358271 0.080742 0.470362
9 0.783551 0.55793 0.0369749 0.0267654 0.454073
3 0.44236 0.396742 0.0643582 0.0609039 0.427673
3 0.014821 0.0446446 0.0296419 0.0373243 0.409166
9 0.204545 0.236343 0.0203883 0.0244649 0.404852
9 0.159383 0.228825 0.0184454 0.0304648 0.367055
0 0.0154991 0.290433 0.0178486 0.026857 0.352133
9 0.273315 0.937882 0.0398908 0.0416387 0.348672
9 0.732627 0.57343 0.0266325 0.0400236 0.336204
9 0.224351 0.256649 0.0160008 0.0264953 0.312358
9 0.0173873 0.911095 0.0347746 0.0473215 0.30951
6 0.591434 0.959233 0.0370966 0.0805827 0.282583
9 0.204072 0.229559 0.0185304 0.0249322 0.271023
9 0.266038 0.846437 0.0307029 0.0269675 0.269557
9 0.00881683 0.581122 0.0176337 0.0331409 0.262792
3 0.59139 0.959299 0.0379045 0.0805097 0.252528
