3 0.666141 0.952754 0.0952675 0.0816659 0.881996
3 0.597594 0.517671 0.0504079 0.02859 0.857922
3 0.480975 0.474118 0.0192686 0.040485 0.852577
7 0.637079 0.791428 0.0547107 0.0535382 0.84201
3 0.594266 0.54455 0.0560381 0.0338966 0.821158
3 0.587902 0.456425 0.0443391 0.0255732 0.799441
3 0.551371 0.22139 0.0236984 0.0128203 0.645024
3 0.558561 0.246887 0.0218851 0.0143699 0.612866
9 0.467705 0.685934 0.0119557 0.0315452 0.592528
3 0.313347 0.246744 0.016788 0.0225231 0.417054
3 0.552983 0.316466 0.0136586 0.0257161 0.408438
4 0.552975 0.316439 0.0135982 0.025809 0.386856
3 0.539612 0.206361 0.0174341 0.0131978 0.361873
3 0.503218 0.0726554 0.00607003 0.00815029 0.35124
7 0.524654 0.471178 0.0169514 0.0386925 0.334198
3 0.496317 0.119617 0.00656996 0.011 0.323796
5 0.510072 0.16935 0.0100776 0.021137 0.32253
3 0.334078 0.214982 0.014432 0.0152622 0.303592
3 0.37905 0.155225 0.0113405 0.0127607 0.258891
