5 0.233716 0.409407 0.0652948 0.116042 0.824713
3 0.274767 0.13689 0.0254776 0.0294061 0.775561
3 0.276578 0.355054 0.0386737 0.0453177 0.775076
3 0.355143 0.203871 0.0270453 0.0283482 0.654805
9 0.149084 0.621146 0.0294334 0.0403824 0.561527
3 0.631868 0.0280802 0.0204521 0.0126274 0.536402
3 0.298019 0.307786 0.0417509 0.0467546 0.528741
4 0.297785 0.308102 0.0410912 0.0466066 0.483681
5 0.588191 0.0428736 0.0191746 0.0392729 0.359067
3 0.635293 0.0285555 0.0213494 0.0135738 0.304813
9 0.0121324 0.560564 0.0242649 0.0233911 0.294005
3 0.290561 0.114198 0.0224594 0.0270284 0.257207
