3 0.0538691 0.872424 0.0768185 0.0656288 0.872797
3 0.275218 0.793045 0.0301382 0.0688962 0.864133
3 0.267999 0.512615 0.0183538 0.0340442 0.862236
3 0.267565 0.694841 0.0235408 0.0545478 0.861246
3 0.0471655 0.929979 0.074013 0.0779138 0.858794
5 0.413462 0.295133 0.0465834 0.026839 0.857255
4 0.257691 0.568922 0.0230161 0.0469274 0.842388
3 0.0514829 0.803727 0.0703243 0.0643678 0.803058
3 0.234592 0.276149 0.0104401 0.0127682 0.770876
3 0.231271 0.325037 0.0103195 0.015141 0.770811
3 0.214386 0.456438 0.0285535 0.0232006 0.770665
3 0.424527 0.324951 0.021107 0.0176974 0.749445
5 0.510122 0.297846 0.0540823 0.0438236 0.720483
3 0.232021 0.303345 0.0108696 0.0147922 0.669574
3 0.2263 0.221809 0.00996589 0.0123083 0.663136
3 0.241345 0.345496 0.0117238 0.015619 0.661903
4 0.239252 0.385903 0.0113743 0.0242163 0.653016
3 0.102576 0.319796 0.0175067 0.0141488 0.633657
3 0.461174 0.314807 0.0225805 0.0154811 0.609887
3 0.28392 0.366034 0.0124018 0.0164636 0.584324
8 0.257049 0.31965 0.0166543 0.0408328 0.577644
3 0.179423 0.309304 0.0126955 0.0196261 0.570121
3 0.470427 0.321614 0.021837 0.0161518 0.547699
3 0.473487 0.415596 0.0174124 0.0233482 0.542627
3 0.145125 0.220456 0.0123943 0.0118487 0.539627
4 0.259031 0.360768 0.0168541 0.0342394 0.538224
3 0.43619 0.332431 0.0238288 0.020484 0.510482
3 0.203286 0.307853 0.0105855 0.0153651 0.505003
9 0.0410753 0.463287 0.0127868 0.0150689 0.500652
3 0.197307 0.260842 0.00915418 0.0137063 0.495787
3 0.201553 0.279723 0.0096548 0.0130092 0.492386
8 0.217219 0.249496 0.016212 0.037421 0.485537
3 0.00655914 0.357853 0.0131183 0.0196458 0.481943
3 0.177298 0.212533 0.00813074 0.0127324 0.461246
3 0.202009 0.288432 0.00947266 0.0128329 0.443858
3 0.233188 0.246476 0.00925398 0.0143886 0.44178
3 0.872977 0.253667 0.0161065 0.0118165 0.431608
9 0.242997 0.484161 0.00894889 0.0173183 0.422178
3 0.196501 0.244803 0.0104192 0.0131099 0.420673
3 0.86623 0.236901 0.0110803 0.0104707 0.416668
5 0.287612 0.400902 0.0210975 0.0390674 0.413945
3 0.181494 0.254252 0.00810537 0.0130923 0.392489
9 0.143232 0.978588 0.0129935 0.0385371 0.392465
3 0.191527 0.140349 0.00522714 0.00795942 0.390461
3 0.178749 0.227906 0.00765796 0.0117482 0.383046
5 0.209816 0.216343 0.0147612 0.0274512 0.360803
3 0.257003 0.298249 0.0130599 0.015164 0.357505
3 0.197593 0.178347 0.00778976 0.0106239 0.356852
5 0.258947 0.360297 0.017275 0.0352482 0.355072
3 0.179713 0.240797 0.0082418 0.0111455 0.354305
5 0.216408 0.249164 0.016557 0.0352385 0.347595
3 0.182361 0.251404 0.010321 0.0123841 0.346989
3 0.0839726 0.315599 0.0186162 0.0134832 0.340011
3 0.190018 0.12444 0.00747216 0.00828312 0.337362
1 0.0402593 0.458325 0.00739613 0.0167023 0.334442
3 0.194451 0.160635 0.00683522 0.0102873 0.324419
3 0.183003 0.109026 0.00613868 0.00813849 0.320654
3 0.202814 0.16204 0.00734628 0.0129697 0.317846
3 0.179826 0.235342 0.00973925 0.0119151 0.315518
3 0.145583 0.204626 0.0103651 0.0127883 0.304811
3 0.106865 0.300779 0.0209337 0.0159753 0.301596
4 0.287958 0.401516 0.0202256 0.0382717 0.29569
1 0.0172405 0.401506 0.00565081 0.0197329 0.293125
3 0.47208 0.297242 0.0229201 0.0135252 0.289401
3 0.183296 0.182161 0.00798696 0.0144593 0.280131
3 0.177345 0.276474 0.0133519 0.0156638 0.275293
3 0.185702 0.294339 0.0101662 0.0165442 0.273096
3 0.136206 0.204088 0.00991215 0.0109335 0.269486
3 0.120164 0.259696 0.0149174 0.0124951 0.257048
4 0.294724 0.449153 0.0312382 0.0597568 0.256585
8 0.209552 0.217833 0.0134645 0.0281943 0.256442
