0 0.368071 0.482428 0.0126619 0.0378282 0.796183
0 0.615376 0.428158 0.0119872 0.0341144 0.727008
0 0.818336 0.340901 0.0101174 0.0242921 0.660584
0 0.414222 0.470322 0.0112739 0.0373133 0.64242
0 0.0874884 0.429653 0.0157127 0.0338088 0.63511
0 0.609973 0.462414 0.0112513 0.0337483 0.619755
0 0.531441 0.399983 0.00861433 0.0286348 0.61902
0 0.401586 0.479746 0.0124779 0.0372995 0.612673
0 0.511325 0.413685 0.0104265 0.0333652 0.599965
0 0.701138 0.443455 0.0114956 0.0378031 0.543734
0 0.773173 0.364987 0.00893651 0.0275632 0.52627
0 0.294911 0.414087 0.00884367 0.0307165 0.519552
0 0.510544 0.402098 0.00893023 0.0320384 0.486889
0 0.782746 0.36683 0.00840114 0.0278283 0.46106
0 0.773317 0.369847 0.0101913 0.0295562 0.455858
0 0.32694 0.416597 0.00987082 0.0357687 0.438246
0 0.349515 0.468404 0.0116014 0.0399529 0.435317
0 0.781645 0.374205 0.010468 0.0270379 0.434614
0 0.329567 0.412801 0.0104631 0.0368053 0.430555
2 0.556642 0.445414 0.0270372 0.023249 0.38421
0 0.288456 0.415964 0.00939379 0.0289973 0.367488
0 0.312169 0.416485 0.0100269 0.0340288 0.359645
0 0.969597 0.467601 0.0216286 0.0310327 0.359626
0 0.350936 0.482389 0.0112359 0.0317959 0.354204
0 0.310734 0.413381 0.00959854 0.0311035 0.337116
0 0.399689 0.471199 0.0120336 0.0394099 0.336156
0 0.32682 0.405581 0.00966263 0.0320638 0.335116
0 0.965697 0.470357 0.0163662 0.0249447 0.312442
0 0.549282 0.435024 0.0110885 0.0331107 0.296109
0 0.98143 0.465215 0.0132915 0.0280559 0.290228
0 0.977092 0.466473 0.0205449 0.0304178 0.283683
0 0.323796 0.417708 0.0102254 0.0344305 0.272528
9 0.558384 0.446315 0.0248809 0.0216576 0.270342
0 0.318496 0.419745 0.0113815 0.0372192 0.268816
