5 0.861306 0.306893 0.0687454 0.0516405 0.877169
3 0.455231 0.9099 0.0265863 0.0880448 0.857127
3 0.644378 0.363575 0.0345713 0.0251493 0.846854
3 0.929171 0.304321 0.040428 0.0272235 0.8457
3 0.73142 0.34325 0.0404888 0.0262796 0.839989
3 0.50569 0.509284 0.0453901 0.0427856 0.816428
3 0.0122176 0.528753 0.0243636 0.0502684 0.812939
3 0.981349 0.292617 0.0371929 0.0266173 0.797932
3 0.963809 0.420531 0.0392101 0.0506852 0.755816
4 0.5974 0.366077 0.03891 0.028047 0.753714
3 0.550584 0.415061 0.0434851 0.026793 0.749666
3 0.010823 0.571478 0.021564 0.0409859 0.694306
0 0.517837 0.789821 0.0084137 0.0197685 0.676319
0 0.557295 0.461917 0.00707428 0.0175799 0.664671
3 0.97826 0.400135 0.0434802 0.0531469 0.664507
3 0.932539 0.418012 0.0430286 0.0496418 0.634073
0 0.540383 0.988454 0.00919673 0.0203792 0.616968
9 0.54418 0.831702 0.00977648 0.0315036 0.59537
0 0.493701 0.83745 0.00728978 0.0167336 0.566304
4 0.495914 0.410987 0.0405342 0.030238 0.562889
0 0.377284 0.492968 0.00803314 0.0199239 0.552399
9 0.504764 0.365387 0.0143226 0.0148697 0.522749
0 0.572991 0.477721 0.00865038 0.015956 0.519485
0 0.484943 0.835642 0.00748958 0.0152694 0.505983
0 0.376476 0.4957 0.00718554 0.0186096 0.494216
0 0.513741 0.789986 0.00778809 0.0201626 0.48973
0 0.297564 0.370308 0.0076973 0.0157962 0.472031
0 0.352741 0.387229 0.00737952 0.0176329 0.439434
0 0.46638 0.787657 0.0100191 0.0149116 0.419404
0 0.435094 0.369316 0.00769213 0.0169581 0.402129
0 0.419003 0.365869 0.00627633 0.0151216 0.352189
0 0.595507 0.491483 0.0081972 0.0197253 0.339133
3 0.495284 0.410447 0.0412865 0.0286273 0.337522
0 0.416962 0.381051 0.00786687 0.0138523 0.33326
0 0.365199 0.459108 0.00920373 0.0163706 0.303661
0 0.477529 0.968756 0.00759365 0.0165328 0.286404
0 0.511614 0.791512 0.0107287 0.0184479 0.261657
0 0.437787 0.782356 0.00742514 0.0171835 0.251189
