8 0.742308 0.220431 0.109187 0.304834 0.791952
0 0.562003 0.651951 0.00884382 0.0212251 0.496338
0 0.142599 0.730084 0.00949797 0.0198016 0.429898
0 0.183265 0.685555 0.0108156 0.0229323 0.40337
0 0.509693 0.806505 0.00984157 0.0264106 0.403312
0 0.427475 0.0963704 0.00919207 0.0256828 0.38611
0 0.561075 0.65177 0.00970346 0.0174115 0.352582
0 0.153557 0.734487 0.0106651 0.0241642 0.349876
0 0.547263 0.634958 0.0108921 0.019019 0.32356
0 0.213522 0.664994 0.00994616 0.0226152 0.300311
0 0.56295 0.652563 0.0116305 0.0181592 0.275681
0 0.49552 0.795809 0.00925507 0.026324 0.26799
