0 0.704845 0.670661 0.013649 0.027862 0.766093
0 0.755148 0.39788 0.00935425 0.0224504 0.705945
0 0.182811 0.492942 0.0110683 0.02236 0.686155
0 0.158868 0.514737 0.0111073 0.0251989 0.620327
0 0.354674 0.467258 0.0103183 0.0266729 0.586457
0 0.954322 0.391564 0.0171551 0.0311364 0.509068
0 0.411295 0.489074 0.0101572 0.0281502 0.495843
9 0.0780005 0.104112 0.0310158 0.0359474 0.458727
0 0.411154 0.484093 0.00899658 0.0260099 0.360984
1 0.560592 0.182238 0.00893193 0.0195221 0.357622
9 0.980952 0.248474 0.026973 0.0545334 0.353295
0 0.520398 0.49755 0.0136739 0.0183294 0.334997
0 0.523658 0.100278 0.00827541 0.0269172 0.274208
9 0.981548 0.320424 0.0349636 0.0313895 0.271878
0 0.413245 0.490394 0.0110188 0.0237373 0.260712
0 0.75681 0.398475 0.0114794 0.0221994 0.250961
