0 0.167676 0.344409 0.0238798 0.0600991 0.793027
0 0.0977138 0.228561 0.0194832 0.0515959 0.775084
0 0.643795 0.607458 0.0258188 0.0743122 0.752935
0 0.0927035 0.830606 0.0332007 0.0608987 0.747909
0 0.599846 0.255459 0.0199633 0.062044 0.74747
0 0.579795 0.0236045 0.0173746 0.044268 0.742401
0 0.317812 0.237115 0.0176945 0.0585146 0.723689
0 0.535177 0.510004 0.021354 0.0748794 0.719418
0 0.100004 0.616569 0.0312625 0.0769132 0.718503
0 0.438666 0.240163 0.0169466 0.0509938 0.71756
0 0.483783 0.631934 0.0283947 0.0691261 0.717081
0 0.416468 0.265694 0.0231597 0.0554447 0.711126
0 0.53161 0.0647373 0.0134857 0.0569374 0.703969
0 0.829356 0.602861 0.0330642 0.0813908 0.683539
0 0.339692 0.202529 0.0166955 0.0571136 0.672849
0 0.153054 0.171958 0.0235748 0.0637157 0.661764
0 0.459629 0.316894 0.0184254 0.0477116 0.634189
0 0.459243 0.351749 0.0233471 0.0565451 0.623175
0 0.71738 0.906316 0.0309868 0.0500166 0.622781
0 0.0778064 0.222837 0.0249139 0.0588059 0.604787
0 0.484347 0.257318 0.0180458 0.043317 0.60383
0 0.0908893 0.261983 0.0217545 0.0494633 0.580363
0 0.136906 0.183033 0.0177949 0.0445236 0.560482
0 0.141019 0.238718 0.0218313 0.0491614 0.532749
0 0.117999 0.265916 0.0216167 0.0561661 0.506553
0 0.458869 0.340222 0.0228317 0.0672824 0.363183
0 0.717364 0.922268 0.0318663 0.0806389 0.320196
