8 0.453234 0.757985 0.0505338 0.194956 0.900771
3 0.59726 0.7278 0.0323181 0.128699 0.898369
3 0.600161 0.397065 0.0263516 0.0878732 0.890929
8 0.483518 0.0824843 0.034471 0.0935147 0.885039
3 0.594551 0.584041 0.0297113 0.108816 0.880529
3 0.612306 0.189673 0.0225346 0.0649182 0.878532
3 0.588661 0.90922 0.0360778 0.153325 0.876566
8 0.406988 0.958043 0.0484373 0.0789209 0.822481
3 0.546533 0.0190613 0.0445749 0.0354232 0.814121
0 0.688924 0.580934 0.0102734 0.0369357 0.729795
0 0.209309 0.888455 0.0139228 0.0360736 0.72889
0 0.691902 0.736441 0.0106172 0.0336071 0.727536
0 0.681769 0.226875 0.00827676 0.0334035 0.712646
0 0.346217 0.286811 0.00759059 0.0321984 0.705333
0 0.716778 0.763133 0.0129299 0.0379204 0.697693
0 0.701452 0.580445 0.0106166 0.040528 0.686374
0 0.34234 0.348786 0.00829742 0.0357915 0.68135
0 0.267868 0.61083 0.00949502 0.037512 0.680261
0 0.245533 0.718155 0.0116236 0.0344535 0.677691
0 0.658106 0.416007 0.00905722 0.0350089 0.677263
0 0.66523 0.325804 0.00756321 0.035445 0.674597
0 0.67167 0.687263 0.0102505 0.0383914 0.660197
0 0.388564 0.744778 0.0106184 0.0391624 0.659575
0 0.719821 0.610436 0.0107867 0.0316786 0.655578
0 0.691955 0.519893 0.010145 0.0364167 0.654094
0 0.695071 0.843236 0.0104153 0.0278072 0.653455
0 0.733096 0.62522 0.0108894 0.0350274 0.651455
0 0.680374 0.480795 0.00915606 0.0302219 0.643249
0 0.415966 0.64022 0.0110794 0.0318119 0.642191
0 0.704482 0.833054 0.00978498 0.0366872 0.634023
0 0.651957 0.352336 0.00882494 0.0316018 0.622034
0 0.334989 0.472748 0.00930086 0.0318332 0.612651
0 0.317922 0.474744 0.00854139 0.0350548 0.606868
0 0.653622 0.582985 0.0102126 0.0339783 0.605613
0 0.223925 0.883758 0.0118964 0.0330728 0.600446
0 0.338842 0.526335 0.00994596 0.0340144 0.592073
0 0.690081 0.186422 0.00768088 0.0295621 0.590452
0 0.391625 0.628859 0.00912572 0.0317747 0.586934
0 0.681516 0.159591 0.0062864 0.0287665 0.586456
0 0.693609 0.481647 0.0096817 0.0293152 0.582419
0 0.656555 0.257071 0.00762482 0.0276932 0.576775
0 0.735266 0.553011 0.0111883 0.038856 0.552733
0 0.703104 0.562132 0.00961504 0.031275 0.551104
0 0.423347 0.587679 0.00928506 0.0316253 0.550955
0 0.727399 0.683144 0.0143378 0.0389154 0.547917
0 0.365495 0.638155 0.00985441 0.0379246 0.539201
0 0.690854 0.35052 0.00798989 0.0323464 0.530304
0 0.684583 0.4359 0.0109418 0.0309324 0.529639
0 0.632753 0.0278128 0.00664368 0.0300845 0.521708
0 0.677197 0.865145 0.0123965 0.0339884 0.518701
0 0.678308 0.177669 0.00802577 0.0316404 0.51024
0 0.676792 0.0161447 0.00894414 0.0267948 0.508906
0 0.689778 0.127357 0.00797346 0.0286682 0.508017
0 0.705327 0.112744 0.00776376 0.028918 0.506059
0 0.682394 0.687132 0.0120977 0.0383749 0.501159
0 0.299186 0.477204 0.0108884 0.035511 0.499811
0 0.701167 0.181741 0.0101688 0.0317956 0.498273
0 0.40482 0.0651885 0.00835955 0.031592 0.480711
0 0.719302 0.550447 0.0109581 0.0253948 0.4769
0 0.303287 0.476537 0.0117733 0.0384765 0.470941
0 0.379492 0.753659 0.0120283 0.0395752 0.46571
0 0.371541 0.747031 0.0112224 0.0427253 0.464388
0 0.40384 0.663813 0.0104698 0.0412835 0.444363
0 0.651718 0.0466762 0.00906621 0.0298024 0.44006
0 0.689551 0.124942 0.00589543 0.0288042 0.43897
0 0.376858 0.627872 0.00912737 0.0342751 0.434029
0 0.665704 0.169768 0.00745584 0.0312219 0.433906
0 0.40492 0.655406 0.0105774 0.0264252 0.429794
0 0.414871 0.035759 0.00792703 0.0306775 0.42941
0 0.669423 0.158872 0.00841378 0.0297529 0.427773
0 0.234075 0.891014 0.0116708 0.0329181 0.426551
0 0.69141 0.105502 0.00639117 0.0330833 0.423257
0 0.693179 0.100451 0.00691506 0.0282177 0.420205
0 0.692074 0.4118 0.0102126 0.0325833 0.419014
0 0.70243 0.427745 0.00895826 0.0326702 0.417478
0 0.375881 0.636543 0.010816 0.0398519 0.409801
0 0.697462 0.343939 0.00830091 0.0290158 0.38961
0 0.439707 0.440153 0.00903643 0.0295305 0.38417
0 0.400773 0.735506 0.0112802 0.0458688 0.381786
0 0.659108 0.2022 0.00746591 0.0300277 0.373425
0 0.305596 0.475804 0.0103482 0.0383358 0.349455
0 0.33707 0.52686 0.0116741 0.0342175 0.349302
0 0.703098 0.431263 0.0121554 0.030165 0.344899
0 0.640916 0.0637958 0.00653015 0.025925 0.335384
0 0.403165 0.0323215 0.00773799 0.0270271 0.32986
0 0.315896 0.474909 0.0086802 0.0389172 0.326755
0 0.633169 0.0329187 0.0061411 0.03258 0.321878
0 0.323711 0.33656 0.00997705 0.0318799 0.320664
0 0.389359 0.48191 0.00900282 0.0352334 0.316334
0 0.652346 0.0655658 0.00782488 0.0241576 0.313697
0 0.737791 0.553426 0.0119311 0.0387746 0.313382
0 0.37335 0.668023 0.00983298 0.0316668 0.311942
0 0.677103 0.0659342 0.008317 0.0273716 0.305281
0 0.224507 0.890542 0.0114252 0.0359135 0.302964
0 0.619024 0.00925094 0.00835811 0.0185019 0.300997
0 0.371014 0.548986 0.0118589 0.0320167 0.300379
0 0.426962 0.442893 0.0108187 0.026067 0.295502
0 0.39736 0.030304 0.00773917 0.0263261 0.293912
0 0.725757 0.407294 0.0110662 0.0329411 0.291439
0 0.36743 0.710296 0.0115701 0.0307324 0.290442
0 0.677577 0.773416 0.0134626 0.0358448 0.290429
0 0.398305 0.718549 0.0113682 0.0343462 0.28672
0 0.641461 0.119489 0.00573159 0.0322447 0.276389
0 0.695309 0.413354 0.0110807 0.0330148 0.27284
0 0.373071 0.546396 0.0112806 0.0310284 0.272175
0 0.338009 0.471994 0.0115071 0.0289546 0.268585
0 0.455157 0.0394077 0.00785562 0.0361045 0.263489
0 0.670773 0.081523 0.00696014 0.0269108 0.258555
0 0.405447 0.0342436 0.0077485 0.0298791 0.257251
