8 0.511685 0.49496 0.0512078 0.102668 0.879607
8 0.484716 0.410939 0.0436918 0.0766459 0.869183
4 0.768083 0.608878 0.0394838 0.0601573 0.856514
3 0.642885 0.306365 0.0242826 0.017614 0.796434
3 0.825785 0.59005 0.0491173 0.0534676 0.768967
3 0.687623 0.416035 0.0270739 0.0261379 0.760853
3 0.77154 0.386846 0.02974 0.024472 0.664559
3 0.183939 0.236645 0.0233653 0.012309 0.660069
3 0.22046 0.203132 0.00975093 0.0115897 0.631023
3 0.753335 0.395803 0.0329103 0.0281705 0.609524
3 0.671384 0.418889 0.0240533 0.0263278 0.60896
5 0.613367 0.384911 0.0463703 0.0384421 0.589324
5 0.702459 0.309885 0.0684293 0.0505498 0.582227
5 0.953183 0.153708 0.0485226 0.0226956 0.5588
3 0.179764 0.217783 0.0203448 0.0113962 0.556857
3 0.178725 0.215306 0.0185523 0.013947 0.553966
3 0.805721 0.606433 0.0314532 0.0462778 0.55066
3 0.0576614 0.482295 0.048403 0.0224273 0.544246
4 0.72005 0.392021 0.0434297 0.0474357 0.543174
0 0.622225 0.679224 0.00797023 0.0252459 0.515023
3 0.784111 0.379216 0.0284591 0.0231564 0.513098
5 0.745426 0.328485 0.0528663 0.0443286 0.499877
3 0.590508 0.409706 0.0257957 0.0248703 0.494654
5 0.797012 0.254935 0.051153 0.0369923 0.49246
3 0.671408 0.492016 0.0376575 0.0274587 0.480033
4 0.333342 0.162899 0.0205716 0.0141885 0.472132
3 0.183347 0.234522 0.0228533 0.0114812 0.470277
4 0.672055 0.954767 0.0911258 0.0898235 0.463698
3 0.0394246 0.507241 0.0596136 0.0302929 0.456491
3 0.136554 0.230293 0.0239621 0.0110954 0.454166
3 0.0473656 0.499733 0.0549484 0.0282092 0.436811
3 0.149727 0.256795 0.022519 0.0125138 0.436382
5 0.719589 0.391598 0.0434804 0.0466837 0.434019
3 0.0763705 0.439881 0.0453875 0.0209661 0.432193
3 0.0685169 0.465342 0.0428304 0.0205967 0.426217
4 0.389451 0.327968 0.0153711 0.0319279 0.424467
3 0.149234 0.244691 0.0251303 0.0119736 0.403735
3 0.161575 0.223826 0.010706 0.0122909 0.385799
3 0.231382 0.223964 0.0146154 0.0133778 0.37254
3 0.575086 0.226239 0.0159855 0.0107328 0.364835
3 0.184212 0.17683 0.0161486 0.0107811 0.360557
3 0.0652957 0.468379 0.0433223 0.022881 0.357709
3 0.142355 0.240373 0.0265468 0.0120183 0.356932
4 0.858534 0.280938 0.0220303 0.026122 0.352751
3 0.0743999 0.447614 0.0437184 0.0222635 0.343655
3 0.13947 0.210108 0.0129755 0.0107788 0.34198
3 0.138948 0.237384 0.0255859 0.0109971 0.340474
3 0.162528 0.222581 0.0105707 0.0127971 0.338471
4 0.872374 0.235102 0.0206967 0.0195995 0.332184
8 0.21677 0.180043 0.0230056 0.0296467 0.330003
3 0.134003 0.225714 0.0268871 0.0127772 0.325876
9 0.421181 0.459518 0.00679456 0.022274 0.305271
5 0.507077 0.363928 0.0296982 0.0435955 0.3047
9 0.601041 0.86038 0.0224001 0.0594164 0.299836
3 0.0556175 0.486419 0.0507114 0.0220744 0.297139
4 0.905483 0.170214 0.02156 0.0114779 0.295726
3 0.143769 0.247592 0.0241158 0.0121363 0.285905
5 0.432685 0.241187 0.0159105 0.0330792 0.275906
3 0.723245 0.327816 0.0304384 0.0206328 0.271204
3 0.918684 0.152419 0.0152407 0.0106989 0.26798
3 0.184505 0.230572 0.0226427 0.0114316 0.260139
4 0.849361 0.260167 0.0309555 0.0204241 0.257128
4 0.349688 0.149508 0.0198727 0.016284 0.251525
