3 0.463131 0.474846 0.0402096 0.0327911 0.795392
3 0.295627 0.352219 0.02658 0.0195989 0.74272
3 0.171252 0.226237 0.0151872 0.0124983 0.720808
3 0.938383 0.344177 0.0112592 0.014259 0.67456
3 0.882202 0.542589 0.0283801 0.0271652 0.660213
3 0.567682 0.365242 0.0195195 0.0171489 0.659454
3 0.617323 0.437957 0.0337191 0.0217313 0.564083
8 0.868006 0.410973 0.0191792 0.0420406 0.528795
3 0.878741 0.377719 0.012595 0.0160483 0.523245
3 0.548554 0.444958 0.0360828 0.0255375 0.521519
3 0.883641 0.449885 0.0154816 0.0256369 0.483821
3 0.823643 0.425884 0.0148707 0.0234627 0.482668
3 0.893364 0.332371 0.0114772 0.0149851 0.471013
3 0.881712 0.45617 0.0166511 0.027043 0.467363
3 0.623258 0.377443 0.0164063 0.0164175 0.463479
3 0.885154 0.396602 0.0137959 0.0199321 0.459324
3 0.89133 0.352264 0.0119449 0.0156756 0.457068
3 0.539751 0.437582 0.036883 0.0234746 0.450134
3 0.885707 0.428704 0.015498 0.0244658 0.448931
9 0.713283 0.56928 0.0155476 0.017335 0.447353
3 0.892652 0.371053 0.00999224 0.0173947 0.441599
3 0.0809685 0.187338 0.0133271 0.0104238 0.424393
3 0.891783 0.355958 0.0110626 0.0158198 0.418314
3 0.575894 0.393194 0.0261531 0.0219264 0.410081
3 0.812771 0.459244 0.0211257 0.0272485 0.409961
3 0.847788 0.410869 0.0175392 0.0238431 0.408216
3 0.887461 0.420019 0.0144848 0.0216567 0.400217
3 0.591421 0.417552 0.0310545 0.0204617 0.400159
3 0.887567 0.424683 0.0151978 0.0217037 0.388477
3 0.893313 0.336643 0.0123577 0.015991 0.387423
3 0.544509 0.385378 0.0236839 0.0202616 0.379553
3 0.544849 0.441004 0.0395432 0.024554 0.374342
3 0.881433 0.364544 0.0114274 0.0140935 0.364234
3 0.601965 0.375764 0.0234579 0.0179445 0.358866
3 0.877628 0.368622 0.0126404 0.0162777 0.357854
3 0.864692 0.442414 0.0163792 0.0280412 0.34536
3 0.535935 0.434002 0.0332346 0.0216503 0.343446
3 0.872883 0.365391 0.0110878 0.0142215 0.335918
3 0.59382 0.413396 0.0275782 0.0179694 0.330731
3 0.551274 0.447936 0.0319021 0.0271835 0.313415
3 0.887621 0.395807 0.0133194 0.0198448 0.311026
3 0.888657 0.404646 0.0122409 0.0199844 0.310572
3 0.626883 0.377948 0.0211989 0.0167376 0.307236
3 0.842595 0.423743 0.0154427 0.02703 0.302001
3 0.596822 0.375427 0.0277616 0.0196229 0.301061
3 0.863396 0.447274 0.0157518 0.0304738 0.300342
3 0.835186 0.402454 0.0147665 0.0180903 0.299703
3 0.582141 0.403287 0.0260952 0.0175682 0.298114
3 0.898409 0.281956 0.00984863 0.0139222 0.29009
3 0.599068 0.409539 0.0262077 0.0191082 0.276409
3 0.0175368 0.145516 0.0143361 0.0110389 0.274665
3 0.898339 0.285102 0.010114 0.0133811 0.268031
3 0.885705 0.400598 0.0134903 0.0180672 0.253683
3 0.821951 0.428214 0.0161564 0.0241736 0.252317
