8 0.822113 0.638542 0.140927 0.128802 0.649591
0 0.411324 0.515841 0.00784149 0.0231395 0.629164
0 0.415874 0.593871 0.00900003 0.0228094 0.614006
0 0.453051 0.58664 0.00919133 0.0202674 0.606805
0 0.429506 0.532554 0.0098795 0.0220196 0.605648
0 0.478864 0.284992 0.00993378 0.031661 0.568296
0 0.388179 0.448635 0.0112878 0.0269596 0.524764
0 0.265002 0.352109 0.00960722 0.0236319 0.509829
0 0.581478 0.0321239 0.0101759 0.0272335 0.478268
0 0.275923 0.340683 0.0115575 0.0241248 0.456434
0 0.405912 0.590252 0.0102367 0.0219265 0.453591
0 0.578909 0.0356717 0.0104756 0.0273294 0.433108
0 0.436883 0.519372 0.00900705 0.0268455 0.37688
0 0.498856 0.260945 0.0102159 0.0234989 0.365828
0 0.555806 0.471753 0.00943651 0.0203841 0.3658
0 0.438207 0.516803 0.0112677 0.0257351 0.309086
0 0.438567 0.529232 0.0107134 0.0231097 0.295367
0 0.108132 0.517637 0.0168045 0.0242998 0.277793
0 0.478894 0.277919 0.00908927 0.0231036 0.276626
5 0.79438 0.434922 0.0954402 0.0538078 0.271047
0 0.594896 0.204143 0.00653499 0.0274505 0.255735
