3 0.664952 0.323479 0.11839 0.0692277 0.912322
3 0.674101 0.566982 0.124099 0.0922814 0.884179
3 0.534755 0.319093 0.109684 0.066633 0.869995
3 0.452171 0.675288 0.116941 0.0697452 0.8353
3 0.894586 0.298383 0.143021 0.0845769 0.812158
3 0.431131 0.147669 0.104598 0.0734514 0.797276
3 0.0544472 0.51201 0.108866 0.0684625 0.788942
4 0.560858 0.518019 0.115096 0.0723677 0.77375
3 0.562057 0.517864 0.11399 0.0717579 0.756019
4 0.236698 0.525388 0.0869371 0.0462066 0.713103
3 0.270055 0.192939 0.0610592 0.150225 0.692987
3 0.445189 0.544117 0.0929647 0.0592669 0.662309
0 0.848492 0.0501642 0.0224328 0.0293559 0.566208
4 0.0553548 0.512592 0.107502 0.066763 0.56544
0 0.668036 0.239926 0.0178871 0.0221208 0.466742
0 0.836158 0.0621383 0.0274658 0.0383085 0.457555
4 0.895696 0.297165 0.142699 0.0865177 0.411056
0 0.84117 0.057376 0.035236 0.0435228 0.353583
4 0.452236 0.675472 0.117202 0.0700788 0.328212
0 0.666921 0.241527 0.0223108 0.0260123 0.289476
0 0.367457 0.343561 0.0154682 0.0209826 0.25384
