3 0.421923 0.82193 0.0572479 0.0654414 0.882326
3 0.493876 0.756074 0.0219898 0.0840978 0.878231
3 0.529543 0.870323 0.0232723 0.0843659 0.849009
3 0.534444 0.516639 0.0202488 0.0565742 0.845041
3 0.55127 0.735849 0.0238712 0.0771989 0.841004
3 0.525538 0.359799 0.0161632 0.0468502 0.818228
3 0.529567 0.459816 0.0185829 0.0520622 0.814593
3 0.520363 0.653137 0.022661 0.0769178 0.809892
3 0.533194 0.963555 0.0260218 0.0696806 0.796495
3 0.512618 0.487891 0.017871 0.0487069 0.795511
3 0.520839 0.271982 0.0175331 0.0399638 0.762149
3 0.486571 0.419384 0.0169611 0.0509241 0.752838
3 0.510691 0.233133 0.0171587 0.0336242 0.716367
5 0.507586 0.388946 0.0207813 0.0833343 0.715094
3 0.562801 0.94786 0.0282339 0.0960507 0.709623
4 0.559255 0.845585 0.0278546 0.109602 0.702586
5 0.559239 0.843932 0.0282163 0.109691 0.691513
3 0.175391 0.84879 0.0535567 0.0520293 0.68537
3 0.539749 0.58143 0.0178805 0.0538829 0.666222
3 0.546585 0.657448 0.0222123 0.0718808 0.661739
3 0.524831 0.314263 0.0153473 0.0400019 0.6383
3 0.489289 0.17337 0.0198018 0.0377603 0.607556
3 0.742117 0.0574731 0.0254041 0.0405437 0.597366
3 0.46507 0.154022 0.0152849 0.0310615 0.577579
4 0.474272 0.131 0.0197161 0.0369009 0.572914
3 0.241776 0.849604 0.0632042 0.0520584 0.549637
4 0.241542 0.85007 0.0638446 0.052091 0.531933
5 0.412017 0.023514 0.0231443 0.0468616 0.51883
4 0.516636 0.552423 0.0180124 0.0570951 0.441731
3 0.504381 0.292184 0.0153508 0.0481416 0.39177
0 0.207394 0.783816 0.00794098 0.0237358 0.385111
3 0.516401 0.552949 0.0184336 0.0560643 0.361356
4 0.428196 0.0640274 0.0196305 0.0288933 0.342446
0 0.221593 0.769005 0.00924083 0.0228699 0.296463
0 0.591632 0.891347 0.00786211 0.0251448 0.282661
