5 0.754528 0.941339 0.0891034 0.113032 0.721631
5 0.889515 0.935391 0.0764641 0.127491 0.658628
5 0.759284 0.822518 0.0553927 0.120109 0.648123
5 0.883043 0.628314 0.0406475 0.195568 0.606979
4 0.813734 0.749376 0.0526827 0.118644 0.598347
5 0.780192 0.768493 0.0661168 0.124136 0.479633
5 0.978333 0.640458 0.0389707 0.181362 0.44112
5 0.814285 0.748923 0.0541478 0.119675 0.411003
5 0.948824 0.886843 0.0999653 0.212085 0.400435
3 0.0831936 0.258846 0.0280484 0.0507934 0.362486
5 0.851135 0.522346 0.0368728 0.135626 0.355059
0 0.670145 0.0175251 0.0121601 0.0328574 0.330666
3 0.950006 0.637569 0.0390125 0.134963 0.269714
0 0.140367 0.271975 0.0138897 0.0239318 0.250403
