0 0.465753 0.109806 0.00924765 0.0298243 0.758534
0 0.641784 0.297502 0.011874 0.0237553 0.747983
0 0.454938 0.460722 0.00837285 0.0219862 0.735527
0 0.485594 0.0479815 0.0091129 0.0257704 0.697003
0 0.544276 0.353433 0.0106477 0.0196785 0.684642
0 0.458501 0.53205 0.0120568 0.0175605 0.667908
0 0.434616 0.0275399 0.00849143 0.0293073 0.655003
0 0.453401 0.574511 0.00821324 0.0189597 0.646098
0 0.616981 0.0817954 0.00820544 0.0236145 0.624766
0 0.403907 0.179747 0.00740718 0.0319811 0.614746
0 0.748315 0.0371074 0.0104545 0.0227369 0.592298
0 0.65964 0.0576293 0.0105112 0.0293511 0.575263
0 0.465638 0.205617 0.00953561 0.027486 0.558671
0 0.445452 0.613224 0.0113252 0.0173002 0.512829
0 0.325858 0.985009 0.0113394 0.0242532 0.470393
0 0.445771 0.609033 0.0118481 0.018917 0.429515
0 0.156675 0.825853 0.0149181 0.0318902 0.389851
0 0.914467 0.146308 0.0193584 0.0250334 0.337557
0 0.234456 0.22815 0.00864147 0.0281878 0.299725
0 0.431304 0.58596 0.00832794 0.0185643 0.283424
0 0.461482 0.195754 0.0149229 0.0193297 0.261394
