3 0.474404 0.554521 0.0255417 0.0408806 0.872381
5 0.536162 0.420653 0.0380113 0.0574394 0.829276
5 0.714917 0.303874 0.0322943 0.0321071 0.799301
3 0.31814 0.288197 0.0104438 0.0129068 0.746181
3 0.378126 0.35505 0.014003 0.0180969 0.741205
3 0.180438 0.343195 0.0230643 0.0140341 0.728896
9 0.530934 0.806028 0.0154318 0.040594 0.724927
3 0.330025 0.272153 0.00890693 0.0120513 0.68731
3 0.442968 0.456968 0.0195593 0.0298667 0.636887
5 0.795703 0.334256 0.0237626 0.039019 0.620685
0 0.476006 0.79041 0.0105125 0.0316746 0.608139
0 0.38386 0.503935 0.00643071 0.0210786 0.575606
5 0.325671 0.244963 0.0148073 0.0276034 0.567316
5 0.789089 0.30166 0.0424431 0.0275155 0.546505
5 0.881484 0.425595 0.0973648 0.0301412 0.465623
3 0.382746 0.25561 0.00997227 0.0133399 0.454833
5 0.742591 0.307559 0.0181365 0.0227837 0.445292
3 0.31098 0.226285 0.0094613 0.00995598 0.441103
3 0.356895 0.302426 0.0101135 0.0123405 0.437537
3 0.252276 0.298735 0.0197994 0.0141631 0.435411
5 0.442916 0.456722 0.0194996 0.0300464 0.434671
3 0.906638 0.313934 0.0183952 0.0114597 0.428599
3 0.229746 0.385326 0.0150025 0.0203243 0.425899
3 0.928952 0.327118 0.0219677 0.012421 0.421576
3 0.209949 0.289562 0.014399 0.009412 0.397276
3 0.252065 0.301488 0.0204801 0.0137324 0.39351
5 0.634708 0.317276 0.0436978 0.0304499 0.369342
3 0.206422 0.308862 0.0199347 0.0154573 0.363763
0 0.316479 0.3315 0.00483093 0.0139233 0.348002
3 0.217551 0.29238 0.0207103 0.0114969 0.347652
3 0.211204 0.289364 0.01617 0.0121971 0.337202
0 0.474189 0.78791 0.010961 0.029105 0.326019
5 0.902178 0.42421 0.0561684 0.027175 0.320064
3 0.313051 0.227695 0.0115221 0.0101563 0.307287
0 0.373316 0.507212 0.00913409 0.0184094 0.286711
5 0.335696 0.208414 0.00932711 0.0188092 0.282429
3 0.356336 0.209254 0.00900966 0.0114879 0.275363
9 0.418483 0.565556 0.00744402 0.0199776 0.272386
3 0.820974 0.305783 0.0127464 0.0110894 0.268112
