3 0.416334 0.3897 0.0203503 0.0292347 0.827846
0 0.495614 0.513019 0.00921029 0.0304321 0.706729
3 0.805341 0.186542 0.0187504 0.012403 0.660121
3 0.430952 0.180782 0.0183592 0.012371 0.611789
0 0.502043 0.538151 0.0092167 0.0313593 0.611052
0 0.485296 0.515593 0.00836439 0.0300567 0.608022
9 0.461842 0.506235 0.0112369 0.023355 0.596048
1 0.463486 0.497627 0.0105476 0.0202614 0.550126
0 0.485663 0.425693 0.00884513 0.0256985 0.538497
1 0.461542 0.498277 0.0105915 0.0207879 0.494356
3 0.390705 0.168084 0.0177106 0.0138386 0.430211
0 0.659869 0.346147 0.00726549 0.0193835 0.416405
0 0.488476 0.468361 0.0105658 0.0277341 0.401622
3 0.81552 0.235534 0.0283636 0.0166258 0.386782
3 0.870633 0.233923 0.0208422 0.0144361 0.379336
0 0.486271 0.468824 0.0100458 0.027256 0.373886
0 0.633556 0.265093 0.00564383 0.0172173 0.3599
9 0.404907 0.431046 0.00925672 0.0225665 0.351935
0 0.519692 0.640986 0.00981027 0.0359914 0.344217
0 0.85697 0.210392 0.00515764 0.0119231 0.343941
0 0.395364 0.327405 0.00611516 0.016993 0.342775
0 0.634149 0.268413 0.00609724 0.0160509 0.305545
3 0.370343 0.1561 0.0188788 0.0124273 0.296356
0 0.511357 0.604234 0.0103105 0.0331515 0.291062
1 0.40689 0.425599 0.0112366 0.0186802 0.288209
0 0.305649 0.193078 0.00451566 0.0103461 0.286344
1 0.404815 0.427989 0.00855831 0.0235233 0.273723
