5 0.42035 0.188104 0.053088 0.194218 0.852358
5 0.365409 0.217062 0.0529685 0.181565 0.798261
5 0.320888 0.236558 0.0571275 0.211847 0.709415
6 0.763622 0.188279 0.037884 0.103162 0.686318
0 0.183418 0.753144 0.0209074 0.0280591 0.642578
5 0.662757 0.205467 0.0407858 0.113202 0.597363
6 0.662993 0.205845 0.0404571 0.116888 0.541024
0 0.529873 0.60128 0.00883187 0.0202806 0.46122
7 0.260917 0.191918 0.0307449 0.117056 0.460998
6 0.250064 0.362109 0.0275254 0.0991139 0.447478
6 0.0726892 0.484883 0.0479249 0.0807359 0.43893
0 0.507575 0.487389 0.00826416 0.0295469 0.43303
5 0.850549 0.146197 0.0426723 0.124028 0.420277
5 0.30299 0.322558 0.037602 0.122964 0.37608
5 0.727872 0.177898 0.0487886 0.150696 0.373807
5 0.695308 0.178734 0.0430924 0.129579 0.372069
6 0.795141 0.151491 0.0331471 0.0951205 0.356827
5 0.875411 0.111504 0.0487202 0.126408 0.343327
3 0.302663 0.322807 0.0384595 0.122092 0.312251
5 0.608838 0.213263 0.0444189 0.107299 0.310958
9 0.519768 0.633614 0.0119514 0.0360477 0.307524
6 0.636184 0.199269 0.0324474 0.108167 0.303312
0 0.514798 0.605741 0.0104397 0.0224858 0.300393
0 0.858904 0.512826 0.0174559 0.016173 0.299867
5 0.588906 0.263376 0.0365576 0.104197 0.276946
5 0.308993 0.256065 0.0393071 0.252037 0.256079
