3 0.659447 0.206294 0.0170118 0.0302078 0.878016
3 0.582308 0.227806 0.0155878 0.0300827 0.835064
3 0.448093 0.902369 0.011521 0.03704 0.830966
3 0.657521 0.177229 0.0174492 0.0270116 0.821128
3 0.732763 0.15435 0.0175836 0.0329497 0.819899
3 0.714342 0.161509 0.0165228 0.0288819 0.80553
3 0.620632 0.21492 0.016707 0.028608 0.802882
3 0.734006 0.185833 0.0181549 0.0311858 0.79326
3 0.566561 0.227561 0.0140823 0.0267507 0.792014
3 0.271228 0.212503 0.0130382 0.0301777 0.791158
3 0.209457 0.756839 0.012788 0.029524 0.788476
3 0.126944 0.933916 0.0142818 0.0408525 0.785609
3 0.246522 0.590023 0.0125658 0.0337369 0.784852
3 0.340423 0.528499 0.0108884 0.0343226 0.777003
3 0.342398 0.645513 0.0104528 0.0319828 0.773941
3 0.640459 0.209529 0.0177822 0.0297307 0.773375
3 0.557749 0.853502 0.0105007 0.0312701 0.772206
3 0.509635 0.868581 0.0233463 0.0157893 0.767959
3 0.197519 0.887122 0.0207203 0.0158183 0.763384
3 0.28495 0.214176 0.013455 0.0307873 0.758239
3 0.511664 0.970348 0.0249547 0.016128 0.75626
3 0.0804852 0.408495 0.0169745 0.0377636 0.756164
3 0.195489 0.960598 0.0228226 0.0143043 0.748973
5 0.44216 0.461757 0.0158185 0.0683782 0.748734
3 0.430966 0.279099 0.0107268 0.0368067 0.748375
3 0.19625 0.975279 0.0233981 0.0158063 0.746904
3 0.194849 0.92609 0.0226151 0.0138972 0.74682
3 0.297088 0.218184 0.0129655 0.0272222 0.746598
3 0.196348 0.992275 0.0239569 0.0148636 0.745202
3 0.237148 0.188917 0.0241952 0.0213924 0.744294
3 0.639712 0.17856 0.0179687 0.029583 0.738284
3 0.451086 0.284322 0.0105453 0.0322732 0.738037
3 0.753038 0.183752 0.019438 0.0317224 0.736002
3 0.192813 0.870437 0.0205031 0.0141392 0.735835
3 0.696207 0.199972 0.0164289 0.0281498 0.735761
3 0.233975 0.596721 0.00971784 0.0232761 0.7332
3 0.227689 0.751132 0.0123437 0.0344156 0.73115
3 0.512037 0.807222 0.0204494 0.0143226 0.722155
3 0.600728 0.223203 0.0151026 0.0305119 0.716092
3 0.785971 0.181602 0.0166011 0.029086 0.697697
3 0.550619 0.212532 0.0117737 0.0333211 0.693884
5 0.333042 0.0599561 0.0155345 0.0548812 0.684978
3 0.714708 0.194579 0.0150684 0.0261304 0.680518
3 0.78148 0.15126 0.0177157 0.0311528 0.662011
3 0.554613 0.918899 0.0198391 0.0156736 0.649657
3 0.279311 0.595742 0.0143615 0.0362752 0.625214
3 0.771015 0.18087 0.0168715 0.0306321 0.621638
3 0.512815 0.937576 0.0216762 0.0144484 0.614967
3 0.51077 0.825841 0.0216916 0.014175 0.585868
3 0.510794 0.850993 0.0218084 0.0158758 0.58353
3 0.195029 0.943654 0.0229838 0.0158679 0.576889
3 0.198951 0.765147 0.0148359 0.0293706 0.564105
4 0.21279 0.27859 0.0194113 0.0301023 0.551652
3 0.00496777 0.838962 0.00991579 0.0169655 0.550424
3 0.547149 0.701221 0.00818024 0.0202586 0.547268
3 0.465967 0.693589 0.0115018 0.0387201 0.526469
3 0.766476 0.148479 0.0156955 0.0298194 0.523055
4 0.751601 0.147253 0.016292 0.0333902 0.512352
3 0.513694 0.791606 0.0191547 0.0149412 0.49442
3 0.510842 0.76053 0.00971296 0.0203759 0.492333
3 0.624362 0.178284 0.0158812 0.0303263 0.484152
3 0.12591 0.889167 0.0124015 0.031327 0.483605
3 0.513567 0.924355 0.0203241 0.0119011 0.468142
3 0.194119 0.92065 0.0231782 0.0167176 0.465148
9 0.470953 0.335181 0.00507067 0.013973 0.433525
4 0.26327 0.12684 0.0244802 0.0196511 0.430134
3 0.512592 0.940263 0.0224176 0.0136988 0.428388
3 0.510576 0.839959 0.0210728 0.013208 0.4199
4 0.440917 0.0869605 0.0099224 0.031601 0.419628
3 0.195796 0.91359 0.0230303 0.0153679 0.419557
3 0.509309 0.855773 0.0221792 0.0121595 0.418644
3 0.0216845 0.78326 0.0178265 0.0218009 0.414255
3 0.277205 0.546562 0.0235821 0.0204954 0.408691
3 0.159966 0.541901 0.0242946 0.0132552 0.407366
3 0.575176 0.688961 0.0189325 0.0106817 0.393453
3 0.212916 0.278804 0.0195574 0.030034 0.362394
5 0.12121 0.980418 0.0155092 0.038457 0.358736
4 0.508639 0.991013 0.0206742 0.01619 0.353441
3 0.574424 0.697894 0.019656 0.0131343 0.352783
3 0.515269 0.788109 0.0180201 0.015096 0.335236
3 0.511034 0.748192 0.00990448 0.026717 0.331557
3 0.511636 0.957045 0.0237896 0.0123889 0.327202
3 0.511467 0.844655 0.0215937 0.0171293 0.318192
3 0.127905 0.879404 0.0132177 0.0332727 0.317448
3 0.575199 0.702103 0.0196249 0.0126272 0.316265
3 0.508652 0.990016 0.0212032 0.0160913 0.296324
4 0.15805 0.541645 0.0288907 0.0136314 0.294419
3 0.555279 0.907156 0.0216547 0.0140292 0.275901
3 0.513789 0.921443 0.0185526 0.0128653 0.273679
3 0.194338 0.85885 0.0226455 0.0134148 0.263675
3 0.512051 0.959385 0.023828 0.0138965 0.258641
