3 0.506763 0.887136 0.234925 0.168037 0.928755
4 0.852989 0.376868 0.103379 0.0680159 0.894082
3 0.359558 0.33499 0.0640208 0.057402 0.878618
3 0.752334 0.50414 0.149175 0.0844869 0.868436
3 0.784219 0.887083 0.250788 0.159422 0.864394
3 0.242962 0.433068 0.0880623 0.0785194 0.863835
3 0.73148 0.387032 0.121237 0.0571292 0.826361
3 0.615632 0.35467 0.101898 0.0618404 0.816506
3 0.347807 0.156326 0.0239845 0.0202591 0.812265
3 0.781139 0.44277 0.131603 0.0670297 0.80707
3 0.296781 0.207109 0.0360799 0.0325607 0.792542
3 0.439185 0.31441 0.0402187 0.0479014 0.790873
3 0.218622 0.253605 0.0518363 0.0428314 0.787974
3 0.218878 0.178751 0.0347541 0.0310652 0.785864
3 0.455575 0.28184 0.0390347 0.0415498 0.779657
3 0.267903 0.22534 0.0386192 0.0362189 0.773052
3 0.275975 0.160089 0.0270069 0.0243118 0.771894
3 0.0315124 0.250088 0.0627203 0.0459703 0.761445
0 0.226541 0.942128 0.0524564 0.100032 0.725422
0 0.671752 0.193227 0.00805712 0.0273114 0.718179
0 0.561269 0.412304 0.0191973 0.0603728 0.690793
0 0.682361 0.191239 0.00744799 0.0271297 0.686377
3 0.314903 0.145295 0.0229338 0.0200567 0.684279
0 0.737769 0.325933 0.014695 0.0458129 0.674996
3 0.621596 0.157083 0.0392147 0.0204388 0.664745
5 0.280796 0.307854 0.0652063 0.118565 0.642538
9 0.227912 0.389448 0.038827 0.037802 0.63008
3 0.247239 0.17133 0.029628 0.0265978 0.601854
3 0.127179 0.188499 0.0369715 0.0277274 0.584641
0 0.792685 0.24798 0.0113415 0.0348715 0.582319
3 0.683965 0.131327 0.0210567 0.0185053 0.569842
3 0.620163 0.176772 0.0422453 0.0208003 0.558558
3 0.621882 0.209541 0.0566414 0.0284832 0.555129
0 0.165116 0.797978 0.0392902 0.0914983 0.541228
0 0.557143 0.2717 0.00963431 0.0386467 0.535661
3 0.619818 0.139928 0.0372057 0.0193925 0.52252
0 0.539868 0.223374 0.00908286 0.0309709 0.520697
3 0.621462 0.119847 0.029792 0.0157747 0.519114
3 0.337664 0.138543 0.0294081 0.0201323 0.516204
0 0.540969 0.251189 0.00971183 0.0320362 0.49999
3 0.381619 0.128684 0.0204742 0.0227962 0.495082
3 0.485021 0.231058 0.0242497 0.0300039 0.493393
3 0.625845 0.179908 0.0472659 0.0219549 0.480101
0 0.701703 0.200825 0.00925454 0.0282921 0.478925
0 0.569056 0.264546 0.00964212 0.0405486 0.470776
0 0.56724 0.271048 0.0108748 0.0467023 0.46985
3 0.477296 0.247604 0.0308876 0.0322813 0.46769
3 0.40298 0.11247 0.0205042 0.0167467 0.465983
3 0.625813 0.197805 0.0520315 0.02537 0.463981
0 0.732891 0.205611 0.00998361 0.0268916 0.456688
3 0.361548 0.128275 0.0243546 0.0201815 0.449734
3 0.341626 0.139382 0.0261161 0.0190737 0.447266
3 0.6203 0.194024 0.0525873 0.0244177 0.435512
3 0.364403 0.125384 0.0257176 0.0219022 0.422177
3 0.475014 0.253274 0.0307068 0.0347335 0.420613
3 0.264999 0.14196 0.0268464 0.0221788 0.414059
3 0.623774 0.257169 0.0703469 0.0379501 0.403814
3 0.621928 0.122557 0.0315329 0.0168218 0.399955
0 0.564483 0.275303 0.012854 0.0468874 0.392064
0 0.547943 0.272308 0.0124624 0.036083 0.390901
3 0.62146 0.169238 0.0436447 0.0218232 0.377003
0 0.573128 0.254694 0.00917882 0.0320916 0.372153
3 0.474403 0.14195 0.0279806 0.0235091 0.368001
8 0.428339 0.134857 0.0487507 0.0370557 0.362688
0 0.687347 0.157562 0.00626373 0.0201199 0.356104
3 0.486427 0.225728 0.0240522 0.0335619 0.347723
3 0.0191335 0.512786 0.0382671 0.111106 0.340588
3 0.619393 0.188311 0.0509304 0.0209061 0.331915
1 0.226866 0.381407 0.0193458 0.0398558 0.327752
3 0.676255 0.113172 0.0212802 0.0176715 0.324917
0 0.576559 0.190576 0.00941114 0.023871 0.321048
3 0.294571 0.264369 0.0357304 0.0395626 0.319458
3 0.634609 0.254373 0.0519945 0.0308074 0.315356
4 0.622252 0.23347 0.0607763 0.0327533 0.30725
0 0.575794 0.258027 0.0114021 0.0349068 0.306978
0 0.685962 0.159562 0.00942954 0.0177935 0.296411
3 0.624046 0.233267 0.0628214 0.0307342 0.294693
3 0.625186 0.184439 0.0485838 0.0224018 0.279625
0 0.563322 0.191934 0.00742654 0.0214721 0.270218
3 0.401654 0.130885 0.0199163 0.0245921 0.26924
0 0.530703 0.228466 0.0093556 0.028447 0.268493
3 0.620579 0.116226 0.0240628 0.0158213 0.261066
