3 0.636581 0.516809 0.0232729 0.0641285 0.873382
3 0.652244 0.781281 0.0577251 0.038692 0.872307
3 0.938958 0.859662 0.0411171 0.0862929 0.871938
3 0.790437 0.761478 0.0629054 0.0379074 0.863955
3 0.429898 0.591847 0.0249073 0.0741191 0.863526
3 0.863208 0.955076 0.0507717 0.0898486 0.86079
3 0.497139 0.787031 0.0569919 0.0358085 0.860291
3 0.729879 0.948791 0.0324514 0.097234 0.859422
3 0.687413 0.94825 0.0325167 0.0968887 0.858326
3 0.117589 0.435887 0.0302179 0.0646599 0.854603
3 0.608197 0.940776 0.0273483 0.0963748 0.853126
3 0.797342 0.814278 0.0627694 0.0405309 0.850605
3 0.634367 0.607188 0.0239059 0.07391 0.84845
3 0.495601 0.934168 0.0265615 0.0970876 0.847943
3 0.452996 0.529182 0.0512357 0.034556 0.847235
3 0.649956 0.940686 0.0284514 0.0965835 0.843493
3 0.345105 0.825448 0.0291667 0.086937 0.840189
3 0.42429 0.275885 0.0202547 0.0515685 0.839874
4 0.208992 0.428392 0.0276657 0.0638986 0.838823
3 0.397628 0.0996544 0.0188058 0.0451173 0.83837
4 0.405996 0.192806 0.0210388 0.0542402 0.830824
4 0.244534 0.433276 0.0240743 0.0559169 0.82158
3 0.374852 0.0884721 0.0202654 0.0438238 0.820724
3 0.668359 0.0276953 0.0361857 0.0357808 0.819616
3 0.416822 0.924339 0.0299857 0.0979414 0.814067
3 0.424602 0.0932164 0.017916 0.0437044 0.789591
3 0.524344 0.596037 0.0229248 0.0745616 0.768925
3 0.494097 0.598688 0.0214386 0.0664022 0.761641
4 0.573824 0.934007 0.0231806 0.0782806 0.743329
3 0.685998 0.0429325 0.0332962 0.0369111 0.735217
3 0.694426 0.0608351 0.0319736 0.0360028 0.732398
3 0.650613 0.0179985 0.038028 0.0359664 0.715855
5 0.701949 0.604541 0.0320172 0.0910052 0.642878
3 0.46313 0.592322 0.0237354 0.072376 0.62895
3 0.667599 0.607532 0.0241972 0.075881 0.605963
3 0.635353 0.0104001 0.0366288 0.0208002 0.597788
5 0.967298 0.618762 0.0653585 0.0566269 0.565995
5 0.824345 0.938802 0.0459152 0.105962 0.515834
3 0.573811 0.934565 0.0233616 0.0788755 0.501737
9 0.750137 0.437251 0.0174348 0.0203272 0.472473
3 0.649244 0.013089 0.0379136 0.0261779 0.409749
0 0.368323 0.623048 0.00867708 0.0250448 0.398857
7 0.886813 0.492087 0.0195047 0.0450994 0.386346
9 0.685669 0.87557 0.0228998 0.0174411 0.321512
0 0.367148 0.619276 0.00939359 0.0196742 0.313154
5 0.667476 0.607154 0.0237768 0.0759955 0.30909
3 0.673168 0.0368159 0.0397917 0.0400932 0.290574
0 0.367672 0.61559 0.00820273 0.0146383 0.272347
