0 0.523705 0.905754 0.0104011 0.0203393 0.533348
0 0.507934 0.572219 0.00769941 0.0195841 0.488707
0 0.469912 0.428015 0.00911809 0.0241209 0.476352
0 0.442698 0.767786 0.00847042 0.020461 0.473711
0 0.485245 0.462378 0.00812932 0.0201748 0.45686
3 0.691143 0.0219265 0.0590893 0.0434416 0.448728
0 0.50779 0.308066 0.00644113 0.0187316 0.44678
0 0.482909 0.714866 0.00728511 0.0176945 0.432376
0 0.464991 0.693851 0.00813533 0.0196994 0.430094
0 0.467156 0.295234 0.00767404 0.0249008 0.403701
0 0.541877 0.147391 0.00824833 0.0255117 0.402328
0 0.503033 0.546892 0.00764845 0.0173296 0.398205
0 0.464764 0.862472 0.00799761 0.0164699 0.389352
0 0.477931 0.418541 0.00779837 0.0177766 0.385162
0 0.457507 0.884596 0.0064314 0.0185562 0.379021
9 0.844587 0.0196838 0.016664 0.0363934 0.37073
0 0.446828 0.645172 0.00700884 0.0169396 0.367509
9 0.50928 0.121824 0.0089369 0.0366324 0.367249
0 0.486127 0.550935 0.00978097 0.0181791 0.361256
0 0.524623 0.905807 0.00913352 0.0167001 0.354725
0 0.510666 0.43734 0.00804042 0.024212 0.343167
0 0.479632 0.363336 0.00797703 0.0162113 0.339556
0 0.460652 0.970656 0.00881557 0.0211644 0.316817
0 0.546401 0.135152 0.00915344 0.0271596 0.313032
0 0.415882 0.76272 0.00650216 0.0164897 0.311011
0 0.509315 0.861854 0.0124222 0.0201905 0.310744
0 0.417766 0.578274 0.00680503 0.0158306 0.308527
0 0.458711 0.541503 0.0081114 0.017745 0.305078
0 0.525428 0.905597 0.0116831 0.0189394 0.296208
0 0.461468 0.968541 0.00741651 0.0222666 0.294871
0 0.450998 0.947651 0.0111046 0.0230552 0.285598
0 0.488249 0.559718 0.00702842 0.0189694 0.285196
0 0.510796 0.0878425 0.00916975 0.0203132 0.281676
0 0.489117 0.553452 0.00930708 0.0236346 0.275043
0 0.454944 0.646189 0.00735168 0.0233084 0.270975
0 0.48086 0.871423 0.00893555 0.0197296 0.264118
0 0.598349 0.18002 0.00928153 0.0197108 0.263829
