3 0.581536 0.401855 0.0338134 0.138726 0.865568
3 0.622092 0.429724 0.0319246 0.144417 0.848595
3 0.62065 0.181606 0.0300671 0.130659 0.84355
3 0.540409 0.379719 0.0318469 0.130204 0.835731
3 0.679156 0.891436 0.0380723 0.189636 0.831786
3 0.590257 0.71779 0.0334166 0.155086 0.786609
3 0.636177 0.943587 0.0318281 0.10697 0.766402
3 0.630031 0.631098 0.0334551 0.139836 0.761805
3 0.542319 0.671001 0.0322639 0.147674 0.7071
4 0.578278 0.163866 0.0306594 0.130078 0.703636
8 0.636276 0.943555 0.0328064 0.108454 0.693154
3 0.578301 0.164256 0.0291113 0.127673 0.587908
3 0.536676 0.0197891 0.0354327 0.0367676 0.371459
4 0.542183 0.671981 0.0327051 0.146754 0.357124
3 0.593435 0.969648 0.0308438 0.0551191 0.325779
