3 0.208414 0.270481 0.0237991 0.028874 0.671867
0 0.447009 0.459357 0.00651921 0.0142125 0.531602
0 0.477657 0.775293 0.0072069 0.0180278 0.520991
3 0.302034 0.272878 0.0148838 0.0283767 0.520329
0 0.472314 0.836149 0.00712925 0.0155737 0.403492
0 0.477744 0.806573 0.00709917 0.0157472 0.393084
0 0.446939 0.553197 0.00637931 0.0138987 0.379245
3 0.340293 0.279707 0.0153775 0.0326461 0.351385
0 0.455125 0.136352 0.00587481 0.0172315 0.325303
0 0.441557 0.584033 0.00632568 0.0183801 0.311898
0 0.454138 0.913283 0.00669686 0.0185378 0.289222
0 0.446887 0.710818 0.00779946 0.0132522 0.289153
0 0.445653 0.319816 0.00523224 0.0178078 0.276729
0 0.453014 0.779284 0.0068491 0.0201654 0.267092
0 0.440788 0.885531 0.00642535 0.0165412 0.264372
