3 0.524015 0.574239 0.0251478 0.0522247 0.854478
3 0.0834237 0.51242 0.0391797 0.048733 0.849496
3 0.0389406 0.565632 0.0495637 0.0558854 0.847872
3 0.159241 0.413181 0.0296062 0.0315725 0.780274
4 0.611035 0.936929 0.0703728 0.125563 0.746934
3 0.554371 0.296197 0.0297001 0.0162908 0.730981
4 0.562315 0.389573 0.0363021 0.025546 0.689932
3 0.493582 0.156512 0.0060978 0.0105206 0.591215
3 0.544512 0.203521 0.0205985 0.0110374 0.590514
3 0.560628 0.362298 0.0342032 0.0207895 0.560119
3 0.563995 0.41254 0.039039 0.0253173 0.500278
3 0.543266 0.189484 0.0170898 0.011326 0.487873
3 0.552334 0.273763 0.0256549 0.0150913 0.459506
3 0.562421 0.417646 0.0384804 0.0249744 0.396849
5 0.513625 0.107288 0.0102945 0.0146861 0.35484
3 0.539557 0.137454 0.0147153 0.00925786 0.335866
3 0.517356 0.285582 0.00982797 0.0219046 0.332809
9 0.766718 0.906708 0.0144885 0.0492433 0.328831
4 0.550611 0.253618 0.0185201 0.0113502 0.325325
3 0.538259 0.142074 0.0146281 0.0102845 0.299856
3 0.550682 0.247803 0.0182042 0.0126487 0.266706
3 0.540349 0.148377 0.0149108 0.00764377 0.264981
4 0.550627 0.256274 0.0196722 0.0128842 0.256298
9 0.516507 0.206261 0.00546417 0.0128192 0.253337
3 0.54964 0.24321 0.0174176 0.0121193 0.252794
