3 0.49685 0.766895 0.0373094 0.106971 0.891719
3 0.265025 0.606885 0.03928 0.0716039 0.887767
3 0.223578 0.608136 0.0328609 0.0661383 0.878603
3 0.463316 0.960971 0.0410069 0.0773175 0.874071
3 0.25231 0.525981 0.0279144 0.0581852 0.869926
5 0.269741 0.836545 0.118153 0.0818222 0.865958
3 0.487721 0.550876 0.0292669 0.0676438 0.864945
4 0.453009 0.298867 0.0151259 0.0318751 0.856138
3 0.243265 0.924006 0.0744818 0.0847542 0.85356
3 0.412672 0.434768 0.0257984 0.0411012 0.853507
3 0.265175 0.466434 0.054533 0.034573 0.838543
3 0.47376 0.378276 0.018814 0.0387626 0.825648
3 0.317043 0.613872 0.0659585 0.0408549 0.806323
3 0.382074 0.413193 0.02673 0.0402335 0.798789
3 0.276607 0.782565 0.0841397 0.0437187 0.794396
5 0.298817 0.717651 0.121915 0.09723 0.771145
3 0.285092 0.423334 0.0497889 0.0267507 0.769305
5 0.448237 0.236717 0.021744 0.0503755 0.740904
3 0.485123 0.226105 0.0197924 0.0193471 0.734029
3 0.471578 0.255242 0.0137751 0.0228304 0.720792
3 0.222638 0.97889 0.10288 0.0417945 0.653126
3 0.451443 0.175781 0.0100885 0.0138228 0.641599
3 0.457291 0.205235 0.0116595 0.0204832 0.626368
3 0.339501 0.181076 0.0230684 0.0132153 0.571275
3 0.343944 0.153903 0.01997 0.0104587 0.564644
5 0.421665 0.301037 0.0243942 0.0596828 0.551976
3 0.380773 0.177973 0.0214759 0.0114863 0.532269
6 0.399847 0.72081 0.0184664 0.0479103 0.498814
3 0.420985 0.172142 0.00909585 0.0124137 0.482283
3 0.229978 0.17294 0.0240374 0.0140825 0.469177
3 0.417255 0.156931 0.0157932 0.0115725 0.467385
3 0.379184 0.182229 0.0236858 0.0117002 0.443811
3 0.382441 0.158339 0.0189447 0.0106556 0.432995
3 0.374669 0.192212 0.0216351 0.0118978 0.397986
7 0.444208 0.373892 0.0151396 0.0332237 0.386477
4 0.308973 0.64765 0.0684775 0.0536436 0.37994
3 0.413187 0.155863 0.0119448 0.0119572 0.375526
3 0.309428 0.6483 0.069822 0.0559882 0.363261
1 0.434645 0.466725 0.00721588 0.0240948 0.357293
9 0.775976 0.345754 0.0109323 0.0146796 0.335666
9 0.755932 0.324908 0.00762748 0.0167191 0.332269
3 0.383296 0.151663 0.0182151 0.00976715 0.327356
3 0.404678 0.172227 0.0193263 0.0128598 0.325312
3 0.383762 0.144972 0.0185577 0.0101501 0.313515
8 0.421984 0.300859 0.0230937 0.0578468 0.298867
3 0.338076 0.178435 0.0240966 0.0130465 0.285086
3 0.399312 0.157913 0.0115969 0.0118478 0.272766
3 0.399583 0.172223 0.0154329 0.0125763 0.264161
3 0.408738 0.157829 0.0150408 0.0123922 0.261715
3 0.398783 0.198421 0.0154263 0.0147168 0.256721
3 0.381505 0.170404 0.0208952 0.0127975 0.251453
