3 0.248272 0.542507 0.162361 0.0848329 0.912588
3 0.69114 0.648204 0.146279 0.113136 0.907969
3 0.38425 0.586028 0.148423 0.0903001 0.902743
3 0.184608 0.479263 0.136818 0.0737663 0.876416
3 0.120347 0.425899 0.131311 0.0632657 0.869841
3 0.368224 0.459911 0.121679 0.0715425 0.867097
3 0.950076 0.680189 0.0986554 0.130193 0.865709
3 0.461963 0.401223 0.0922121 0.0599425 0.855458
3 0.431168 0.520161 0.129118 0.0763682 0.848311
3 0.306417 0.415098 0.11403 0.0605649 0.840409
3 0.337124 0.377155 0.100984 0.0467481 0.827053
3 0.937636 0.867945 0.124728 0.139447 0.778789
3 0.0472007 0.383937 0.0944015 0.061987 0.7783
3 0.471429 0.363474 0.0930557 0.0502012 0.753398
0 0.858657 0.723491 0.0333542 0.0774195 0.737613
3 0.16953 0.377487 0.119575 0.0637726 0.653387
3 0.0192074 0.48959 0.0383684 0.0749615 0.611634
5 0.570057 0.582394 0.155764 0.105726 0.582944
5 0.055049 0.961902 0.110098 0.0761895 0.325973
3 0.320597 0.133247 0.0318998 0.0271128 0.317403
3 0.993996 0.30395 0.0120075 0.0293427 0.317219
3 0.539691 0.189746 0.0244181 0.0289168 0.269631
