3 0.431872 0.962079 0.0414538 0.0747403 0.884686
3 0.433558 0.808252 0.0297957 0.0424382 0.868631
3 0.598763 0.629532 0.0141537 0.0130298 0.731772
3 0.537122 0.577972 0.00832014 0.0113824 0.699445
3 0.545163 0.55994 0.0067627 0.00904832 0.503778
3 0.538222 0.578158 0.0110705 0.0102806 0.500605
1 0.696844 0.818312 0.0109773 0.0249075 0.500492
3 0.534359 0.556629 0.00665471 0.00873808 0.466736
1 0.635391 0.7581 0.00734462 0.0164314 0.343622
3 0.534011 0.543133 0.00599422 0.00771484 0.303765
3 0.514557 0.563847 0.0084307 0.011075 0.29973
3 0.515259 0.538076 0.00703984 0.00792643 0.297127
3 0.534071 0.554283 0.00704241 0.00962193 0.289867
3 0.543255 0.543802 0.00625231 0.0083921 0.279234
