0 0.420616 0.262438 0.0104473 0.0319401 0.767761
0 0.430502 0.534005 0.0107321 0.0310238 0.743258
0 0.465218 0.37501 0.0100868 0.0310012 0.74108
0 0.454127 0.491764 0.0103734 0.030127 0.734939
0 0.433538 0.0926884 0.0111004 0.0424437 0.700602
5 0.0643336 0.650392 0.100316 0.111113 0.687793
0 0.762945 0.197947 0.0127058 0.0396661 0.678828
3 0.104162 0.877932 0.108452 0.0908762 0.668164
0 0.485089 0.370502 0.0117212 0.0400869 0.657748
0 0.443399 0.49144 0.00866786 0.0292501 0.630441
0 0.408555 0.554455 0.0116143 0.0305146 0.614003
0 0.422588 0.214797 0.0105066 0.0382325 0.58933
0 0.415681 0.220321 0.00938128 0.0383771 0.577954
0 0.459024 0.447826 0.0106381 0.0377079 0.570816
3 0.0117874 0.786047 0.0235748 0.0928147 0.543765
5 0.0857217 0.646344 0.135244 0.126444 0.499372
5 0.0977164 0.952187 0.10056 0.0810153 0.499241
0 0.377107 0.0319782 0.012678 0.0395885 0.49032
0 0.435126 0.920143 0.0134188 0.0432037 0.476326
7 0.1567 0.0340857 0.0525954 0.053071 0.447606
0 0.415875 0.518919 0.00844918 0.0325202 0.444745
0 0.808895 0.759423 0.0164178 0.025917 0.442436
0 0.431349 0.921106 0.0125752 0.0417824 0.419158
5 0.123812 0.673477 0.124167 0.113458 0.415385
0 0.503099 0.415209 0.0118607 0.0332307 0.415216
6 0.121376 0.469025 0.0710239 0.0395639 0.399201
0 0.390079 0.353409 0.00950557 0.0328708 0.3603
6 0.137343 0.426965 0.103928 0.0598011 0.360161
5 0.135529 0.427508 0.103125 0.0597758 0.349732
0 0.466503 0.46033 0.00984039 0.0412981 0.339238
0 0.465477 0.454262 0.009824 0.0420594 0.331782
4 0.253934 0.305402 0.0437225 0.0526907 0.31143
5 0.0808784 0.574745 0.0948738 0.0694675 0.298091
0 0.657731 0.977058 0.015032 0.0398724 0.292134
9 0.476767 0.849847 0.0126593 0.0648134 0.276817
0 0.88614 0.855149 0.0243519 0.0389465 0.274807
4 0.146277 0.370274 0.0890077 0.0579197 0.271925
3 0.0985598 0.953129 0.102188 0.079257 0.25038
