8 0.290269 0.902637 0.0496294 0.193293 0.875959
4 0.400542 0.611678 0.0206235 0.0582014 0.841526
3 0.259936 0.460512 0.0155001 0.0426272 0.829816
8 0.259455 0.296378 0.0200806 0.0578721 0.826413
3 0.283563 0.190488 0.0122959 0.0315832 0.825596
4 0.353981 0.448906 0.0204119 0.0513564 0.825397
3 0.318394 0.363787 0.0168405 0.0376046 0.823489
8 0.252907 0.396648 0.0205042 0.0716581 0.821275
3 0.307669 0.20671 0.0132543 0.0343714 0.807289
3 0.593319 0.433311 0.0166378 0.0410067 0.805833
3 0.559046 0.336022 0.0201601 0.0407931 0.795025
3 0.377614 0.555086 0.0197403 0.0457806 0.792582
3 0.251654 0.222368 0.0128731 0.0291507 0.788275
3 0.527848 0.458605 0.0188198 0.0439833 0.779293
3 0.247205 0.343744 0.0130702 0.0335094 0.77456
3 0.843824 0.435079 0.0266285 0.0387478 0.771523
3 0.607608 0.430863 0.0182388 0.04641 0.770443
3 0.807302 0.366848 0.0180733 0.039738 0.766936
3 0.378065 0.416183 0.0283638 0.0378315 0.766893
4 0.28048 0.604198 0.0194833 0.0527485 0.762442
3 0.26871 0.564647 0.0145195 0.0358152 0.761501
3 0.282009 0.506043 0.0162472 0.046431 0.755631
3 0.56572 0.554268 0.0305525 0.0411054 0.750739
3 0.606865 0.393026 0.0180099 0.0359017 0.75067
3 0.84568 0.324568 0.0281024 0.0286674 0.739793
3 0.242472 0.271403 0.012837 0.0309884 0.738358
3 0.750224 0.382325 0.0233691 0.0488471 0.727731
3 0.69658 0.210462 0.0177612 0.0317498 0.724769
3 0.620857 0.391988 0.0165094 0.0333069 0.720206
3 0.242618 0.309355 0.0134874 0.0328044 0.719073
3 0.350006 0.39585 0.0179722 0.0400355 0.718179
3 0.581024 0.401593 0.0183698 0.0383022 0.714546
3 0.262701 0.512265 0.0159112 0.046748 0.712036
3 0.569006 0.406986 0.0183893 0.0371014 0.709852
3 0.557627 0.577937 0.0317047 0.044684 0.704334
3 0.383717 0.376628 0.0175157 0.0363728 0.70139
3 0.234185 0.206323 0.0118462 0.0282668 0.687899
3 0.735601 0.468719 0.0238209 0.0471862 0.686377
3 0.585534 0.325782 0.0174956 0.0419224 0.682785
3 0.592394 0.0188871 0.0198202 0.0189879 0.67436
3 0.639575 0.187465 0.0261003 0.0237584 0.671486
3 0.726039 0.384932 0.0203661 0.0459056 0.660595
3 0.629693 0.153335 0.0236765 0.0252398 0.654607
3 0.713323 0.47078 0.0207125 0.0404738 0.654036
3 0.792852 0.366567 0.0215781 0.0430452 0.651649
4 0.421402 0.816112 0.0351841 0.104664 0.648572
3 0.665763 0.218403 0.0176177 0.0341204 0.647139
3 0.708307 0.206406 0.0161783 0.0317959 0.643395
3 0.745152 0.341984 0.0227747 0.0352114 0.6431
3 0.695997 0.357514 0.0238958 0.0333259 0.639126
3 0.610896 0.318432 0.0158608 0.0402785 0.624422
3 0.710938 0.391541 0.0230104 0.0458541 0.613423
3 0.639744 0.282265 0.0168893 0.0307715 0.60319
3 0.631087 0.164976 0.0220259 0.0223101 0.597706
3 0.618539 0.133133 0.0217296 0.0219603 0.59387
4 0.467763 0.473457 0.0358207 0.0404537 0.590517
3 0.591068 0.394992 0.016106 0.0358657 0.585829
3 0.482532 0.53739 0.0340477 0.0353271 0.585091
3 0.554129 0.408275 0.0173702 0.0346551 0.583414
3 0.795739 0.455309 0.0236815 0.0462477 0.580695
3 0.86537 0.366015 0.0249454 0.025928 0.580577
3 0.239092 0.239133 0.0134117 0.0321613 0.577764
3 0.86609 0.42185 0.0240906 0.0406604 0.569518
3 0.837616 0.311177 0.0253841 0.024854 0.569108
3 0.598614 0.322276 0.0159749 0.0418755 0.56525
3 0.409928 0.402275 0.0294275 0.0341268 0.561732
3 0.879839 0.384014 0.0311448 0.0265048 0.56141
3 0.764606 0.375327 0.0203043 0.0435564 0.561098
3 0.750549 0.276564 0.0185619 0.0375198 0.559937
3 0.591676 0.323518 0.0206859 0.041238 0.556051
3 0.728268 0.199708 0.0180164 0.0335891 0.554544
3 0.676867 0.215324 0.0165495 0.0321538 0.537068
3 0.621888 0.229302 0.0196237 0.0345303 0.528916
3 0.592613 0.189716 0.0203332 0.0283889 0.524877
3 0.624374 0.313623 0.0157943 0.037208 0.515596
3 0.336331 0.36221 0.0184275 0.0367667 0.51157
3 0.949196 0.979074 0.0408291 0.0390726 0.509403
4 0.422448 0.645422 0.0181638 0.0499175 0.483201
3 0.677994 0.294737 0.0185703 0.0363042 0.482566
4 0.29941 0.104835 0.0231489 0.0235934 0.478731
3 0.82274 0.287718 0.0253124 0.0241171 0.475508
3 0.748077 0.192979 0.0208987 0.0356355 0.473972
3 0.520722 0.668326 0.0244125 0.0493616 0.473371
3 0.827871 0.295406 0.0255724 0.0267703 0.46887
3 0.8008 0.335757 0.0196749 0.032478 0.464488
3 0.564708 0.443974 0.0186028 0.0430474 0.449676
3 0.33922 0.0762672 0.0196248 0.0201171 0.448627
3 0.840071 0.315658 0.0232452 0.0251707 0.447664
4 0.614763 0.118374 0.025317 0.0237025 0.445051
3 0.569506 0.0235117 0.0217954 0.0210278 0.436849
4 0.565455 0.443707 0.0192791 0.041394 0.434393
3 0.718454 0.25989 0.017803 0.0320875 0.424634
3 0.654916 0.49939 0.0223494 0.0442258 0.419953
3 0.611277 0.0153964 0.0177081 0.0193338 0.419169
0 0.430112 0.587011 0.00569628 0.0205268 0.416216
3 0.692495 0.2865 0.0199314 0.0422289 0.415595
3 0.230036 0.170754 0.0101728 0.0256916 0.410919
3 0.299417 0.105132 0.0233492 0.0235831 0.41011
3 0.795917 0.332702 0.0262506 0.0369112 0.410034
4 0.64496 0.220388 0.0172645 0.0376261 0.40687
3 0.603112 0.0896311 0.0226644 0.0206234 0.40246
4 0.416496 0.425547 0.0270212 0.0442805 0.391602
3 0.676713 0.368793 0.0195776 0.0373612 0.389177
3 0.583682 0.398992 0.0213713 0.0367535 0.388208
3 0.578395 0.161356 0.0247599 0.0218482 0.382647
3 0.666789 0.300904 0.0170953 0.0375126 0.377171
3 0.743713 0.248737 0.0188602 0.0263892 0.372683
4 0.880933 0.412948 0.0269276 0.0408784 0.368812
3 0.683012 0.367 0.0155341 0.0385935 0.366428
3 0.573555 0.529505 0.0253057 0.0381524 0.366209
5 0.3803 0.486364 0.0247273 0.0517156 0.364137
3 0.88027 0.41309 0.0285808 0.0409264 0.357596
3 0.674036 0.299321 0.0219314 0.0368843 0.355984
3 0.661037 0.272261 0.0182155 0.0261771 0.347444
3 0.610652 0.236607 0.0149095 0.0282931 0.347353
3 0.657217 0.0408182 0.0200806 0.018535 0.344244
3 0.618957 0.230659 0.0182024 0.0346712 0.344058
3 0.417046 0.425215 0.0267707 0.0423592 0.342946
3 0.395343 0.527332 0.0228331 0.0323787 0.339236
3 0.235502 0.240691 0.0114799 0.0291505 0.330638
3 0.782121 0.374736 0.021997 0.042552 0.327864
3 0.634375 0.167571 0.0184912 0.0205887 0.323821
3 0.627978 0.150762 0.0215415 0.0206705 0.313505
0 0.20496 0.425756 0.00565257 0.0180276 0.310373
3 0.616025 0.51335 0.0224863 0.0448209 0.306918
4 0.399943 0.552401 0.0256048 0.0563344 0.302366
3 0.623904 0.226366 0.0177979 0.0385661 0.296154
3 0.833876 0.299426 0.0285916 0.0300963 0.295919
3 0.770795 0.458053 0.0249559 0.0478832 0.286064
3 0.595483 0.0707642 0.0171032 0.0198223 0.286036
3 0.835019 0.308214 0.0292807 0.0270858 0.286002
3 0.644887 0.221268 0.0170295 0.0384062 0.283682
3 0.658834 0.403818 0.0211777 0.0496981 0.273478
3 0.534963 0.428065 0.0185433 0.0400894 0.256532
3 0.256843 0.0132439 0.00635165 0.018311 0.251473
3 0.753525 0.465081 0.0261893 0.0506008 0.250759
