8 0.614402 0.825626 0.0841575 0.343327 0.910885
3 0.407501 0.893987 0.0409944 0.141967 0.854815
8 0.409763 0.430566 0.0395048 0.155962 0.843785
3 0.467834 0.702237 0.0298843 0.0878928 0.84293
3 0.398893 0.563265 0.0290006 0.0616333 0.837298
3 0.351033 0.608552 0.0342518 0.0748653 0.830844
8 0.471797 0.496335 0.0379994 0.185088 0.824665
3 0.444096 0.437866 0.0213686 0.0444971 0.824144
3 0.439826 0.290605 0.039012 0.0271166 0.803189
3 0.827223 0.325638 0.0444938 0.0303485 0.77957
3 0.767066 0.327453 0.0378988 0.0333904 0.702909
4 0.696133 0.339824 0.0417322 0.0368865 0.69994
3 0.661928 0.283035 0.0379324 0.0313334 0.632629
3 0.725312 0.297551 0.0367577 0.0302518 0.602679
3 0.677508 0.299362 0.0385815 0.0278211 0.582203
3 0.68051 0.304741 0.0378149 0.0288638 0.553524
3 0.526543 0.252259 0.0244242 0.0260668 0.526523
0 0.235479 0.526358 0.0112054 0.028617 0.515476
0 0.676924 0.501953 0.00869502 0.0317948 0.507908
0 0.788097 0.479027 0.00778381 0.0303787 0.46819
0 0.692928 0.531428 0.00763428 0.0361683 0.460866
0 0.657043 0.326303 0.00705148 0.0247365 0.452317
3 0.688095 0.318646 0.0357829 0.0277481 0.40346
8 0.38282 0.427255 0.0259066 0.0894028 0.399052
0 0.690422 0.532645 0.00847617 0.0391929 0.374223
3 0.35034 0.252808 0.0278637 0.0312304 0.368743
0 0.19532 0.511969 0.00890568 0.0259366 0.358327
3 0.666382 0.286017 0.0375513 0.0335293 0.35751
0 0.755639 0.724552 0.0106916 0.0355666 0.355397
3 0.727263 0.301953 0.0333683 0.032164 0.338693
0 0.797827 0.504553 0.0082598 0.0285779 0.328385
0 0.726824 0.437402 0.00904824 0.0256303 0.310059
0 0.788811 0.483386 0.00991804 0.0295662 0.296389
0 0.690203 0.471128 0.00861995 0.0322403 0.286438
0 0.657765 0.449495 0.00727988 0.0310365 0.283805
0 0.270083 0.525798 0.0119249 0.0253635 0.279069
0 0.68623 0.53981 0.00996473 0.0306546 0.250353
