3 0.307007 0.902961 0.0727337 0.0672859 0.89971
3 0.382717 0.881769 0.0299498 0.0741346 0.859335
3 0.473828 0.778338 0.0639862 0.0476341 0.859125
3 0.917693 0.841943 0.0760105 0.0531004 0.832936
3 0.352064 0.765236 0.0467519 0.054229 0.820583
3 0.129106 0.625485 0.0466464 0.0277715 0.811167
3 0.18266 0.688373 0.0509124 0.0337473 0.805407
3 0.853015 0.74796 0.0592014 0.0366949 0.799733
3 0.231592 0.859073 0.0705005 0.0579181 0.779492
3 0.0397457 0.606861 0.0423597 0.0243554 0.760166
0 0.642084 0.96023 0.0122507 0.0317988 0.737098
3 0.231038 0.610628 0.0453397 0.0254751 0.735501
0 0.544376 0.852136 0.00962982 0.0296269 0.686491
8 0.765442 0.778709 0.165517 0.107494 0.676814
0 0.54468 0.793356 0.00842381 0.0272803 0.651153
4 0.942212 0.795048 0.0982115 0.0763131 0.629972
2 0.294714 0.811476 0.0171485 0.0226743 0.617734
3 0.170211 0.6343 0.0292153 0.0243087 0.604652
0 0.610938 0.716174 0.00712585 0.024653 0.579942
7 0.389756 0.699854 0.0274377 0.0273008 0.577768
0 0.444856 0.664641 0.00725538 0.0228081 0.481822
0 0.438343 0.713121 0.00849134 0.02452 0.477694
3 0.106303 0.695986 0.0545204 0.0379544 0.43433
7 0.350602 0.693969 0.0306437 0.0265902 0.43317
0 0.522303 0.637526 0.00711108 0.0180252 0.429515
0 0.419792 0.604697 0.00732897 0.0202227 0.405708
0 0.52183 0.677966 0.00650164 0.0217106 0.361944
0 0.455006 0.628957 0.00609885 0.0195546 0.360444
3 0.00692802 0.592572 0.013856 0.0250244 0.359201
3 0.0710327 0.579065 0.0327449 0.0269376 0.355017
0 0.510637 0.623433 0.00877428 0.0160629 0.350703
2 0.265405 0.803944 0.0219661 0.0243168 0.348562
0 0.512082 0.624009 0.00596636 0.0170596 0.34707
4 0.606235 0.495412 0.013538 0.0252378 0.345375
0 0.665754 0.743966 0.00756605 0.0205681 0.344846
0 0.323205 0.814935 0.0103803 0.0288993 0.335678
3 0.600842 0.475125 0.0129267 0.0160327 0.332066
0 0.492787 0.586326 0.00610774 0.0175581 0.325363
1 0.423121 0.993729 0.0159208 0.0125426 0.3204
0 0.110884 0.64628 0.00936368 0.0184731 0.320248
2 0.604061 0.902964 0.014088 0.0346425 0.317501
9 0.275969 0.68721 0.0145478 0.0195709 0.315621
0 0.524077 0.641528 0.00619171 0.0198685 0.304087
3 0.590479 0.364747 0.00786625 0.0128685 0.303028
0 0.469439 0.59875 0.00686188 0.0196381 0.299552
3 0.236623 0.612448 0.0511589 0.027315 0.298411
0 0.492191 0.564497 0.00488682 0.0161616 0.294322
0 0.535019 0.645503 0.00773507 0.0197643 0.293206
3 0.496796 0.4466 0.022129 0.0151235 0.273597
2 0.265738 0.807688 0.0236254 0.0211774 0.27089
0 0.470417 0.601386 0.006361 0.0190773 0.270105
0 0.527287 0.592162 0.00795986 0.0196172 0.265711
0 0.322477 0.809405 0.0104908 0.0360063 0.261445
3 0.589951 0.368399 0.00825941 0.013265 0.252206
0 0.483779 0.560394 0.00632193 0.0184492 0.251633
