8 0.812945 0.500132 0.141359 0.141137 0.911814
3 0.647731 0.500939 0.0576011 0.0557213 0.864391
8 0.701195 0.423834 0.0749686 0.071389 0.863358
3 0.801964 0.426912 0.0504899 0.0483839 0.86259
3 0.97657 0.435371 0.0456553 0.0466285 0.832892
3 0.596542 0.737647 0.0797494 0.0751291 0.825275
3 0.743276 0.452096 0.0462131 0.0474352 0.823153
3 0.86143 0.395444 0.0538641 0.0502423 0.808818
3 0.901882 0.471975 0.0473135 0.0483077 0.807813
8 0.895913 0.322258 0.102201 0.0976146 0.778731
8 0.943646 0.37696 0.112708 0.123844 0.73891
3 0.480025 0.887301 0.0845764 0.075377 0.699876
3 0.978271 0.303779 0.0434583 0.0510904 0.604486
3 0.834957 0.443026 0.0427807 0.0442504 0.465621
3 0.986702 0.393807 0.0265957 0.0487928 0.440599
5 0.896653 0.317301 0.0995114 0.0852307 0.415935
5 0.394981 0.569241 0.140959 0.0985892 0.356877
0 0.484954 0.405322 0.00913452 0.0275867 0.288364
