0 0.420589 0.897011 0.0084007 0.0193455 0.644525
0 0.415153 0.932266 0.00815077 0.0207149 0.631773
0 0.508532 0.662022 0.0071545 0.0250799 0.592785
0 0.418472 0.983618 0.00755654 0.0188664 0.561065
0 0.477967 0.694784 0.00827807 0.025159 0.505005
0 0.395059 0.92888 0.00794983 0.0194911 0.457242
0 0.405398 0.924758 0.0077478 0.0174878 0.4451
0 0.620024 0.282955 0.00606402 0.0204482 0.41269
0 0.520743 0.506525 0.00652008 0.0206812 0.338067
0 0.506007 0.5264 0.00748003 0.0183079 0.335568
0 0.483946 0.698173 0.00760978 0.0269587 0.332921
0 0.602318 0.171901 0.00787249 0.0175688 0.325521
0 0.453203 0.716866 0.00931911 0.0216269 0.325001
0 0.508722 0.560176 0.00807151 0.0208958 0.299901
0 0.510405 0.565803 0.00811083 0.0235627 0.289358
0 0.482578 0.698068 0.010244 0.0292996 0.281376
0 0.535462 0.503531 0.00843297 0.0242796 0.274745
0 0.540308 0.474508 0.00798235 0.0223918 0.274595
0 0.413802 0.927554 0.00799125 0.01916 0.273389
0 0.554655 0.0622968 0.00592364 0.0200334 0.270934
9 0.483474 0.632953 0.0116541 0.0281513 0.259771
