0 0.501522 0.313101 0.00989075 0.0409073 0.705012
0 0.49082 0.0767941 0.00876923 0.0408701 0.69645
0 0.51972 0.01975 0.00968179 0.0368596 0.67053
0 0.509252 0.105226 0.0107408 0.0507807 0.642768
0 0.518556 0.310338 0.0114288 0.0478818 0.621245
0 0.496853 0.102879 0.0096235 0.0447353 0.603879
0 0.48162 0.154268 0.00929422 0.0404501 0.588689
0 0.47396 0.0915407 0.0104418 0.0484569 0.587947
0 0.480514 0.188562 0.0115675 0.0476523 0.563726
0 0.465933 0.570132 0.0117187 0.0427139 0.562356
0 0.475678 0.599632 0.0134566 0.0567499 0.54486
0 0.498663 0.20014 0.00984144 0.0440034 0.537424
0 0.52694 0.112823 0.0107445 0.0459288 0.514772
0 0.520443 0.411853 0.011934 0.0455184 0.506252
0 0.478054 0.406911 0.00829655 0.0313571 0.495019
0 0.515345 0.438782 0.0113416 0.0390953 0.494507
0 0.504108 0.374722 0.0118846 0.0450439 0.485779
0 0.499087 0.376218 0.0106943 0.0410898 0.462427
0 0.563409 0.155765 0.0107094 0.0415168 0.453686
0 0.451916 0.56568 0.0127787 0.053359 0.446414
0 0.495367 0.09915 0.0095602 0.0457997 0.373138
0 0.475432 0.0902591 0.011681 0.0422226 0.365199
0 0.553695 0.15495 0.00915471 0.043892 0.361205
9 0.463368 0.474559 0.0149272 0.0610848 0.328444
9 0.460251 0.491855 0.0166413 0.069367 0.32591
0 0.518469 0.419006 0.0129286 0.0535844 0.325607
9 0.462054 0.482166 0.0166701 0.0732277 0.320701
0 0.567684 0.110004 0.00937862 0.0399186 0.307227
9 0.459187 0.501385 0.0141862 0.0527974 0.297545
0 0.479982 0.19499 0.010471 0.0469041 0.259976
