0 0.778151 0.913675 0.0110059 0.0319079 0.804745
0 0.66845 0.153702 0.00679435 0.0318796 0.634251
0 0.658378 0.0688583 0.00646772 0.0287095 0.615171
0 0.842148 0.741386 0.0112287 0.0395179 0.599021
0 0.630955 0.0280671 0.0067341 0.0271387 0.545328
0 0.691299 0.08698 0.00627481 0.0264676 0.514132
0 0.669908 0.045731 0.00715637 0.0316759 0.493294
0 0.717486 0.0910318 0.00600499 0.027112 0.488557
0 0.677054 0.125687 0.00839443 0.027485 0.482882
0 0.670284 0.0579685 0.00687448 0.0251868 0.467529
0 0.851028 0.687837 0.0116695 0.0261745 0.444786
0 0.681233 0.092961 0.00633946 0.0265649 0.437328
0 0.686692 0.0366337 0.00617035 0.0278769 0.431042
0 0.715259 0.0249385 0.00736424 0.0297853 0.411092
0 0.656648 0.15987 0.00689427 0.0219901 0.410756
0 0.715001 0.0351038 0.00767726 0.0260767 0.407183
0 0.689967 0.120285 0.0076787 0.0233975 0.395569
0 0.677956 0.0231798 0.00668413 0.0227199 0.38808
0 0.690068 0.0822307 0.00626556 0.0313417 0.381533
0 0.714096 0.0328078 0.00677032 0.0270235 0.323697
0 0.690423 0.0755111 0.00698948 0.0298248 0.314395
0 0.708938 0.0272886 0.00580231 0.0275659 0.303599
0 0.655788 0.0244024 0.00647814 0.02423 0.299119
0 0.663619 0.0366434 0.005576 0.0300961 0.276877
0 0.772034 0.0217491 0.00661516 0.0156672 0.259396
