3 0.850697 0.245715 0.0313162 0.0145011 0.756992
3 0.262455 0.31864 0.0385325 0.0222757 0.729661
8 0.840423 0.15202 0.0441543 0.0251754 0.669654
3 0.323442 0.274932 0.0273468 0.0165298 0.652754
0 0.236104 0.457748 0.00883998 0.0274328 0.649287
0 0.316705 0.474838 0.0086424 0.0265628 0.640098
0 0.536191 0.55787 0.0101881 0.0413724 0.630768
0 0.408886 0.691854 0.0166761 0.0444609 0.625009
0 0.50545 0.556567 0.0109629 0.0374504 0.620577
0 0.245769 0.457972 0.00846967 0.0281659 0.607348
3 0.310066 0.284499 0.0269191 0.0172385 0.606282
0 0.537459 0.519416 0.00859619 0.0317514 0.583968
0 0.522591 0.558152 0.0109615 0.0370829 0.579411
0 0.336812 0.780274 0.0185296 0.0502485 0.574882
5 0.711477 0.147953 0.0304633 0.019309 0.512313
8 0.743812 0.152202 0.0369093 0.0191086 0.509693
0 0.286003 0.473531 0.00953088 0.0265514 0.497029
3 0.669449 0.152209 0.0169247 0.0122667 0.491778
3 0.359675 0.247854 0.0194799 0.0141703 0.480129
3 0.336952 0.262704 0.0237204 0.0142995 0.478495
3 0.86924 0.169 0.0137443 0.0120476 0.472142
3 0.369074 0.244313 0.029204 0.0140535 0.448568
0 0.523214 0.547468 0.00991634 0.0390484 0.447513
0 0.53466 0.553425 0.0113307 0.0383386 0.441286
0 0.330093 0.296302 0.00591446 0.0158693 0.431324
0 0.509062 0.55436 0.012451 0.0385445 0.43105
3 0.387754 0.230842 0.0215798 0.0120446 0.431035
0 0.523751 0.536081 0.0103986 0.0385452 0.427854
3 0.337639 0.259751 0.0236169 0.01644 0.420528
0 0.302345 0.3039 0.00783877 0.0142529 0.39027
0 0.336112 0.799531 0.0168413 0.0520589 0.360416
0 0.537951 0.556481 0.0116578 0.0414124 0.347784
3 0.374317 0.243623 0.0231003 0.0145958 0.332534
3 0.338195 0.256482 0.0227199 0.0173948 0.315797
0 0.297603 0.470991 0.00919924 0.0248801 0.309608
0 0.300572 0.469542 0.0113704 0.024139 0.303681
0 0.795375 0.188269 0.00421561 0.009707 0.300725
0 0.411428 0.693052 0.0153312 0.0431831 0.250816
