0 0.597279 0.316679 0.0132928 0.0338095 0.813501
0 0.63147 0.0803209 0.0117866 0.0401985 0.808281
0 0.353988 0.295485 0.0110507 0.0417039 0.804518
0 0.915603 0.0569766 0.0175816 0.0368481 0.789672
0 0.776504 0.0508444 0.0142012 0.0370392 0.780596
0 0.521753 0.605816 0.0123947 0.0362775 0.767752
0 0.0977048 0.659942 0.0206321 0.0255092 0.75879
0 0.600905 0.0793121 0.0112871 0.0331814 0.691059
0 0.435049 0.365687 0.0107326 0.046471 0.67666
0 0.793863 0.0156062 0.0116871 0.0312124 0.626019
0 0.102776 0.55102 0.0209151 0.0321758 0.583557
0 0.345658 0.256742 0.0148338 0.0287954 0.58203
0 0.104143 0.587438 0.0216605 0.0295902 0.535964
0 0.33052 0.979386 0.0170441 0.0219909 0.528111
0 0.283783 0.153739 0.0160927 0.0439212 0.477638
0 0.441803 0.012642 0.0140635 0.02332 0.470879
0 0.336257 0.0332355 0.0124639 0.0397691 0.447489
0 0.011178 0.469927 0.0221046 0.0328735 0.445024
0 0.263524 0.261614 0.0125037 0.0320235 0.399543
0 0.338489 0.037052 0.0113636 0.0384556 0.393784
0 0.0977103 0.601889 0.0208259 0.0267869 0.384573
0 0.0244738 0.96219 0.0197823 0.0307112 0.377914
0 0.866681 0.843455 0.0127538 0.0235185 0.366721
0 0.106103 0.467769 0.023557 0.030538 0.366423
0 0.0561547 0.964543 0.0198429 0.0292561 0.365521
0 0.0953952 0.532715 0.022008 0.0238127 0.353801
0 0.0451007 0.946421 0.0202355 0.0267798 0.329515
1 0.16866 0.400665 0.0178619 0.0288159 0.321297
0 0.0595421 0.972178 0.0217981 0.025819 0.313512
0 0.103206 0.594131 0.0234584 0.0325718 0.309282
0 0.792189 0.0141188 0.0146107 0.0282376 0.306542
0 0.263409 0.177766 0.0131673 0.0360719 0.304615
0 0.260646 0.224966 0.0120411 0.0251959 0.301919
0 0.102176 0.513682 0.0223222 0.0305365 0.301076
0 0.0351228 0.922638 0.0225958 0.0246856 0.293279
1 0.181294 0.37846 0.0194879 0.0287764 0.293274
0 0.300474 0.097754 0.0141406 0.0314624 0.258425
0 0.0485587 0.935445 0.0225716 0.0231949 0.25765
0 0.0610124 0.976902 0.0213743 0.0234324 0.255535
0 0.284231 0.144791 0.0137362 0.0329999 0.252328
