0 0.345538 0.121422 0.0103892 0.0367944 0.690514
9 0.597715 0.559649 0.0269976 0.0368906 0.643333
0 0.335147 0.127758 0.0104147 0.0371914 0.630259
5 0.186606 0.437049 0.0852865 0.165725 0.58104
0 0.402869 0.311272 0.00922062 0.0291606 0.550787
0 0.597646 0.371515 0.0107083 0.0336906 0.533542
0 0.468479 0.421619 0.0108816 0.0348551 0.511742
0 0.398842 0.902114 0.0133266 0.0242532 0.506543
0 0.450944 0.799897 0.0107451 0.0328767 0.506258
0 0.296899 0.0337191 0.0108844 0.0347341 0.494743
8 0.0735161 0.327508 0.109074 0.151476 0.492352
0 0.306242 0.106689 0.0112851 0.0354866 0.491324
0 0.432899 0.325678 0.00883885 0.025279 0.488415
0 0.388932 0.886446 0.0138217 0.0234213 0.486583
0 0.67844 0.975453 0.0137039 0.0210233 0.481073
9 0.242629 0.0459937 0.026431 0.0327113 0.468929
9 0.772553 0.851359 0.0338446 0.0536533 0.463947
0 0.320036 0.0990742 0.00928903 0.0306962 0.457419
0 0.485037 0.483913 0.0094679 0.0244597 0.452129
9 0.816444 0.951167 0.0325191 0.0555864 0.447529
0 0.456768 0.451012 0.0108131 0.0286436 0.434488
0 0.434152 0.359627 0.008926 0.0277136 0.424799
0 0.456066 0.325164 0.00909598 0.0283552 0.424094
0 0.306888 0.0514846 0.0108573 0.0370342 0.420885
9 0.802491 0.933016 0.0341436 0.0598157 0.417638
0 0.440823 0.306381 0.00840607 0.0280695 0.412033
0 0.280083 0.0224527 0.0115245 0.0372566 0.411959
9 0.685638 0.656561 0.0271406 0.0528475 0.402188
9 0.666273 0.733119 0.0242748 0.02825 0.401042
9 0.569353 0.467765 0.0235031 0.0279428 0.395384
0 0.438355 0.180658 0.00912532 0.0381324 0.390043
9 0.777279 0.858886 0.0373723 0.0475867 0.386644
7 0.467559 0.552623 0.0247591 0.064001 0.383759
0 0.457322 0.312999 0.0118099 0.0384543 0.3789
9 0.799598 0.935648 0.0285619 0.0500404 0.37158
9 0.70415 0.712254 0.0240707 0.041246 0.370501
9 0.580783 0.452764 0.0336744 0.0342863 0.364499
9 0.828964 0.971646 0.0305496 0.0422909 0.356005
0 0.00618277 0.180699 0.0121628 0.0197692 0.347079
2 0.572821 0.502835 0.020253 0.0375585 0.346616
9 0.576135 0.453174 0.030196 0.0317401 0.342471
9 0.673339 0.64509 0.0211023 0.0601425 0.337097
9 0.494218 0.0390739 0.016781 0.039645 0.336924
9 0.77739 0.899747 0.0311755 0.041241 0.335409
0 0.583686 0.391677 0.00951603 0.0206843 0.334963
9 0.378086 0.353147 0.0188416 0.0319242 0.334877
9 0.233345 0.0250389 0.0295301 0.0325677 0.33128
0 0.0278171 0.39445 0.0157269 0.0337782 0.32779
9 0.772922 0.912566 0.0242049 0.0384774 0.323844
5 0.383548 0.724779 0.0803177 0.115236 0.318225
5 0.156349 0.368589 0.0748603 0.12349 0.307733
9 0.560685 0.313606 0.0104048 0.045336 0.304597
4 0.151691 0.301982 0.0680473 0.10189 0.303262
9 0.837969 0.973731 0.0375538 0.0475383 0.299465
0 0.446524 0.32161 0.0119421 0.028412 0.297529
9 0.822728 0.951558 0.0299288 0.0570295 0.289387
6 0.467617 0.552369 0.0249395 0.0664129 0.287055
9 0.486757 0.234157 0.0245813 0.0346386 0.286419
9 0.459134 0.261114 0.0149151 0.025096 0.272534
9 0.483667 0.238301 0.0253889 0.0387207 0.270115
9 0.392551 0.376801 0.0250789 0.0375241 0.265666
9 0.612048 0.591409 0.0273391 0.0310369 0.263095
9 0.619924 0.599863 0.0335923 0.0374472 0.260425
9 0.626121 0.601665 0.0351422 0.0445 0.258361
9 0.688288 0.661456 0.0272121 0.049008 0.256431
9 0.639956 0.636831 0.0441854 0.0768771 0.254658
9 0.679105 0.650787 0.0277578 0.0572064 0.254324
