3 0.71936 0.872239 0.13166 0.136333 0.920551
3 0.653843 0.504604 0.100378 0.0970451 0.91737
3 0.636786 0.431738 0.0921795 0.0818888 0.908
3 0.448818 0.411426 0.0907413 0.0685425 0.898889
4 0.42051 0.690868 0.137897 0.0964303 0.894643
3 0.410261 0.61696 0.116943 0.0790365 0.884326
4 0.423937 0.783451 0.117032 0.0844993 0.883736
3 0.600321 0.320608 0.0755537 0.0663489 0.883
3 0.343365 0.3745 0.0925505 0.0668902 0.878177
3 0.67242 0.180706 0.076857 0.0538786 0.875252
3 0.437505 0.262327 0.0812697 0.0618006 0.870396
3 0.760332 0.947199 0.123826 0.105603 0.86841
3 0.342415 0.427511 0.0979194 0.0745352 0.866868
3 0.663856 0.119056 0.0393307 0.0681559 0.862642
3 0.0262394 0.40032 0.0524506 0.132192 0.851018
3 0.620721 0.360607 0.0689108 0.0630947 0.841144
3 0.359213 0.485228 0.100865 0.0725292 0.836498
3 0.710911 0.761358 0.123293 0.130105 0.796068
4 0.613396 0.267155 0.0771309 0.0603187 0.751525
3 0.620855 0.100943 0.0345037 0.0645424 0.745925
3 0.585326 0.108561 0.0344659 0.0682624 0.7233
3 0.709332 0.252448 0.0805695 0.0546426 0.722596
3 0.822125 0.799807 0.0795547 0.133639 0.455067
3 0.44475 0.971974 0.161768 0.056051 0.436553
5 0.614096 0.26718 0.0783283 0.0586787 0.368975
4 0.446084 0.971236 0.161949 0.0575289 0.349669
