3 0.265051 0.945547 0.0719358 0.0721817 0.912681
3 0.632326 0.88051 0.0568714 0.0718852 0.894312
3 0.549235 0.574805 0.0230402 0.0592215 0.871844
3 0.410124 0.60144 0.0264242 0.0679415 0.866359
3 0.532722 0.458073 0.0493752 0.0350785 0.864662
3 0.545902 0.324102 0.0214279 0.0425771 0.861946
3 0.514574 0.587729 0.0244768 0.0651168 0.858779
3 0.547506 0.716721 0.0245384 0.0711032 0.852982
3 0.515393 0.512338 0.0237688 0.0610103 0.849881
3 0.435508 0.361629 0.0216917 0.0429892 0.846801
3 0.404701 0.681776 0.0278938 0.0775412 0.845415
3 0.546731 0.511196 0.0237356 0.0572664 0.817467
3 0.525853 0.056325 0.0261658 0.0312704 0.809718
3 0.133066 0.98418 0.0778929 0.0316399 0.808582
3 0.432131 0.410544 0.0223772 0.0540931 0.806414
3 0.446254 0.267387 0.0203971 0.0432328 0.804457
3 0.546894 0.647222 0.0209314 0.0609349 0.803534
3 0.381007 0.864058 0.0286469 0.0851007 0.785898
3 0.566177 0.175646 0.0359739 0.0259923 0.782588
3 0.467915 0.0398967 0.0153078 0.0288581 0.759126
3 0.548766 0.0875178 0.0155021 0.0276136 0.741573
3 0.440873 0.312858 0.0215874 0.0518029 0.740907
9 0.60351 0.77337 0.0201728 0.0223007 0.731021
3 0.562398 0.154345 0.0374523 0.0240456 0.680294
3 0.550736 0.0324432 0.0168256 0.0277311 0.660406
3 0.470873 0.0133028 0.0140547 0.0252926 0.658352
3 0.511266 0.680793 0.0269151 0.0742766 0.653599
9 0.595499 0.743329 0.0188167 0.0218403 0.652941
3 0.439391 0.18833 0.0358524 0.0250707 0.648829
9 0.393124 0.77031 0.0263164 0.016937 0.639908
3 0.441059 0.156605 0.0371861 0.0263744 0.636765
9 0.583269 0.700972 0.0221864 0.0246905 0.60512
9 0.637793 0.989038 0.032498 0.0219242 0.604092
3 0.445993 0.128524 0.0356877 0.0222636 0.59941
4 0.511714 0.680825 0.0251303 0.0760182 0.592399
9 0.566031 0.854566 0.0202128 0.0341634 0.568877
3 0.444672 0.227919 0.0250139 0.0377159 0.550402
3 0.442514 0.139055 0.0373341 0.0205623 0.549693
9 0.397578 0.730402 0.0286102 0.0168291 0.542507
9 0.548704 0.254538 0.0186222 0.0173755 0.539101
9 0.393417 0.746789 0.0329945 0.0233389 0.518465
3 0.46942 0.0172216 0.0140753 0.0289778 0.474881
0 0.367148 0.94403 0.00749684 0.0136701 0.460136
9 0.552022 0.231244 0.0144316 0.0174442 0.452911
0 0.372008 0.768342 0.0105013 0.0197553 0.451329
0 0.168076 0.938981 0.00979622 0.0198069 0.443331
0 0.407448 0.870176 0.0100169 0.0143677 0.3956
3 0.56476 0.140241 0.0361346 0.0226451 0.392692
3 0.549956 0.0388017 0.0164322 0.0269116 0.378751
9 0.551405 0.234471 0.0179226 0.0160996 0.350957
3 0.456432 0.0972335 0.0222948 0.0286829 0.322433
3 0.459982 0.0786215 0.0199961 0.0257684 0.313736
0 0.531017 0.612536 0.00810595 0.0235245 0.279913
9 0.548263 0.43309 0.0211804 0.0183244 0.265969
