5 0.169053 0.153815 0.0818776 0.0639772 0.778514
3 0.162046 0.368143 0.0742853 0.0493056 0.718553
3 0.165086 0.490272 0.0545769 0.0483891 0.663586
5 0.166982 0.261315 0.0826271 0.0575288 0.648771
5 0.158916 0.316109 0.0889644 0.0565175 0.530342
3 0.185499 0.0945053 0.0729632 0.0591741 0.523304
0 0.402545 0.409322 0.00761653 0.0212564 0.34805
4 0.168763 0.417059 0.0600135 0.0573336 0.34651
0 0.414301 0.418032 0.00891684 0.0203279 0.3156
4 0.165738 0.551453 0.0855811 0.0597189 0.312242
3 0.181654 0.208994 0.0749228 0.0562459 0.297835
0 0.412518 0.420439 0.00576896 0.0255442 0.289764
0 0.410296 0.596577 0.00817182 0.0191663 0.281842
0 0.408446 0.414447 0.00633872 0.0249985 0.273745
