3 0.500688 0.822591 0.093615 0.0846113 0.910905
3 0.376703 0.699275 0.0424068 0.0430799 0.875373
3 0.315454 0.648699 0.0334652 0.0314103 0.86458
3 0.27707 0.605679 0.0219856 0.0219169 0.81888
3 0.244947 0.582017 0.0185849 0.0169231 0.746685
3 0.205321 0.551005 0.0151339 0.0147339 0.639241
3 0.19837 0.539004 0.0134195 0.0107325 0.575791
3 0.227029 0.563207 0.0132792 0.0139554 0.537328
3 0.117175 0.539911 0.0130965 0.00844779 0.533328
3 0.296672 0.545958 0.0204762 0.0106106 0.49737
3 0.133405 0.541815 0.0125911 0.0101329 0.465825
3 0.206762 0.54891 0.0165987 0.0121617 0.409597
3 0.213803 0.54499 0.0106134 0.0113299 0.376075
3 0.236457 0.570522 0.0161548 0.0169908 0.344471
3 0.137543 0.543023 0.0128155 0.0100011 0.333889
3 0.135405 0.543363 0.0137421 0.0133324 0.312247
3 0.229632 0.564704 0.0164203 0.0159269 0.29437
3 0.201785 0.545938 0.0149315 0.0129189 0.274175
3 0.211325 0.530775 0.010911 0.0116788 0.264057
