3 0.669357 0.802534 0.0741747 0.049977 0.874577
3 0.701289 0.940555 0.0860784 0.0593578 0.861879
3 0.857808 0.936963 0.0939642 0.0580096 0.836735
3 0.689766 0.890491 0.0760053 0.055629 0.83473
3 0.201116 0.484392 0.0384284 0.022015 0.813546
5 0.511957 0.60707 0.0290573 0.0624301 0.811962
0 0.664998 0.627993 0.00788518 0.0231178 0.620506
0 0.674617 0.634307 0.00765494 0.0252719 0.550799
3 0.499082 0.37062 0.010685 0.0153351 0.527183
3 0.266672 0.34191 0.026175 0.0152584 0.514726
3 0.271862 0.337046 0.0214065 0.0127704 0.48325
3 0.885385 0.979891 0.106387 0.0402184 0.474899
3 0.51625 0.277889 0.0133839 0.0104728 0.465393
9 0.211097 0.425548 0.0108126 0.0123028 0.386298
3 0.494034 0.254591 0.00905914 0.0105698 0.377425
0 0.615919 0.740751 0.00859244 0.0269058 0.335164
1 0.467424 0.397774 0.00439723 0.0122771 0.324767
0 0.673261 0.633598 0.00902649 0.0226855 0.29516
3 0.509282 0.293232 0.0142715 0.0114339 0.285684
3 0.510216 0.241935 0.0106132 0.00842393 0.284404
9 0.467452 0.400697 0.00487061 0.0152954 0.276045
3 0.519295 0.29304 0.0145504 0.0117787 0.253027
