3 0.718363 0.482435 0.0386372 0.0777216 0.878986
3 0.568772 0.527669 0.0407454 0.0785063 0.877439
3 0.203817 0.140585 0.0255009 0.0713524 0.875224
3 0.40136 0.799782 0.0273123 0.103361 0.867922
3 0.165247 0.0765064 0.0251117 0.0684544 0.855464
3 0.358378 0.613232 0.0252073 0.0909523 0.850461
3 0.431668 0.550303 0.0238742 0.0833699 0.84851
3 0.371609 0.937862 0.0276449 0.117498 0.848315
3 0.463123 0.534798 0.022007 0.0836967 0.843876
3 0.476797 0.797532 0.0238419 0.10538 0.800278
3 0.404503 0.329363 0.023687 0.0835205 0.799148
3 0.43818 0.791418 0.0243845 0.115336 0.785566
3 0.513372 0.797766 0.0218964 0.0906788 0.777614
3 0.939708 0.953496 0.0344294 0.0919938 0.766393
0 0.783286 0.940098 0.0156311 0.0173301 0.331155
