3 0.261722 0.788842 0.0357894 0.0814835 0.883876
3 0.365038 0.859837 0.0356288 0.0814451 0.879211
3 0.220354 0.959585 0.0433508 0.08059 0.85145
3 0.408313 0.0901526 0.0312323 0.0707638 0.845298
3 0.421135 0.027584 0.0291609 0.054974 0.82868
3 0.240742 0.873852 0.0363048 0.0831034 0.805113
3 0.414252 0.592223 0.0316915 0.0714055 0.797172
3 0.3543 0.336066 0.0362635 0.0793243 0.788318
3 0.436789 0.488466 0.0361221 0.077838 0.754175
3 0.383164 0.767353 0.0376847 0.0814837 0.664314
9 0.228298 0.814558 0.0217062 0.0165695 0.654038
9 0.236987 0.763325 0.0207489 0.0133657 0.639704
3 0.389191 0.16807 0.0294826 0.065755 0.631901
9 0.217358 0.846409 0.0255538 0.0165565 0.63092
4 0.374356 0.239347 0.0308045 0.0735783 0.615251
4 0.337224 0.414804 0.0348038 0.0725824 0.60778
9 0.203193 0.906522 0.0257217 0.0184822 0.607126
3 0.337565 0.414836 0.034864 0.0722727 0.601982
9 0.211407 0.878215 0.0238469 0.014307 0.585433
9 0.239666 0.749526 0.0209287 0.0152591 0.553815
9 0.245697 0.721264 0.0227395 0.0176609 0.547304
9 0.232055 0.790709 0.0226479 0.0171097 0.529132
9 0.242046 0.735463 0.0232962 0.0139333 0.525424
4 0.388623 0.167868 0.029627 0.0660013 0.476603
9 0.211925 0.875305 0.0246296 0.0157135 0.467391
3 0.466347 0.307369 0.0315234 0.0850761 0.399668
3 0.374457 0.239729 0.0304296 0.0728684 0.3904
