0 0.779685 0.729031 0.0135991 0.0383793 0.826568
0 0.305627 0.897643 0.0113583 0.0341546 0.791113
0 0.60228 0.817616 0.012836 0.0392417 0.788229
0 0.671706 0.353977 0.0131849 0.0349641 0.785956
0 0.74013 0.53583 0.0159851 0.0357773 0.785475
0 0.919623 0.683681 0.0192399 0.0306665 0.77513
0 0.646431 0.849328 0.0125354 0.0349062 0.774603
0 0.302432 0.859485 0.0124013 0.0307195 0.769186
0 0.445853 0.631778 0.0201996 0.0377513 0.750833
0 0.45744 0.219277 0.0101603 0.036192 0.722224
0 0.350123 0.644852 0.0137691 0.0365701 0.721149
0 0.410223 0.793197 0.0157714 0.0295692 0.720096
0 0.309796 0.591914 0.012563 0.0332902 0.696847
0 0.532234 0.986715 0.011612 0.0244412 0.688827
0 0.338918 0.505561 0.0125458 0.0404521 0.653666
0 0.436166 0.313185 0.00989437 0.0336884 0.650715
0 0.422681 0.294329 0.0112987 0.0342161 0.622564
0 0.361768 0.471659 0.0139142 0.0453668 0.608589
0 0.222122 0.751372 0.016648 0.0368661 0.608361
0 0.246461 0.730804 0.0182888 0.0327869 0.59929
0 0.36148 0.260771 0.009945 0.0364317 0.566427
0 0.39642 0.350462 0.0108307 0.0378627 0.531643
0 0.212156 0.874256 0.0147688 0.0241657 0.484841
0 0.380789 0.393609 0.0118766 0.0340159 0.475104
0 0.377969 0.291307 0.0137905 0.0342847 0.469016
0 0.260663 0.690632 0.0164548 0.0306205 0.462163
0 0.250923 0.713081 0.0165937 0.0371041 0.446526
0 0.26696 0.66005 0.0170216 0.0286639 0.433497
0 0.391979 0.393739 0.00848428 0.0287622 0.43075
0 0.415198 0.31358 0.00907248 0.0354163 0.400713
0 0.262244 0.684739 0.0170314 0.0338184 0.394964
0 0.361932 0.31261 0.0107418 0.0419393 0.365634
0 0.379586 0.386775 0.0117925 0.039701 0.342981
0 0.3869 0.359872 0.0115308 0.0336529 0.338928
0 0.389094 0.352329 0.0117652 0.0388278 0.32969
0 0.363221 0.478432 0.0118504 0.0385303 0.313067
0 0.312621 0.591068 0.0125173 0.033181 0.295222
0 0.413442 0.319177 0.0114068 0.033816 0.293619
0 0.365296 0.424164 0.0128701 0.0372299 0.290595
0 0.470676 0.197736 0.0110956 0.0413686 0.278428
0 0.392032 0.395929 0.0105957 0.0314477 0.271245
0 0.404601 0.327999 0.00909537 0.0288339 0.26584
0 0.21949 0.807619 0.0178348 0.0246812 0.251014
