0 0.983598 0.178435 0.0199508 0.0269007 0.610396
6 0.0674261 0.201637 0.064651 0.0860905 0.553318
9 0.0237026 0.885656 0.0300555 0.0367832 0.502496
0 0.98982 0.201243 0.0188105 0.0287043 0.494603
9 0.873826 0.236808 0.0229267 0.0229239 0.406315
0 0.343315 0.560797 0.0097774 0.0250047 0.384928
3 0.00436184 0.269093 0.00872368 0.108444 0.359789
9 0.00603666 0.864439 0.0119479 0.0296348 0.319899
0 0.836752 0.268434 0.0122231 0.0275767 0.31707
1 0.876523 0.232306 0.0130055 0.0210596 0.315196
0 0.346111 0.566035 0.012779 0.0269213 0.282403
9 0.460104 0.47566 0.0298453 0.0385428 0.279713
7 0.0630908 0.341676 0.0281892 0.107147 0.278599
