0 0.566746 0.609635 0.0118136 0.0575654 0.789251
0 0.783701 0.860715 0.0177034 0.07446 0.756373
0 0.538482 0.579275 0.0119856 0.0562026 0.727707
0 0.519784 0.423632 0.010799 0.045814 0.697205
0 0.402335 0.316096 0.00837136 0.0415145 0.686798
0 0.462305 0.359497 0.00950509 0.0436841 0.662755
0 0.486719 0.458717 0.00988839 0.0471551 0.636569
0 0.385184 0.297496 0.00822623 0.0372896 0.56812
0 0.880154 0.691577 0.0176552 0.0534274 0.563268
0 0.382998 0.297787 0.00967599 0.038337 0.402336
0 0.518809 0.20763 0.00826281 0.0292704 0.386406
0 0.601163 0.374534 0.0107744 0.0389756 0.346371
0 0.508607 0.414855 0.00936223 0.0436732 0.293134
