3 0.0999226 0.745015 0.199845 0.138856 0.880123
3 0.717806 0.591312 0.138166 0.0832893 0.799156
3 0.113923 0.67423 0.172565 0.108373 0.770203
3 0.119904 0.559477 0.119227 0.0717558 0.767802
3 0.108934 0.52735 0.119873 0.0655051 0.760465
3 0.48531 0.576151 0.0539349 0.0768123 0.760355
5 0.306785 0.650434 0.183857 0.142359 0.752431
3 0.052967 0.647082 0.105826 0.101892 0.675634
0 0.437021 0.593937 0.023279 0.0662122 0.669491
0 0.879832 0.380343 0.00887129 0.0268271 0.488656
3 0.696614 0.671644 0.123154 0.0967046 0.487204
5 0.874574 0.34065 0.0266502 0.0318007 0.418874
4 0.964013 0.356185 0.0172683 0.0318773 0.396832
7 0.592195 0.582259 0.0650912 0.0817797 0.375052
3 0.559811 0.378466 0.0265492 0.0239503 0.361862
3 0.634796 0.358906 0.0205321 0.0201297 0.330463
3 0.837077 0.350499 0.0319225 0.0221871 0.327568
0 0.611634 0.643628 0.0228403 0.0732193 0.313532
4 0.836071 0.350483 0.0342189 0.0226025 0.28606
