3 0.0650695 0.678293 0.0989448 0.158774 0.894763
6 0.388192 0.047973 0.0425424 0.0516563 0.831426
6 0.538245 0.585799 0.0547754 0.0978731 0.831135
0 0.539455 0.891956 0.014143 0.037294 0.808707
6 0.595204 0.773381 0.0765167 0.0746992 0.790359
6 0.456286 0.782486 0.0214268 0.0932275 0.777832
6 0.513264 0.109265 0.0445385 0.0700344 0.771843
6 0.379707 0.163518 0.0439815 0.0457716 0.75484
9 0.383979 0.60966 0.0314201 0.0400806 0.737809
6 0.502779 0.0390246 0.0414682 0.0561783 0.688437
7 0.560057 0.702991 0.0481174 0.0840463 0.673055
7 0.510713 0.442306 0.0270237 0.094755 0.652778
6 0.363973 0.123302 0.0656065 0.0593296 0.634566
5 0.915011 0.581902 0.0708242 0.175296 0.605125
7 0.37325 0.505384 0.047735 0.0901726 0.576086
0 0.530139 0.630463 0.0124084 0.0414195 0.573753
0 0.417726 0.120162 0.0128739 0.0461428 0.561069
9 0.410408 0.186926 0.0161492 0.0499392 0.556223
9 0.864043 0.463073 0.0349233 0.0398969 0.540168
1 0.571481 0.955855 0.0161694 0.031668 0.534998
9 0.412251 0.549074 0.0137266 0.0480423 0.50567
6 0.737279 0.894806 0.0499692 0.0987779 0.440176
1 0.165578 0.546803 0.0214749 0.0386087 0.437594
9 0.383586 0.655355 0.0257737 0.0342282 0.437228
6 0.296776 0.208321 0.0336471 0.0991751 0.430847
0 0.404383 0.143623 0.0146379 0.0350607 0.403153
9 0.480761 0.262461 0.0134375 0.0482505 0.374811
9 0.300559 0.380605 0.0186091 0.0317269 0.36471
9 0.415702 0.166064 0.0132682 0.032769 0.361665
0 0.389033 0.109367 0.0106724 0.0391309 0.357538
0 0.53707 0.678834 0.0148786 0.0346133 0.355329
1 0.540514 0.668494 0.0162451 0.0437145 0.353844
9 0.543208 0.768568 0.0251142 0.0553542 0.344735
0 0.0337817 0.948841 0.0371766 0.0291352 0.343256
9 0.400365 0.499182 0.0132548 0.0396545 0.331929
0 0.539887 0.936244 0.0129082 0.0391779 0.329742
6 0.399647 0.328591 0.021459 0.0778985 0.311143
0 0.357535 0.48538 0.0163147 0.0424358 0.299401
