3 0.177262 0.640324 0.0390906 0.0644134 0.885947
3 0.505526 0.872163 0.041632 0.102435 0.882949
3 0.189556 0.517296 0.0305024 0.0429003 0.855977
3 0.962882 0.711178 0.0736898 0.0439306 0.851878
3 0.902899 0.639394 0.0630749 0.0428179 0.840478
3 0.127789 0.491141 0.0279897 0.0285416 0.838629
3 0.930114 0.67482 0.0621315 0.0444466 0.835487
3 0.229733 0.492056 0.0253585 0.0380074 0.833892
3 0.0290101 0.670411 0.0576467 0.0469343 0.833203
3 0.115526 0.527598 0.0549815 0.0392004 0.832414
4 0.163586 0.422655 0.0238289 0.0339896 0.821445
3 0.910278 0.573844 0.0505935 0.0339572 0.80537
3 0.0448557 0.635431 0.0668995 0.0361514 0.803795
3 0.0906089 0.502209 0.0318795 0.0352875 0.786584
4 0.0566939 0.499979 0.0388171 0.0446364 0.775761
3 0.977467 0.750295 0.0450661 0.0524143 0.752312
3 0.0667288 0.453039 0.0456038 0.0251395 0.748314
3 0.0903113 0.423323 0.0269521 0.0291529 0.743861
3 0.449268 0.446389 0.0193832 0.0345892 0.735548
3 0.0172198 0.508824 0.0329964 0.0359185 0.727856
3 0.0511069 0.430137 0.0306788 0.0282538 0.701676
3 0.0354905 0.476647 0.053211 0.0304817 0.70125
3 0.0957829 0.47243 0.0471818 0.0285811 0.695642
4 0.059213 0.600854 0.062421 0.0410428 0.684644
3 0.116441 0.421891 0.0292419 0.0296549 0.676197
3 0.163803 0.386194 0.0252326 0.0190018 0.654353
3 0.0194428 0.417288 0.0378305 0.0215012 0.653239
3 0.598878 0.322415 0.0281521 0.0148352 0.610412
3 0.468762 0.592551 0.025866 0.0517797 0.60053
4 0.439809 0.36763 0.0215547 0.0493916 0.544778
3 0.248137 0.294069 0.02544 0.0152851 0.5434
3 0.246412 0.296805 0.0265254 0.0151258 0.540317
4 0.417714 0.225198 0.00819284 0.0174545 0.530605
3 0.440564 0.263266 0.00711862 0.0125086 0.50879
3 0.260057 0.276356 0.0242313 0.0136562 0.49187
3 0.287615 0.292497 0.0147052 0.0178919 0.479173
1 0.48231 0.476855 0.00636523 0.0190826 0.47505
9 0.483457 0.48535 0.00803013 0.0204069 0.468576
4 0.468911 0.592769 0.0256992 0.051784 0.440612
3 0.945107 0.519004 0.0295151 0.0348269 0.432321
3 0.263938 0.268976 0.0257108 0.0125138 0.413055
9 0.857623 0.607166 0.0294548 0.0232581 0.412223
3 0.137965 0.401449 0.0243571 0.0212123 0.409363
3 0.272148 0.263573 0.0190441 0.0109622 0.406956
3 0.10597 0.400037 0.0307286 0.0205612 0.397582
3 0.106058 0.402712 0.034807 0.0206098 0.39394
3 0.289521 0.228963 0.0208268 0.0115674 0.377758
3 0.13877 0.36466 0.0347391 0.0182983 0.35669
3 0.314008 0.238907 0.0105652 0.0130623 0.347953
9 0.956737 0.584203 0.0224304 0.0232704 0.321798
3 0.285995 0.211842 0.0147033 0.0106679 0.311021
3 0.290672 0.208535 0.0186927 0.0104096 0.309023
3 0.233001 0.344483 0.0280065 0.0209691 0.298814
3 0.300307 0.219919 0.015907 0.0111025 0.296949
3 0.238975 0.307667 0.0298081 0.017809 0.289527
3 0.275904 0.252648 0.021041 0.0118158 0.288578
3 0.278109 0.244017 0.022933 0.0117142 0.286109
4 0.422596 0.309347 0.0193575 0.0433963 0.278558
8 0.026168 0.899041 0.052336 0.201918 0.264691
4 0.436441 0.237026 0.0103855 0.0141119 0.254298
3 0.509524 0.206943 0.0117089 0.0126101 0.254252
