8 0.489545 0.495908 0.113291 0.11899 0.906063
3 0.398501 0.432343 0.030226 0.033093 0.816399
3 0.591183 0.512393 0.0610424 0.0622201 0.752293
3 0.118492 0.273338 0.014841 0.0144959 0.496575
3 0.479853 0.295082 0.0296362 0.0181672 0.477445
3 0.406996 0.207768 0.0141716 0.012414 0.44339
4 0.100015 0.470505 0.0441947 0.0344578 0.431338
3 0.269997 0.220567 0.00977044 0.0109571 0.381736
3 0.533974 0.270893 0.0375262 0.0211548 0.37676
3 0.442428 0.231535 0.019875 0.013297 0.352321
3 0.316741 0.238649 0.0136242 0.01422 0.276875
3 0.278076 0.223945 0.0104038 0.0103139 0.266876
