0 0.618366 0.582773 0.00862693 0.0247827 0.611513
0 0.589312 0.583685 0.00928672 0.026184 0.564815
0 0.578133 0.574824 0.00807504 0.0202505 0.563619
0 0.595166 0.66291 0.00818529 0.0210546 0.548967
0 0.682295 0.271588 0.00820047 0.0287253 0.540661
0 0.644199 0.558203 0.00874224 0.0229003 0.537961
0 0.659784 0.55775 0.007707 0.0228384 0.507955
0 0.45609 0.89813 0.00963549 0.0264758 0.502854
0 0.652712 0.516657 0.00723153 0.0210048 0.487701
0 0.634773 0.583565 0.00972338 0.0237401 0.472515
0 0.609451 0.669705 0.00949345 0.0164903 0.471961
0 0.538131 0.837045 0.00864755 0.0205909 0.4539
0 0.51946 0.840804 0.00942919 0.0197162 0.43295
0 0.934404 0.0969594 0.00959891 0.024291 0.431718
0 0.631446 0.533182 0.00923479 0.0235781 0.422052
0 0.478949 0.900538 0.00766039 0.0202091 0.405951
0 0.59724 0.756667 0.0112077 0.0185765 0.400382
0 0.60444 0.214863 0.00752851 0.0253793 0.395866
0 0.52997 0.866032 0.00920266 0.0185087 0.391979
0 0.657406 0.636748 0.00909559 0.0205026 0.388024
0 0.617433 0.244995 0.00720481 0.0270839 0.385132
0 0.648059 0.624427 0.00874826 0.0207956 0.384635
0 0.554272 0.772334 0.00845773 0.0206924 0.381904
0 0.452902 0.767792 0.0080515 0.023935 0.377209
0 0.477823 0.898187 0.00980399 0.0218889 0.376868
0 0.694404 0.212518 0.00796452 0.0212342 0.376288
0 0.66957 0.585244 0.00753043 0.0166501 0.369503
0 0.626931 0.551858 0.00930511 0.0206906 0.36368
0 0.57193 0.734038 0.0093811 0.0282605 0.355782
0 0.504825 0.875906 0.00878318 0.0196192 0.351667
0 0.515452 0.894499 0.00783787 0.0172789 0.35104
0 0.472318 0.879015 0.00967725 0.021756 0.34715
0 0.609009 0.710911 0.0107802 0.0219814 0.339007
0 0.504916 0.911957 0.00860517 0.0203039 0.334212
0 0.592425 0.734431 0.0097641 0.0195048 0.33226
0 0.861056 0.126244 0.00978969 0.0304707 0.3291
0 0.498664 0.917162 0.00983294 0.0188611 0.326573
0 0.591355 0.71478 0.00848105 0.0191739 0.319441
0 0.604863 0.0640062 0.00798732 0.0253495 0.318295
0 0.905375 0.0885815 0.00840393 0.0286737 0.308294
0 0.666895 0.601984 0.0076954 0.0193284 0.307173
0 0.570262 0.614263 0.00730512 0.0227916 0.305916
0 0.914139 0.135044 0.00954075 0.0265372 0.304519
0 0.597841 0.548405 0.00850202 0.0236942 0.294811
0 0.682558 0.554415 0.00809409 0.020924 0.294603
0 0.64383 0.660592 0.0106749 0.0209624 0.293238
0 0.665509 0.512967 0.00771938 0.0214194 0.293082
0 0.570803 0.770594 0.00852862 0.0179117 0.293043
0 0.661171 0.532856 0.00984859 0.0185804 0.29205
0 0.610706 0.703852 0.00887172 0.0216578 0.285205
0 0.66891 0.282194 0.0100872 0.0249584 0.279813
0 0.655526 0.608364 0.00684679 0.0176766 0.279108
0 0.64459 0.644456 0.0113483 0.0185119 0.277831
0 0.621874 0.694681 0.00830366 0.0228218 0.276503
0 0.578016 0.645991 0.00785915 0.0215245 0.271256
0 0.560255 0.627423 0.00834255 0.0205938 0.27042
0 0.639927 0.582019 0.00872816 0.0224861 0.269825
0 0.659186 0.627374 0.00777549 0.021507 0.266108
0 0.66909 0.546968 0.00789625 0.0198746 0.264854
0 0.574161 0.102755 0.00726135 0.0284049 0.262668
0 0.623221 0.621348 0.00901947 0.0249162 0.259084
0 0.845011 0.125192 0.0122311 0.0299066 0.25759
0 0.489926 0.813309 0.00977591 0.0205781 0.254335
0 0.606084 0.201614 0.00738203 0.0254495 0.252998
0 0.558668 0.842727 0.00854714 0.0172163 0.251303
