3 0.575572 0.946689 0.0411295 0.0748225 0.882568
3 0.269847 0.912477 0.0620456 0.0465024 0.880808
3 0.502099 0.93045 0.0537169 0.0681914 0.876039
3 0.487434 0.980185 0.0753685 0.0396308 0.860247
3 0.376211 0.942872 0.0705911 0.0596489 0.838122
3 0.40529 0.898336 0.0503966 0.0512292 0.828226
3 0.161537 0.851035 0.0534907 0.0386643 0.81461
3 0.299464 0.855127 0.0604237 0.0523353 0.806249
3 0.70315 0.967012 0.040072 0.0640162 0.789963
3 0.0168464 0.761208 0.0336929 0.0272996 0.765985
3 0.0114865 0.786332 0.022973 0.0306104 0.75502
7 0.147765 0.903511 0.0372871 0.0468908 0.746354
3 0.0695432 0.754544 0.0361633 0.0228605 0.701539
3 0.128174 0.77539 0.0355116 0.0285013 0.674035
3 0.116119 0.761442 0.034587 0.0253133 0.583212
5 0.179319 0.878414 0.0625717 0.056603 0.50169
3 0.0408552 0.745794 0.0351971 0.0216037 0.466671
3 0.78683 0.988354 0.110366 0.0232914 0.443838
0 0.737808 0.925888 0.00954206 0.0361679 0.441517
3 0.274232 0.843086 0.0389618 0.0334274 0.404821
9 0.348168 0.864292 0.026753 0.0274363 0.377406
3 0.112129 0.759413 0.0359755 0.0237301 0.374876
9 0.331513 0.91456 0.0233465 0.0325306 0.361453
3 0.801585 0.989239 0.0661479 0.0215226 0.315986
9 0.433871 0.818101 0.0227484 0.0236578 0.293923
0 0.730972 0.954147 0.0118362 0.038355 0.263507
