3 0.410392 0.839489 0.0394655 0.0948584 0.896049
3 0.237811 0.79502 0.0641551 0.0476128 0.88871
3 0.571415 0.208569 0.0174011 0.0342844 0.883488
3 0.816954 0.625253 0.0462481 0.0548489 0.883481
3 0.131411 0.744162 0.0574502 0.052595 0.880558
3 0.795839 0.504071 0.0358653 0.0469874 0.877317
3 0.768211 0.612406 0.0305245 0.0654691 0.875237
5 0.54089 0.640245 0.0337294 0.0995381 0.86647
5 0.45432 0.843573 0.0421133 0.12839 0.856906
3 0.0240637 0.893539 0.0481274 0.0956591 0.85287
3 0.52717 0.112136 0.03253 0.0204527 0.852204
3 0.315432 0.742719 0.0464752 0.0894872 0.850331
3 0.740488 0.597843 0.0249508 0.0603741 0.846818
3 0.140067 0.950464 0.0554309 0.0973568 0.840157
5 0.522019 0.274859 0.027883 0.0692865 0.824825
3 0.108225 0.946903 0.0567318 0.0983915 0.816381
3 0.777857 0.0289 0.0275421 0.0177881 0.816219
8 0.451337 0.971956 0.069227 0.0560398 0.813575
4 0.738114 0.48628 0.036766 0.048292 0.810441
5 0.596523 0.0895952 0.0167564 0.0465289 0.795657
3 0.78906 0.790179 0.043524 0.0665113 0.795343
3 0.0840149 0.914937 0.0642466 0.106194 0.790149
3 0.512302 0.171665 0.0341786 0.0233644 0.78593
3 0.677019 0.199916 0.016147 0.0304735 0.778282
9 0.832379 0.584637 0.0219397 0.0191899 0.749456
3 0.0524161 0.907648 0.0561477 0.093455 0.739731
3 0.675378 0.14506 0.015195 0.0272191 0.725494
9 0.841959 0.709363 0.023494 0.0167515 0.718289
3 0.599284 0.156889 0.0156681 0.0349764 0.711401
9 0.837695 0.678568 0.0178878 0.0164543 0.711247
9 0.83576 0.660931 0.0240254 0.017549 0.664579
9 0.845169 0.737509 0.0236889 0.0166414 0.596505
3 0.00670884 0.868708 0.0134177 0.0684908 0.549805
3 0.613949 0.00417784 0.0121367 0.00835569 0.547254
0 0.204785 0.842125 0.0176723 0.0141284 0.535326
3 0.222926 0.970484 0.0593114 0.0590315 0.528629
9 0.83264 0.56801 0.0231449 0.0177755 0.500752
9 0.51772 0.151498 0.0173782 0.0139489 0.494202
9 0.569499 0.137267 0.00627005 0.0149673 0.44725
4 0.223747 0.970082 0.0583717 0.0590995 0.433684
9 0.483932 0.182097 0.0189511 0.0142793 0.42227
5 0.267397 0.975156 0.0397759 0.049689 0.404365
9 0.834074 0.655663 0.0191922 0.016984 0.38456
3 0.00688499 0.881646 0.01377 0.0897929 0.376574
9 0.845124 0.725633 0.0224493 0.0152562 0.374544
3 0.6439 0.00417301 0.0127355 0.00834602 0.36548
9 0.680119 0.336306 0.00941677 0.0170209 0.357017
1 0.570221 0.132977 0.00575923 0.0161012 0.356497
0 0.669519 0.745448 0.00772744 0.015258 0.345416
3 0.265676 0.975145 0.0440916 0.04971 0.299079
9 0.49404 0.296289 0.00879294 0.0177164 0.295375
5 0.787878 0.0578952 0.0365923 0.0351311 0.291345
0 0.665186 0.294097 0.00714661 0.0216831 0.285739
3 0.0261934 0.622202 0.0433461 0.0593019 0.269897
4 0.790809 0.0509413 0.0309723 0.0257436 0.263707
9 0.847028 0.739857 0.0231267 0.0164797 0.25007
