3 0.608835 0.580386 0.0325489 0.0613137 0.892776
3 0.200843 0.491372 0.0586176 0.0417301 0.877544
3 0.44153 0.431522 0.0287773 0.0469182 0.876112
3 0.563718 0.535519 0.0336218 0.055313 0.87305
3 0.499343 0.447717 0.041362 0.0412624 0.87302
3 0.587013 0.5582 0.0348116 0.0570592 0.872131
3 0.409633 0.347776 0.0277149 0.0423105 0.857825
3 0.298486 0.346501 0.0260745 0.053554 0.847081
3 0.020446 0.876845 0.0350883 0.077547 0.837154
3 0.171579 0.553325 0.0300702 0.0673484 0.8309
3 0.540513 0.50066 0.0317552 0.0488232 0.829422
3 0.0531943 0.852863 0.0354418 0.0797982 0.826701
3 0.704534 0.619203 0.0305685 0.0671444 0.825179
3 0.905808 0.588445 0.0468634 0.0628609 0.819309
3 0.616226 0.465722 0.0499277 0.0475066 0.81286
3 0.842219 0.685339 0.0302673 0.0664264 0.797292
3 0.206117 0.548167 0.0263229 0.0576894 0.794271
3 0.665915 0.602943 0.0288583 0.0621295 0.792976
3 0.524036 0.472094 0.0314488 0.0503092 0.790043
3 0.930046 0.690422 0.0347624 0.0680414 0.76848
3 0.63991 0.589963 0.0249122 0.0595476 0.765492
3 0.489936 0.42188 0.0409839 0.0363692 0.742589
3 0.902856 0.687429 0.0313377 0.067085 0.725448
3 0.978318 0.692614 0.033197 0.0646891 0.720726
3 0.236905 0.410416 0.0573271 0.0394524 0.709203
3 0.231847 0.356813 0.0442228 0.0335125 0.707762
3 0.223582 0.331213 0.0504244 0.0375457 0.706984
5 0.39113 0.418644 0.0493761 0.0729318 0.696847
3 0.0974339 0.815548 0.0506054 0.0776276 0.639219
9 0.454225 0.798602 0.0150637 0.0323967 0.600712
9 0.364521 0.261484 0.0094346 0.0250203 0.583505
9 0.40124 0.832129 0.0140137 0.0340935 0.570565
3 0.955738 0.697057 0.029871 0.0600662 0.511294
9 0.40047 0.30697 0.0189352 0.0185168 0.510213
9 0.392545 0.280523 0.00772457 0.0235352 0.461532
5 0.411736 0.46911 0.0498622 0.0548499 0.412984
9 0.661584 0.475834 0.0243737 0.0224328 0.363268
0 0.698528 0.894382 0.010457 0.0140673 0.353509
0 0.739696 0.696448 0.0125163 0.015124 0.32593
5 0.217582 0.303021 0.0601777 0.0405257 0.315779
0 0.713488 0.903662 0.0105673 0.0146566 0.271405
5 0.236986 0.407594 0.057498 0.044211 0.269402
1 0.495714 0.25497 0.00847591 0.0123189 0.266626
0 0.756311 0.655506 0.00949097 0.0165888 0.265946
3 0.470058 0.374964 0.0436295 0.0441984 0.265734
0 0.352637 0.161527 0.00799445 0.0214177 0.255783
5 0.490189 0.393588 0.0508786 0.0386584 0.25504
1 0.490168 0.229503 0.00762255 0.0109193 0.255006
