3 0.492 0.260329 0.0132313 0.0427191 0.848976
3 0.494065 0.486471 0.0101465 0.0392797 0.825562
3 0.582673 0.727592 0.0240914 0.0211383 0.825425
8 0.503586 0.355046 0.0155653 0.055307 0.810282
3 0.896826 0.540251 0.0123781 0.0453428 0.809311
3 0.883476 0.323603 0.0118866 0.0404776 0.806719
3 0.483364 0.332152 0.0117719 0.0435367 0.792089
3 0.888115 0.465081 0.0111137 0.0377966 0.744996
3 0.874078 0.0621379 0.0118076 0.0388266 0.654841
3 0.629941 0.718294 0.0278294 0.020272 0.577558
3 0.568075 0.705565 0.020822 0.0175802 0.525254
3 0.00509312 0.261715 0.0101578 0.0283466 0.448528
3 0.609257 0.694238 0.0266367 0.0180505 0.408356
