6 0.504084 0.410329 0.0267874 0.0824485 0.808538
9 0.721239 0.511215 0.0367216 0.0436063 0.75272
0 0.567609 0.512356 0.014942 0.0621247 0.702624
9 0.729227 0.783227 0.0465161 0.0575001 0.676677
9 0.430305 0.828825 0.0271505 0.0749545 0.665295
6 0.500208 0.267242 0.0218755 0.0633746 0.605757
1 0.547268 0.679078 0.0225324 0.0691012 0.548168
6 0.66511 0.336071 0.0256274 0.0720991 0.478625
0 0.550934 0.694843 0.0206556 0.0673753 0.469971
0 0.634919 0.202649 0.00910749 0.0318375 0.429914
0 0.646595 0.224295 0.0088027 0.0368391 0.408881
0 0.626246 0.225683 0.0103207 0.0332713 0.392541
3 0.620675 0.012471 0.0139851 0.0233002 0.380411
6 0.685632 0.747847 0.0348336 0.137142 0.371506
1 0.630759 0.275908 0.00941031 0.0402565 0.365731
6 0.578442 0.676566 0.0334524 0.107446 0.365244
9 0.755615 0.838891 0.0422234 0.0620196 0.327085
0 0.647991 0.156587 0.00848599 0.033876 0.315047
9 0.447677 0.544984 0.0143444 0.0606639 0.286473
0 0.567912 0.493521 0.0144081 0.0473084 0.275415
3 0.645525 0.0602256 0.0174691 0.0294872 0.275024
6 0.696377 0.655212 0.04153 0.115263 0.273884
0 0.695011 0.128848 0.00638926 0.0280901 0.269477
9 0.673801 0.257866 0.0120786 0.031787 0.269193
9 0.63229 0.284543 0.0111877 0.0392281 0.268085
6 0.5019 0.128204 0.0112383 0.0338134 0.267713
9 0.732053 0.584422 0.0209333 0.0688128 0.267458
0 0.624123 0.226293 0.0107463 0.0323018 0.267223
0 0.650827 0.224446 0.0108526 0.0351174 0.262495
0 0.705248 0.0879209 0.00662231 0.0350219 0.260051
0 0.657481 0.110653 0.00649801 0.028674 0.254281
0 0.685412 0.311407 0.0103894 0.0467062 0.253126
0 0.487682 0.0768707 0.00620329 0.0255013 0.252282
