0 0.443419 0.267727 0.00776864 0.0274748 0.483583
0 0.392341 0.531445 0.0108494 0.0298484 0.439768
0 0.447418 0.237283 0.00862959 0.0339638 0.428082
0 0.363967 0.550487 0.010926 0.0239125 0.368048
0 0.447172 0.343319 0.00871102 0.0309469 0.366113
0 0.45469 0.380754 0.00876587 0.0290438 0.356149
0 0.4111 0.514069 0.0106823 0.0291009 0.354306
0 0.618975 0.136561 0.00866983 0.026479 0.340625
0 0.414053 0.51071 0.0107927 0.0312818 0.322715
0 0.428312 0.515905 0.0100442 0.0239606 0.318572
0 0.639814 0.265827 0.00832389 0.0312672 0.314276
0 0.423069 0.493034 0.00954703 0.023415 0.311962
0 0.625697 0.197666 0.00895137 0.0331208 0.303089
0 0.458266 0.285998 0.00959708 0.0323316 0.30307
0 0.697815 0.157941 0.0107239 0.0279008 0.283549
0 0.401556 0.544757 0.00983612 0.0269079 0.259488
0 0.353718 0.247413 0.00957775 0.0247432 0.259091
0 0.451868 0.492565 0.0113039 0.0258753 0.257611
