0 0.436562 0.779682 0.0128397 0.0206944 0.510877
4 0.514299 0.707848 0.0340975 0.0446838 0.507685
0 0.388795 0.559609 0.0108687 0.0208232 0.464281
0 0.481843 0.690154 0.0124748 0.0205348 0.4456
0 0.455393 0.729246 0.0114662 0.0193902 0.428676
0 0.438286 0.777352 0.0131479 0.0240241 0.424921
0 0.511554 0.0751002 0.00784223 0.0284824 0.421197
0 0.441353 0.586725 0.00947797 0.0187688 0.415671
0 0.451444 0.818886 0.00976087 0.018114 0.414731
0 0.429944 0.638552 0.0103782 0.0184516 0.392502
0 0.364807 0.5697 0.0152044 0.0239133 0.351422
7 0.534387 0.368433 0.0268061 0.0345341 0.350041
0 0.566084 0.972724 0.00751687 0.0202579 0.346728
0 0.582685 0.972767 0.00881452 0.0205114 0.330479
0 0.360309 0.572376 0.010682 0.0226311 0.322303
0 0.35646 0.452151 0.0117411 0.0216562 0.302579
0 0.529728 0.129425 0.00742379 0.0245691 0.299412
0 0.286571 0.385363 0.0107049 0.0240563 0.296721
0 0.554632 0.970765 0.00716487 0.0198573 0.284608
0 0.386862 0.558924 0.0114426 0.0214994 0.270133
7 0.543493 0.423453 0.029723 0.0534043 0.265786
0 0.308668 0.465111 0.0129665 0.0187191 0.263365
0 0.468827 0.79834 0.00763014 0.0193193 0.252667
