3 0.30102 0.953109 0.0658436 0.0920887 0.895384
3 0.480804 0.810578 0.0552303 0.0529411 0.871922
3 0.380906 0.795396 0.0325377 0.0588628 0.863465
3 0.540936 0.689123 0.0435507 0.0322431 0.862583
3 0.595102 0.634413 0.0275772 0.0266712 0.830483
8 0.843554 0.761475 0.171119 0.133572 0.8237
3 0.334529 0.552149 0.029856 0.0194127 0.804561
3 0.985006 0.850468 0.0299872 0.049132 0.794364
3 0.195683 0.492395 0.0221984 0.0158655 0.768806
3 0.965906 0.765625 0.0621616 0.0403287 0.764042
3 0.262451 0.944847 0.0746362 0.0938858 0.710412
3 0.123933 0.462116 0.019996 0.0139172 0.696601
3 0.821718 0.980514 0.0801462 0.0384529 0.695239
7 0.689479 0.830644 0.0193592 0.0389926 0.651344
0 0.668108 0.769794 0.00788443 0.0261319 0.643484
0 0.658192 0.760616 0.00738565 0.0245524 0.632077
3 0.234002 0.506319 0.0185389 0.0198124 0.562287
3 0.145368 0.46756 0.0230943 0.0156587 0.551126
3 0.0791525 0.453509 0.0203681 0.0154114 0.534396
3 0.0102735 0.434615 0.0195802 0.0141651 0.524361
0 0.626454 0.743559 0.00960314 0.0232198 0.471609
3 0.648994 0.662152 0.0254025 0.0294728 0.470573
0 0.583849 0.658003 0.00683537 0.0199058 0.461622
9 0.170704 0.902402 0.0199605 0.0312398 0.457833
0 0.603184 0.591205 0.00620623 0.0175318 0.456174
3 0.285436 0.530898 0.0252216 0.0174808 0.447966
3 0.0107528 0.432212 0.0203705 0.0144446 0.438108
0 0.593043 0.591685 0.00511226 0.0159734 0.423638
0 0.356981 0.813274 0.0080988 0.031473 0.415335
3 0.0914857 0.443947 0.0166379 0.0121274 0.402387
3 0.14427 0.465114 0.0207538 0.0165058 0.393359
3 0.359572 0.561518 0.0179843 0.0194427 0.39048
3 0.249975 0.518553 0.0196664 0.0189469 0.385374
2 0.6555 0.816408 0.0139671 0.0211247 0.352796
3 0.291521 0.526904 0.0214091 0.0176035 0.326398
3 0.084192 0.445419 0.0231634 0.01387 0.325454
3 0.0485064 0.443417 0.017112 0.0205762 0.322272
0 0.377823 0.578936 0.00690765 0.0162491 0.307312
3 0.752802 0.37099 0.0144777 0.00901565 0.303364
0 0.452222 0.618746 0.00814989 0.0179446 0.302553
0 0.73268 0.577056 0.00586993 0.0166359 0.293799
3 0.594881 0.526144 0.0225891 0.0157856 0.285937
0 0.62405 0.743305 0.0106026 0.0229035 0.281574
3 0.401144 0.550761 0.0265682 0.0175746 0.279364
7 0.482646 0.625086 0.0242601 0.0234706 0.271843
9 0.626862 0.803319 0.0171419 0.0205775 0.263197
2 0.4467 0.688538 0.0118435 0.0201037 0.255814
