0 0.543689 0.0891876 0.00947322 0.0297808 0.805137
0 0.30325 0.514658 0.0103191 0.0291998 0.740814
0 0.647947 0.884701 0.0126942 0.0176646 0.710519
0 0.554492 0.238954 0.00960523 0.025958 0.709273
0 0.719326 0.304741 0.0111416 0.0263969 0.684089
0 0.667461 0.513942 0.0104444 0.0191756 0.675914
0 0.703702 0.374336 0.0116451 0.0305962 0.662129
0 0.598895 0.349294 0.0105386 0.0296812 0.658027
0 0.272066 0.265658 0.00943699 0.0233106 0.655581
0 0.578047 0.875019 0.0122747 0.018687 0.636881
0 0.935825 0.88085 0.0204185 0.0222803 0.629124
0 0.433671 0.655698 0.00955989 0.0236719 0.603059
0 0.69865 0.12395 0.00983983 0.0314845 0.583073
0 0.838143 0.214156 0.0146553 0.029747 0.573386
0 0.29416 0.417899 0.0108305 0.0240482 0.546656
0 0.277927 0.394291 0.0111239 0.0261955 0.450275
0 0.362353 0.923658 0.00899787 0.0185311 0.444371
0 0.302943 0.681942 0.0107896 0.0185673 0.44222
0 0.296473 0.607984 0.0135935 0.0210344 0.434275
0 0.259945 0.332753 0.0126135 0.0262863 0.41791
0 0.241853 0.219964 0.011265 0.0233162 0.396738
0 0.312903 0.664457 0.0117911 0.0181838 0.389173
0 0.403823 0.753868 0.0110002 0.0260829 0.367678
0 0.309971 0.662324 0.013818 0.0212017 0.357204
0 0.648055 0.470592 0.00864563 0.0207174 0.339105
0 0.244511 0.242628 0.011587 0.0243848 0.336337
0 0.833016 0.476969 0.0185468 0.0397171 0.300966
0 0.286717 0.466 0.0109657 0.0181884 0.288777
0 0.29736 0.513069 0.0142931 0.0267916 0.276333
0 0.303269 0.650569 0.0101686 0.0185996 0.269373
0 0.244627 0.281155 0.0119561 0.0223735 0.264322
0 0.288437 0.466447 0.0110287 0.0182494 0.262244
0 0.593446 0.318558 0.0103409 0.026658 0.258631
