0 0.50759 0.292951 0.0113119 0.0309349 0.7547
0 0.552543 0.717871 0.0101334 0.0247968 0.692815
0 0.542549 0.593564 0.0141117 0.0290919 0.691333
0 0.514448 0.440158 0.01197 0.0300333 0.681456
0 0.52971 0.704801 0.00934409 0.024533 0.680466
0 0.490941 0.347204 0.00928214 0.0280553 0.625407
0 0.505245 0.513824 0.0133883 0.0256099 0.612261
0 0.528462 0.421174 0.0096174 0.0260398 0.607437
0 0.513375 0.728014 0.0111002 0.0224867 0.580431
0 0.551128 0.460192 0.0107456 0.0226431 0.557787
0 0.493904 0.516811 0.0111795 0.0264665 0.555906
0 0.51606 0.197842 0.00993844 0.0275288 0.526263
0 0.466198 0.269628 0.0142393 0.0342497 0.526052
0 0.443382 0.354855 0.0108802 0.0277944 0.505628
0 0.484797 0.701687 0.0120687 0.0227298 0.478269
0 0.491261 0.401322 0.0151972 0.0286784 0.474772
0 0.536806 0.448558 0.011156 0.0328211 0.445064
0 0.467191 0.316434 0.0121773 0.0331738 0.427801
5 0.0377499 0.16877 0.0754998 0.129061 0.421429
0 0.498294 0.720554 0.0112425 0.0202535 0.391245
0 0.518133 0.624634 0.0186579 0.0205343 0.378681
0 0.467747 0.693141 0.00921151 0.0240139 0.378416
0 0.468702 0.347585 0.0129663 0.0268206 0.369069
3 0.0525833 0.593498 0.105167 0.0798598 0.346965
0 0.510319 0.624173 0.00996743 0.0193968 0.345361
0 0.464222 0.465177 0.0140585 0.0340096 0.341803
0 0.475359 0.495802 0.0118239 0.0238766 0.322198
0 0.537861 0.445422 0.0118223 0.0274321 0.304874
0 0.291829 0.435482 0.0126455 0.0202896 0.288962
0 0.541594 0.394999 0.00896397 0.0190401 0.286462
0 0.450362 0.440748 0.0118598 0.0217771 0.266608
0 0.45627 0.500909 0.0089056 0.0201366 0.254444
