3 0.682265 0.925828 0.118287 0.0930102 0.803581
0 0.715182 0.493012 0.0106047 0.0304591 0.703733
0 0.278864 0.769685 0.0149412 0.0327615 0.696767
0 0.395323 0.0718586 0.0107617 0.0434697 0.64226
3 0.68148 0.860521 0.090855 0.0661828 0.626793
0 0.420923 0.0813839 0.0117531 0.0446362 0.615385
0 0.409671 0.0389198 0.00922307 0.041462 0.569262
0 0.393321 0.395808 0.0130754 0.0363813 0.499797
0 0.307445 0.854973 0.013465 0.0281872 0.480529
3 0.736683 0.641215 0.150271 0.0851694 0.477179
0 0.369711 0.233558 0.0105756 0.0394567 0.463339
7 0.623436 0.378033 0.0659484 0.0649858 0.43719
9 0.386992 0.703156 0.0265724 0.0240301 0.410336
5 0.937487 0.942117 0.124982 0.108693 0.380736
0 0.393811 0.214407 0.00936968 0.0346389 0.3771
0 0.319613 0.868847 0.0205772 0.0307022 0.356272
9 0.350476 0.954488 0.0314297 0.0287374 0.334423
9 0.358751 0.894148 0.0321035 0.0269955 0.333787
9 0.382133 0.746669 0.0255202 0.0237496 0.327659
0 0.306559 0.859983 0.0183368 0.0391513 0.32074
0 0.376569 0.200266 0.00991298 0.0359933 0.320621
0 0.266807 0.712798 0.0138282 0.0307784 0.302904
9 0.389828 0.627252 0.0303722 0.0255477 0.300709
5 0.937896 0.781045 0.124158 0.0884217 0.299525
9 0.346442 0.989529 0.0344643 0.0205049 0.298751
9 0.385883 0.713933 0.024897 0.0244628 0.29718
0 0.418944 0.0145312 0.0122588 0.0290623 0.270725
9 0.379028 0.772411 0.0270368 0.0251278 0.264445
0 0.39458 0.317646 0.0113938 0.0337985 0.26422
0 0.220604 0.9292 0.0216159 0.0304613 0.26135
9 0.360118 0.873905 0.0357532 0.0287999 0.260995
0 0.37548 0.180457 0.0116029 0.0503938 0.260639
