0 0.504732 0.266788 0.00733394 0.0227828 0.613605
0 0.495298 0.261567 0.00669556 0.0235353 0.582408
0 0.473395 0.131718 0.00930145 0.0212351 0.524691
0 0.517198 0.0785682 0.00706805 0.0255231 0.512815
0 0.49248 0.398968 0.00857753 0.0174336 0.496757
0 0.49232 0.558388 0.00768563 0.0210501 0.487719
0 0.484962 0.608109 0.00879155 0.0200602 0.476354
0 0.513601 0.0237926 0.0103173 0.02215 0.450036
0 0.514238 0.267204 0.00912401 0.0184942 0.438837
0 0.47616 0.132214 0.0101915 0.0217706 0.438143
0 0.509417 0.0784449 0.00654611 0.0245088 0.425271
0 0.519837 0.3772 0.00824777 0.0193443 0.402353
0 0.489765 0.100502 0.00811144 0.0278992 0.395156
0 0.501963 0.0233619 0.00867083 0.0246567 0.356834
0 0.490211 0.093052 0.00822231 0.0382836 0.326834
0 0.493107 0.0121571 0.00786656 0.0220848 0.324762
0 0.481651 0.56 0.00878047 0.0235017 0.322019
0 0.514152 0.391846 0.0105361 0.0219543 0.314816
0 0.483922 0.611396 0.00863552 0.0212644 0.307388
0 0.511229 0.393949 0.00997811 0.0199351 0.29693
0 0.497984 0.626626 0.00861511 0.0136239 0.275155
