0 0.445115 0.838154 0.0101109 0.0273203 0.718986
0 0.428677 0.73834 0.0106297 0.021714 0.640896
0 0.44277 0.0280143 0.00890045 0.0342386 0.615332
0 0.467494 0.492471 0.0104732 0.0290127 0.603859
0 0.411157 0.0223115 0.00746974 0.0317339 0.585843
0 0.403643 0.0240092 0.00665122 0.0319094 0.577908
0 0.423563 0.522648 0.00969905 0.0305601 0.549311
0 0.48772 0.169139 0.00726663 0.0366388 0.545361
0 0.472783 0.207756 0.00810835 0.0281447 0.522045
0 0.485342 0.210324 0.00706713 0.029573 0.496431
0 0.426747 0.0126047 0.00700291 0.0252093 0.377837
0 0.441424 0.0261164 0.00829677 0.0370297 0.375956
0 0.46103 0.493694 0.00961312 0.0261805 0.349112
0 0.462487 0.198027 0.00771101 0.0332308 0.314712
9 0.113394 0.297284 0.0225342 0.0514071 0.284091
0 0.488327 0.167739 0.0108582 0.0362736 0.267706
0 0.427558 0.0111098 0.00789163 0.0222197 0.259679
