0 0.459169 0.471367 0.0136299 0.0206712 0.72866
0 0.33318 0.797909 0.0129447 0.0196453 0.703558
0 0.405444 0.555965 0.00921374 0.0196168 0.69872
0 0.289491 0.753468 0.0133717 0.0219372 0.686849
0 0.328845 0.762052 0.00998162 0.0249316 0.683929
5 0.870013 0.281278 0.061742 0.132068 0.683016
0 0.392287 0.549368 0.0101665 0.0173514 0.657937
5 0.774841 0.400718 0.0686692 0.0987383 0.655288
0 0.693543 0.953217 0.0134241 0.020284 0.647857
0 0.753778 0.65925 0.010142 0.0146432 0.619964
0 0.314408 0.77735 0.0101507 0.0193467 0.612159
3 0.975498 0.142874 0.0479526 0.0954211 0.575892
5 0.924001 0.268064 0.0523367 0.123036 0.569542
0 0.00996233 0.971757 0.0187956 0.0223732 0.568082
0 0.372592 0.729838 0.0122501 0.0217461 0.544958
0 0.401319 0.612867 0.010573 0.0181413 0.51494
5 0.881532 0.248893 0.0608402 0.171919 0.510591
0 0.240438 0.826942 0.0148967 0.021926 0.500202
0 0.313696 0.749288 0.0103847 0.0172555 0.499334
0 0.35238 0.917576 0.015402 0.0195264 0.499236
0 0.24267 0.203166 0.0139801 0.0198713 0.488819
0 0.255451 0.192376 0.0125751 0.0292031 0.481148
5 0.975573 0.148426 0.0488445 0.107573 0.470694
0 0.443256 0.450874 0.0145185 0.0287034 0.460423
5 0.962968 0.231558 0.0698803 0.192953 0.447423
5 0.820379 0.341106 0.0692764 0.167081 0.439112
5 0.944709 0.266367 0.0517269 0.127738 0.435864
0 0.237168 0.875103 0.0118885 0.024533 0.430415
0 0.0223879 0.942348 0.0209253 0.0207289 0.422871
5 0.869882 0.253918 0.0582969 0.189651 0.419462
5 0.963058 0.203502 0.065633 0.134367 0.414756
0 0.0109853 0.920354 0.0158829 0.0182634 0.412318
0 0.203427 0.807475 0.0144414 0.0224938 0.407515
0 0.406371 0.649275 0.011862 0.0186139 0.403591
0 0.398793 0.646285 0.0101129 0.0187542 0.395803
5 0.846451 0.330787 0.0517454 0.1467 0.384342
0 0.832678 0.427479 0.0120136 0.0259908 0.373422
3 0.991459 0.115833 0.0170816 0.0871413 0.372404
0 0.722246 0.786759 0.0106694 0.0204114 0.363454
0 0.506876 0.293496 0.0110243 0.0245604 0.362472
5 0.739955 0.40833 0.0544622 0.0841455 0.330163
0 0.198237 0.782194 0.0105573 0.0254534 0.320577
0 0.228363 0.844328 0.0123087 0.0273714 0.313088
0 0.250929 0.847625 0.0128159 0.0214965 0.306844
9 0.180029 0.187586 0.0238555 0.035692 0.301405
0 0.20937 0.773299 0.0124326 0.0230377 0.301271
5 0.784044 0.360695 0.0578658 0.125463 0.300533
9 0.126792 0.0446161 0.0174463 0.0353433 0.299514
0 0.478905 0.412125 0.012364 0.0205212 0.298542
0 0.269145 0.874149 0.0122386 0.0204352 0.296479
0 0.478149 0.40938 0.0105978 0.0194375 0.290766
5 0.881596 0.113114 0.077656 0.138569 0.285625
0 0.251855 0.880945 0.013148 0.0212918 0.285018
0 0.238484 0.828784 0.017868 0.0225342 0.277937
0 0.383728 0.338816 0.0119887 0.0203886 0.277037
0 0.267285 0.161689 0.0100017 0.0384269 0.276291
0 0.375695 0.732681 0.0117787 0.0211988 0.269432
0 0.233419 0.157487 0.0133581 0.0251459 0.267963
0 0.241566 0.930997 0.0140613 0.0223389 0.263851
0 0.765604 0.613015 0.0153641 0.0177508 0.261782
0 0.119947 0.0631012 0.0109073 0.0237749 0.255324
0 0.406985 0.557024 0.0110805 0.020507 0.253146
