7 0.278928 0.349828 0.0520851 0.056524 0.740709
0 0.949338 0.151777 0.0217277 0.0384767 0.718266
0 0.622248 0.365112 0.0113865 0.0337294 0.712673
0 0.495992 0.331369 0.0102486 0.0226423 0.672762
0 0.570573 0.300029 0.0124151 0.0333896 0.656411
0 0.289687 0.272357 0.0137599 0.0251999 0.646596
0 0.595994 0.389895 0.0108902 0.0256954 0.639668
0 0.383526 0.402712 0.0114924 0.020834 0.63642
6 0.0329761 0.49859 0.04662 0.0849672 0.63561
0 0.917297 0.305216 0.0161434 0.0246861 0.586803
0 0.369274 0.385847 0.0120978 0.0219846 0.585466
0 0.669106 0.353545 0.0146065 0.0256219 0.583703
0 0.479406 0.29921 0.01071 0.0304226 0.582601
9 0.926609 0.428409 0.0339287 0.0212798 0.577677
9 0.408009 0.164817 0.0151625 0.0551146 0.567286
9 0.157507 0.117787 0.0158827 0.040078 0.563198
0 0.905662 0.361852 0.0139298 0.0253965 0.556449
0 0.674165 0.384566 0.0159092 0.0297673 0.514771
0 0.0545094 0.184471 0.0214421 0.0255141 0.513892
0 0.936549 0.442458 0.0227987 0.031729 0.507115
0 0.912097 0.211834 0.0178657 0.0423592 0.505668
6 0.279009 0.349827 0.0528862 0.0572432 0.499699
0 0.929205 0.223884 0.0187413 0.0383171 0.497077
2 0.0282128 0.0308071 0.0197591 0.0588685 0.496393
0 0.445529 0.274273 0.0132713 0.0240678 0.476358
9 0.435767 0.167965 0.0171901 0.0573484 0.464161
2 0.0446543 0.0288862 0.0217895 0.0554043 0.445861
9 0.468438 0.176265 0.0155483 0.0580364 0.443466
0 0.667467 0.420197 0.0249454 0.0222142 0.44093
0 0.893723 0.347022 0.0169747 0.0237081 0.432211
0 0.360745 0.201868 0.0108179 0.038158 0.431824
0 0.928667 0.245444 0.0193337 0.0300581 0.431313
2 0.0238744 0.0309079 0.0180986 0.0575353 0.430523
0 0.0338683 0.139596 0.0238843 0.0360506 0.429869
9 0.470722 0.179572 0.0162439 0.0551858 0.410003
9 0.114551 0.0962543 0.0149926 0.0450639 0.397003
0 0.910598 0.221748 0.0177836 0.0460349 0.372411
0 0.677769 0.400302 0.0127739 0.0219046 0.371626
0 0.59201 0.430026 0.00987758 0.0258463 0.368747
9 0.39584 0.156977 0.0145118 0.0418703 0.36418
0 0.733905 0.46363 0.0106572 0.0262757 0.353666
9 0.254836 0.104183 0.0189088 0.0520449 0.344102
9 0.447063 0.171295 0.0112402 0.057472 0.334911
6 0.099893 0.488234 0.032587 0.0915382 0.333861
0 0.910097 0.232434 0.0159085 0.0334823 0.324345
0 0.956756 0.462225 0.0204877 0.0211015 0.321334
0 0.364945 0.225494 0.0142092 0.0367017 0.319488
0 0.568911 0.302888 0.0129685 0.0346875 0.307632
0 0.477485 0.313468 0.0126959 0.025991 0.307503
6 0.544883 0.214108 0.0197441 0.0591393 0.305912
2 0.0632479 0.0576007 0.0170698 0.0558865 0.305323
9 0.127302 0.200553 0.0220927 0.0322586 0.30122
9 0.453292 0.17335 0.0170727 0.0511746 0.301062
0 0.864009 0.393248 0.0163628 0.021213 0.29898
2 0.00477324 0.0401403 0.00954648 0.0485525 0.287512
9 0.485526 0.179532 0.0114849 0.0524599 0.285924
0 0.685914 0.364988 0.010128 0.0236778 0.285243
0 0.037622 0.142387 0.0216933 0.0364117 0.275356
9 0.491348 0.18671 0.0146727 0.0559527 0.275015
0 0.882579 0.372978 0.0169987 0.0247571 0.274589
7 0.21115 0.637799 0.0361883 0.0987505 0.27214
0 0.475415 0.315353 0.0143126 0.023949 0.264878
2 0.0682712 0.0579301 0.0133339 0.0574904 0.263472
9 0.508026 0.195775 0.0123408 0.0479494 0.262653
0 0.691104 0.240285 0.0144506 0.0274359 0.25961
6 0.212864 0.51655 0.0352908 0.085918 0.258247
2 0.0563888 0.0271755 0.0208417 0.0510511 0.255335
6 0.145379 0.208686 0.0439719 0.0438062 0.254754
0 0.327136 0.258849 0.0133124 0.0272307 0.254544
