3 0.468538 0.597903 0.0283205 0.0671814 0.861494
3 0.35922 0.531876 0.0547943 0.0471375 0.851745
3 0.511137 0.376425 0.0163574 0.0345917 0.841585
3 0.350266 0.564754 0.0623816 0.0467893 0.840476
3 0.33792 0.602919 0.0657656 0.0571881 0.834842
3 0.473536 0.378106 0.0173431 0.0353982 0.814766
3 0.376066 0.45766 0.0522501 0.0329016 0.784033
3 0.482925 0.181264 0.00952798 0.0141922 0.759951
3 0.0352881 0.9784 0.0700584 0.0431556 0.759243
3 0.381198 0.436676 0.0494105 0.0268644 0.752555
3 0.391349 0.416878 0.0429158 0.0264126 0.732923
3 0.404158 0.356899 0.040505 0.0210609 0.726216
5 0.51488 0.481507 0.036221 0.116875 0.697274
4 0.321596 0.650727 0.0681093 0.0652822 0.67449
3 0.460956 0.202693 0.0122883 0.0156284 0.642176
3 0.426318 0.288304 0.0282214 0.0198293 0.607963
3 0.79562 0.237951 0.0261119 0.0137593 0.58326
3 0.42314 0.307062 0.033751 0.0220045 0.561202
3 0.405098 0.227001 0.0154055 0.0167668 0.555391
3 0.778809 0.252748 0.028005 0.0171996 0.548558
3 0.509991 0.143264 0.00754395 0.0100274 0.51221
3 0.417638 0.243386 0.0147141 0.0176935 0.499974
4 0.503756 0.188359 0.0103245 0.0199629 0.48057
4 0.433688 0.376856 0.029329 0.0372982 0.469307
3 0.792793 0.266828 0.030085 0.0166309 0.466086
3 0.502411 0.161759 0.00864219 0.0134551 0.460906
3 0.403103 0.372719 0.0381757 0.0249901 0.423029
3 0.410144 0.333518 0.0405116 0.0249175 0.408031
4 0.512793 0.230293 0.0147397 0.0354542 0.403745
3 0.400794 0.244677 0.0118946 0.0185284 0.401523
5 0.440238 0.256052 0.0422526 0.030507 0.385415
5 0.321495 0.651619 0.0682685 0.0627104 0.375618
3 0.818369 0.263724 0.0248993 0.0165565 0.366297
3 0.513959 0.125934 0.00959682 0.0107512 0.345938
3 0.424423 0.303395 0.0312606 0.022242 0.313561
4 0.432158 0.275022 0.0358816 0.0262499 0.301899
3 0.80066 0.265238 0.035824 0.0164825 0.262773
3 0.519219 0.142805 0.00926666 0.0106959 0.262525
3 0.532341 0.135606 0.0111971 0.0121733 0.252196
5 0.442215 0.249771 0.0410852 0.0245951 0.25108
