0 0.465143 0.907601 0.0117176 0.0168491 0.742689
0 0.540272 0.459719 0.00717965 0.0250815 0.711165
0 0.293109 0.627944 0.0103169 0.024002 0.690299
0 0.246428 0.533032 0.0146066 0.0169868 0.679043
0 0.0926933 0.600201 0.0188812 0.028537 0.579131
0 0.369266 0.806451 0.0150887 0.0215965 0.563286
0 0.670823 0.682728 0.0113138 0.0228864 0.558757
0 0.442807 0.2697 0.00729444 0.0232622 0.515149
0 0.0626334 0.605925 0.0149421 0.0255435 0.48578
0 0.0590389 0.676122 0.0209625 0.0209883 0.479148
0 0.0636605 0.608967 0.0166796 0.0220878 0.474193
0 0.645809 0.570836 0.00896851 0.022129 0.44841
0 0.111084 0.688464 0.0167243 0.025822 0.447625
0 0.497486 0.993694 0.00994882 0.0126114 0.442788
0 0.0659627 0.618185 0.017885 0.0198516 0.425373
0 0.442126 0.248012 0.00719696 0.0184563 0.411828
0 0.556066 0.470569 0.0114364 0.0235397 0.40153
0 0.0304974 0.561335 0.0157947 0.0208805 0.399821
0 0.344411 0.266906 0.00919536 0.0230831 0.397107
0 0.0354194 0.578553 0.0166706 0.0219414 0.395391
0 0.0558341 0.681839 0.0210208 0.0243044 0.390816
0 0.0395083 0.581012 0.0131674 0.0177713 0.37939
0 0.67179 0.673407 0.00872977 0.0200823 0.371135
0 0.113444 0.685771 0.0141963 0.0261292 0.36003
0 0.160582 0.0462948 0.00940357 0.0223235 0.357572
0 0.375428 0.82716 0.0117413 0.0202573 0.355795
0 0.552743 0.452576 0.00951176 0.0223607 0.340158
0 0.115096 0.451397 0.0148799 0.0232956 0.332174
0 0.788175 0.82484 0.0118567 0.0230278 0.317084
0 0.558247 0.472261 0.00894863 0.0225284 0.314036
0 0.373302 0.808056 0.0120902 0.0230984 0.309237
5 0.881549 0.709042 0.0351651 0.180791 0.302359
0 0.172994 0.0327945 0.00896043 0.0283813 0.28425
0 0.0451265 0.688872 0.0178521 0.0191817 0.280088
0 0.787031 0.822366 0.011971 0.0261195 0.26742
0 0.173037 0.0401339 0.00901742 0.0315224 0.262643
0 0.441806 0.253765 0.00864755 0.0242146 0.262271
0 0.635963 0.578038 0.00943107 0.0158479 0.260595
