6 0.446242 0.338992 0.0301171 0.0813264 0.902598
4 0.357411 0.515924 0.0983925 0.101749 0.888884
6 0.564614 0.27826 0.0200457 0.0679799 0.88546
3 0.352619 0.438288 0.0982898 0.0842675 0.856198
4 0.617656 0.0449416 0.0264506 0.0810571 0.82464
6 0.617879 0.801498 0.0347815 0.104096 0.818947
9 0.579484 0.896535 0.0196783 0.0844137 0.804024
0 0.324514 0.673404 0.0164011 0.0518405 0.801202
6 0.477481 0.420043 0.0317057 0.105767 0.780243
9 0.228264 0.718122 0.0358522 0.0440833 0.763451
7 0.423501 0.432696 0.0246616 0.0891049 0.759763
6 0.634702 0.434531 0.0213927 0.0715325 0.757643
0 0.304375 0.679002 0.0170969 0.0504688 0.749348
9 0.53333 0.666344 0.0185683 0.0712729 0.742559
6 0.57092 0.178958 0.0204872 0.0701403 0.72524
7 0.376023 0.909294 0.0662829 0.147524 0.703509
9 0.448882 0.902342 0.0235205 0.0926702 0.668576
9 0.283545 0.618686 0.0174954 0.0608405 0.664086
6 0.471652 0.173117 0.0406149 0.059487 0.642445
6 0.537024 0.54285 0.0215689 0.0707186 0.639297
9 0.649964 0.826035 0.021894 0.0793231 0.636972
0 0.505237 0.200508 0.0117386 0.0495031 0.622262
7 0.460977 0.224563 0.0468199 0.0608731 0.608348
0 0.297325 0.900652 0.0197768 0.0518963 0.574432
0 0.308078 0.885911 0.0170277 0.0510207 0.564195
9 0.399161 0.102195 0.0271096 0.0327999 0.563182
9 0.50101 0.513669 0.0167135 0.0616819 0.550821
9 0.273342 0.48767 0.0309025 0.0348788 0.542859
4 0.510075 0.103431 0.0263149 0.0726853 0.540638
6 0.218457 0.838746 0.0866308 0.0872719 0.538339
6 0.367823 0.382653 0.0373678 0.0486853 0.50749
9 0.535319 0.110642 0.012557 0.0374723 0.506445
9 0.368875 0.107652 0.0145673 0.0318427 0.497469
9 0.207192 0.761869 0.0381063 0.0403607 0.497303
9 0.369721 0.326255 0.0262338 0.0314611 0.490383
6 0.420522 0.207142 0.0205355 0.0561605 0.48316
1 0.579313 0.879856 0.0187192 0.0506727 0.482956
9 0.353166 0.140271 0.0208461 0.0372707 0.482468
7 0.509651 0.102501 0.0263273 0.0728955 0.476046
9 0.433383 0.0860781 0.0140139 0.034634 0.469536
6 0.461337 0.223757 0.0474309 0.059445 0.461818
1 0.500788 0.504925 0.0156118 0.0469054 0.4401
9 0.303985 0.368795 0.0240403 0.033695 0.422207
9 0.2595 0.609226 0.0316697 0.0428107 0.363537
1 0.449 0.892927 0.0223804 0.0732517 0.362765
6 0.475646 0.11916 0.0295583 0.0534234 0.358018
9 0.62467 0.152295 0.0202548 0.0307578 0.333009
9 0.560473 0.604448 0.0159672 0.0603468 0.322837
9 0.484677 0.0789597 0.0213134 0.030096 0.309542
1 0.534897 0.104152 0.012257 0.0308876 0.292286
9 0.364968 0.292906 0.0197849 0.0350088 0.289719
6 0.497493 0.0439023 0.0337379 0.0524996 0.28967
9 0.319583 0.149697 0.0128232 0.0353711 0.28955
9 0.369903 0.101531 0.0151062 0.0293784 0.289471
0 0.653988 0.199574 0.0137488 0.0440982 0.282416
9 0.369547 0.0883282 0.0161674 0.0302153 0.27521
9 0.351768 0.306065 0.0279706 0.034285 0.27433
9 0.359069 0.295199 0.0248238 0.0338643 0.270647
9 0.340795 0.079868 0.0113113 0.0323478 0.270069
9 0.388361 0.0107977 0.0208969 0.0215954 0.264426
9 0.38714 0.0356593 0.0194043 0.0248225 0.259294
9 0.393829 0.0886927 0.0187271 0.0336954 0.259048
9 0.399181 0.200128 0.0108633 0.0378491 0.251315
