8 0.57214 0.485771 0.0397048 0.164763 0.852542
8 0.505957 0.326071 0.0265722 0.12613 0.839598
3 0.407915 0.375962 0.0185617 0.0504559 0.835781
8 0.413857 0.233245 0.0248636 0.122722 0.826123
5 0.485091 0.119046 0.0173454 0.0646083 0.817227
3 0.56406 0.672538 0.0253927 0.0862372 0.80249
3 0.545976 0.326984 0.0165683 0.0503292 0.800246
3 0.535655 0.753166 0.0256437 0.101864 0.798518
3 0.544283 0.484418 0.0192949 0.0588854 0.782864
3 0.422979 0.0444128 0.0115265 0.0323095 0.776304
3 0.527184 0.626626 0.0203795 0.0686779 0.775176
3 0.429585 0.490625 0.0202233 0.0629283 0.769392
3 0.549378 0.571692 0.0213353 0.0716618 0.768316
3 0.489827 0.548868 0.0189008 0.063757 0.759563
3 0.437748 0.327715 0.0150883 0.0443832 0.757327
8 0.536141 0.399569 0.0261653 0.101182 0.703255
3 0.490371 0.466722 0.0159979 0.0569978 0.694798
3 0.490244 0.171089 0.013046 0.0355697 0.654444
3 0.511844 0.413984 0.015976 0.0532848 0.647401
3 0.497443 0.241343 0.0127495 0.0358305 0.630771
3 0.526587 0.331936 0.015687 0.0424102 0.629695
5 0.515401 0.171685 0.0261091 0.130049 0.527685
3 0.634201 0.941728 0.0411366 0.114546 0.523145
3 0.546951 0.935242 0.0280775 0.122882 0.441838
3 0.495017 0.216004 0.0128082 0.0346585 0.412782
8 0.516518 0.47805 0.0207392 0.0775195 0.40644
8 0.500369 0.683424 0.0269925 0.152457 0.403829
3 0.49397 0.209651 0.0125446 0.0351359 0.397548
8 0.515884 0.176431 0.0264566 0.139066 0.319188
3 0.55855 0.396377 0.0139457 0.0268022 0.291594
5 0.587013 0.919316 0.047346 0.159887 0.252088
