3 0.500477 0.469259 0.0452061 0.0750751 0.872541
3 0.532439 0.54287 0.057711 0.0755564 0.858488
3 0.507134 0.576954 0.0605181 0.0801126 0.84606
3 0.480254 0.275765 0.0298379 0.0436109 0.844379
3 0.47488 0.410671 0.0345365 0.051198 0.808769
3 0.470251 0.315868 0.0314726 0.0442033 0.794024
3 0.565066 0.663769 0.0707362 0.102449 0.784654
3 0.448895 0.21288 0.0264385 0.0392058 0.750022
0 0.915721 0.726677 0.0161793 0.0462217 0.714265
0 0.47533 0.684192 0.0148605 0.0452405 0.611267
0 0.737412 0.673201 0.0149789 0.0433532 0.595172
3 0.463138 0.474702 0.0364473 0.0648438 0.593121
0 0.562363 0.386883 0.00791892 0.0354215 0.475209
0 0.427423 0.195661 0.00785352 0.0243222 0.474684
3 0.0326 0.0148092 0.0226863 0.0247985 0.468844
0 0.55856 0.388053 0.00832158 0.0341561 0.4651
4 0.463474 0.474287 0.0356815 0.0641042 0.427668
3 0.99144 0.670403 0.0171196 0.0666567 0.378558
3 0.423385 0.164118 0.0243325 0.0371679 0.376231
0 0.510226 0.270661 0.00796718 0.0264047 0.32626
3 0.436774 0.145099 0.0209499 0.0321079 0.286972
0 0.564469 0.38707 0.00863111 0.033094 0.276267
