3 0.137055 0.903242 0.0596015 0.0730788 0.882065
3 0.130298 0.848101 0.0486881 0.0527194 0.867344
3 0.0832378 0.907238 0.0638536 0.0693804 0.859084
3 0.552604 0.842218 0.0391184 0.0470872 0.855672
3 0.556447 0.767949 0.0246347 0.0342177 0.839193
3 0.218716 0.744694 0.0300842 0.0324679 0.82682
3 0.476451 0.77181 0.0215428 0.035337 0.816656
3 0.0445095 0.869487 0.0699753 0.0611043 0.806686
3 0.535788 0.69355 0.0178671 0.022118 0.791781
3 0.218793 0.704546 0.0298407 0.0281552 0.777866
3 0.51068 0.647043 0.0134989 0.0164218 0.721271
3 0.573808 0.708724 0.0173794 0.024186 0.717278
3 0.380431 0.626093 0.0117729 0.015233 0.661535
3 0.490909 0.61437 0.0124799 0.0123599 0.625059
3 0.182662 0.826677 0.0423661 0.0635691 0.566228
4 0.182968 0.826654 0.0427411 0.064258 0.532563
3 0.456529 0.552877 0.00783194 0.0109567 0.458786
3 0.28055 0.64045 0.0184216 0.0157361 0.444997
3 0.476136 0.585357 0.0103781 0.0132497 0.442238
3 0.402611 0.580714 0.00815294 0.0115544 0.402732
3 0.398718 0.562843 0.00997253 0.0119888 0.378002
3 0.392057 0.582395 0.00913212 0.00945545 0.331928
