3 0.423901 0.409866 0.0423669 0.0369292 0.844515
4 0.617005 0.428798 0.0261717 0.0560109 0.695473
6 0.428736 0.703486 0.0414146 0.0428144 0.69209
9 0.354038 0.731162 0.0285281 0.0344026 0.655946
6 0.392967 0.526104 0.018477 0.0581779 0.621923
7 0.519635 0.325309 0.0143736 0.0447759 0.594887
6 0.458762 0.640195 0.0163948 0.0573836 0.555258
7 0.489232 0.211869 0.0115719 0.0320218 0.538319
7 0.597839 0.683631 0.0232483 0.0632771 0.530368
9 0.321145 0.979538 0.0281674 0.0317101 0.512527
6 0.41333 0.927642 0.0251717 0.0787733 0.486905
9 0.500747 0.835176 0.0111939 0.0469659 0.486622
9 0.434846 0.751619 0.0239311 0.0307024 0.470712
7 0.480771 0.190911 0.00973071 0.0278434 0.453425
6 0.50858 0.765018 0.0135902 0.0632133 0.445437
7 0.475065 0.748167 0.0221399 0.0896503 0.425684
7 0.441264 0.329696 0.0180464 0.0299909 0.361435
9 0.41387 0.496001 0.0111002 0.0289671 0.356097
9 0.430324 0.628224 0.0128718 0.035605 0.341462
9 0.597751 0.465549 0.0141136 0.0260038 0.323973
7 0.477103 0.0836232 0.0139258 0.0210026 0.318399
6 0.452163 0.293763 0.0109745 0.0281382 0.312819
6 0.418195 0.295954 0.0163458 0.022203 0.29879
9 0.642145 0.452578 0.0202715 0.0271152 0.291703
6 0.568215 0.968831 0.0198616 0.0600529 0.282019
7 0.434817 0.0692047 0.0175809 0.0181363 0.277559
7 0.53172 0.272322 0.0200948 0.0216429 0.275108
6 0.451094 0.271015 0.0104671 0.023219 0.271477
7 0.427066 0.280442 0.0115089 0.0276846 0.264365
9 0.995955 0.940204 0.00808939 0.0381017 0.254592
7 0.45538 0.0980421 0.0123611 0.0187188 0.254117
6 0.428699 0.36122 0.0137066 0.0278529 0.253399
