3 0.767831 0.883597 0.0968801 0.0627523 0.879259
3 0.59247 0.882011 0.0858908 0.0585696 0.874238
3 0.638889 0.647312 0.0326681 0.0700472 0.867712
3 0.721358 0.698059 0.0353712 0.0711324 0.866869
3 0.604523 0.953617 0.100307 0.0721509 0.859535
3 0.624626 0.779682 0.0794464 0.0575712 0.855999
3 0.570411 0.63231 0.0689554 0.0410586 0.852283
3 0.566938 0.589905 0.0570055 0.0379878 0.837021
3 0.559575 0.513803 0.0254315 0.0542583 0.836464
3 0.572113 0.672618 0.0710224 0.0427298 0.823058
3 0.427474 0.405449 0.0187874 0.0319122 0.815806
3 0.569294 0.555663 0.0566514 0.0379448 0.81417
3 0.10644 0.34764 0.0271672 0.0264887 0.802459
3 0.135558 0.317296 0.0345236 0.0197844 0.763847
0 0.686539 0.963041 0.0171758 0.0388845 0.64321
0 0.665346 0.737543 0.012418 0.0379728 0.574832
0 0.719803 0.83642 0.0129877 0.0322195 0.554687
0 0.620429 0.685412 0.00881727 0.0290611 0.547327
0 0.612317 0.685479 0.0100629 0.0349917 0.505449
3 0.668782 0.484096 0.0282368 0.0343879 0.49445
3 0.466191 0.102688 0.00565757 0.0113032 0.471258
0 0.614887 0.684628 0.0121277 0.0288536 0.449839
0 0.611197 0.687653 0.00993748 0.0300732 0.443394
0 0.598953 0.729751 0.0107666 0.0318631 0.431423
0 0.600762 0.72998 0.0110075 0.0304443 0.400432
9 0.699634 0.586253 0.0253315 0.0253233 0.378317
3 0.263766 0.188861 0.0236637 0.0129321 0.37318
4 0.212442 0.20778 0.0236393 0.0162418 0.347935
9 0.584188 0.370919 0.0133812 0.0136139 0.330768
3 0.0814833 0.353286 0.0227259 0.0217466 0.320567
4 0.466343 0.154019 0.00846579 0.0166217 0.319115
3 0.420773 0.218851 0.0152659 0.0183202 0.315633
3 0.526787 0.291603 0.0150354 0.0274864 0.307256
3 0.496841 0.0943436 0.0103359 0.00979198 0.286725
3 0.487811 0.150204 0.00751569 0.0141019 0.279532
1 0.473149 0.362437 0.00882398 0.0203721 0.259486
9 0.474839 0.365538 0.00740949 0.0212624 0.25503
