0 0.553645 0.930659 0.00916569 0.0276403 0.681932
0 0.408101 0.451702 0.00999015 0.0179938 0.642347
0 0.835583 0.740034 0.0211681 0.0166459 0.627369
0 0.431599 0.487296 0.0108139 0.0229598 0.550551
0 0.342679 0.405743 0.00949478 0.0192603 0.54435
0 0.554583 0.430055 0.0119598 0.0201936 0.543083
0 0.356388 0.607226 0.0115836 0.0218952 0.509138
0 0.181537 0.245966 0.0131784 0.0343909 0.504647
0 0.339084 0.384685 0.01122 0.0169825 0.504599
0 0.914461 0.271815 0.0199119 0.0252926 0.465699
0 0.313064 0.669562 0.0142905 0.0193313 0.449525
0 0.451234 0.0225576 0.0103018 0.0243052 0.438223
0 0.800879 0.390235 0.012513 0.019071 0.430139
0 0.551872 0.411529 0.0115484 0.0249566 0.427112
0 0.405684 0.489195 0.0168389 0.0240415 0.421563
0 0.384722 0.593214 0.0113773 0.0205986 0.420423
0 0.407857 0.487358 0.0138807 0.023704 0.398292
0 0.448139 0.0165471 0.00996839 0.0217407 0.39054
0 0.905715 0.816007 0.0192669 0.0196759 0.379579
0 0.401442 0.0451143 0.0111925 0.0292652 0.363108
0 0.488464 0.00879133 0.0106376 0.0175827 0.341382
0 0.359599 0.509145 0.0129206 0.0176041 0.331896
0 0.827733 0.374382 0.0129097 0.0126344 0.310779
0 0.800499 0.386802 0.0131036 0.0185423 0.294625
0 0.556534 0.43085 0.0119723 0.0175327 0.256071
0 0.486715 0.00904122 0.0109324 0.0180824 0.25527
