0 0.402742 0.550839 0.0124366 0.0222131 0.596595
0 0.298202 0.254113 0.0141897 0.0271958 0.533021
0 0.318689 0.446611 0.0139629 0.0176043 0.531579
0 0.267433 0.416792 0.0157576 0.0210974 0.526922
0 0.368692 0.53707 0.0141086 0.0224461 0.51985
0 0.355585 0.484803 0.0131658 0.0250934 0.502388
0 0.30757 0.392926 0.00929395 0.0177669 0.487335
0 0.294667 0.376308 0.00992238 0.0192599 0.48708
0 0.359009 0.948681 0.0169548 0.0171368 0.476435
0 0.307974 0.491991 0.0108357 0.016823 0.464559
0 0.385456 0.597638 0.0127464 0.0190351 0.454352
0 0.383124 0.508194 0.0112633 0.0172666 0.44615
0 0.388521 0.59617 0.0118664 0.019753 0.444315
0 0.281422 0.36895 0.00994978 0.0241587 0.430126
0 0.315576 0.424953 0.00925241 0.0168235 0.418416
0 0.299586 0.418753 0.0130531 0.0220591 0.416447
0 0.345263 0.567973 0.0124225 0.0195145 0.406848
0 0.385851 0.845691 0.015407 0.0223358 0.397725
0 0.294347 0.31441 0.0127713 0.0202069 0.370557
0 0.361804 0.905393 0.0151457 0.0270174 0.35801
0 0.282521 0.348692 0.0125507 0.0228528 0.322385
0 0.369037 0.473272 0.0142652 0.024681 0.318173
0 0.306948 0.942543 0.0106392 0.0286746 0.313944
0 0.315898 0.303156 0.014183 0.0244884 0.307973
0 0.2871 0.350407 0.0189413 0.0250346 0.306411
0 0.344918 0.56175 0.0144467 0.0216443 0.304146
0 0.343691 0.708572 0.0155149 0.0189624 0.294658
0 0.370872 0.538255 0.0157795 0.0187517 0.291412
0 0.396227 0.484994 0.0128579 0.02071 0.274833
0 0.285193 0.348785 0.0151298 0.0225372 0.27479
0 0.410818 0.612842 0.0100212 0.0204584 0.271579
0 0.332529 0.23826 0.0125717 0.0232236 0.27073
0 0.346189 0.68933 0.0101542 0.0164318 0.259674
0 0.375726 0.430352 0.0118938 0.0211078 0.25139
