3 0.607914 0.69479 0.118584 0.122555 0.902962
3 0.440243 0.581821 0.0513692 0.0723909 0.854789
3 0.424898 0.511552 0.0291309 0.0493443 0.812699
3 0.426884 0.474094 0.0281399 0.0369237 0.797618
3 0.429989 0.423258 0.027008 0.0263463 0.766729
3 0.382815 0.445492 0.0301013 0.0308151 0.76331
3 0.476071 0.487254 0.031072 0.0514834 0.755068
3 0.409982 0.4452 0.0273398 0.0328255 0.717529
3 0.490894 0.408677 0.0217409 0.0290011 0.713574
3 0.482239 0.436174 0.0246569 0.0324059 0.711585
3 0.498965 0.38536 0.0192822 0.0219328 0.658009
1 0.122326 0.567856 0.0146278 0.0341881 0.65491
3 0.472198 0.397026 0.0206764 0.022845 0.653226
1 0.704958 0.58198 0.0169846 0.0379801 0.634791
3 0.528317 0.364146 0.0182064 0.0161917 0.633435
9 0.704838 0.593862 0.0237581 0.0367325 0.62099
3 0.550436 0.353458 0.0127186 0.0153471 0.580465
3 0.440128 0.380532 0.0183607 0.0185113 0.578067
3 0.430992 0.463866 0.0238661 0.0277985 0.428352
1 0.122061 0.572921 0.0179664 0.0328916 0.323831
2 0.122334 0.577971 0.0249529 0.0280836 0.291375
3 0.477634 0.497749 0.0318247 0.0473646 0.281072
9 0.1223 0.575883 0.0229661 0.0294903 0.273534
