0 0.416718 0.726128 0.00849954 0.0261924 0.685845
0 0.410172 0.647892 0.00901659 0.0224411 0.66027
0 0.42061 0.669872 0.00859166 0.0248609 0.64135
0 0.426315 0.69026 0.0102301 0.0225538 0.639968
0 0.40474 0.282356 0.00902579 0.024581 0.62243
0 0.432592 0.563544 0.00928401 0.0215219 0.621173
0 0.446498 0.848854 0.0112851 0.023595 0.618046
0 0.386069 0.194231 0.00969971 0.0314718 0.578072
0 0.403991 0.821975 0.00813093 0.0252545 0.566203
0 0.436334 0.72826 0.0101722 0.020285 0.559128
0 0.401883 0.671755 0.00901324 0.0242578 0.517963
0 0.422464 0.350776 0.00977801 0.0292997 0.513165
0 0.406453 0.794974 0.00906699 0.0192244 0.511134
0 0.42057 0.792303 0.00789185 0.0200157 0.510265
0 0.386561 0.198787 0.00800232 0.0353337 0.479588
0 0.41471 0.421674 0.00836888 0.0208537 0.465308
0 0.4268 0.0928355 0.00895931 0.0331301 0.421053
0 0.426813 0.215238 0.00890102 0.0276116 0.370215
0 0.40989 0.418446 0.00837041 0.0222738 0.367442
0 0.422331 0.0952784 0.00911647 0.0347317 0.325293
0 0.438146 0.728565 0.011228 0.0193342 0.321978
0 0.424311 0.0942835 0.00780064 0.0340519 0.304222
0 0.413767 0.423391 0.00883558 0.0203939 0.279445
0 0.399027 0.673912 0.0105935 0.0206374 0.277208
0 0.414071 0.812117 0.00946703 0.0193955 0.272172
0 0.390058 0.796075 0.00778682 0.029519 0.267627
0 0.48983 0.915817 0.0103816 0.0250583 0.258662
0 0.418249 0.0987478 0.00889112 0.0320111 0.254136
