4 0.106972 0.0291984 0.0572396 0.0461374 0.839784
4 0.109916 0.126154 0.0782638 0.0550472 0.728924
9 0.276335 0.139045 0.0235205 0.0191633 0.708475
1 0.272161 0.129525 0.00999699 0.021463 0.588915
0 0.600514 0.331295 0.0115176 0.0293272 0.449946
9 0.470308 0.0232815 0.0142243 0.0280981 0.400726
0 0.364265 0.231352 0.00903887 0.0235401 0.373479
1 0.337844 0.155078 0.00984927 0.0240993 0.336007
0 0.830679 0.512085 0.0139614 0.0209905 0.332866
0 0.828338 0.522078 0.0146 0.0250945 0.320245
0 0.365469 0.242635 0.00770272 0.0207735 0.319962
9 0.34524 0.159733 0.0259725 0.02046 0.306351
1 0.274326 0.133553 0.014506 0.0233443 0.288981
0 0.463723 0.494455 0.0172596 0.0126297 0.250817
