5 0.621659 0.739709 0.0819042 0.158901 0.920643
5 0.727339 0.571221 0.0647178 0.142313 0.905454
5 0.71053 0.473359 0.04365 0.073893 0.898908
5 0.560631 0.807505 0.0394407 0.0723936 0.896147
5 0.513285 0.894558 0.0515114 0.104363 0.894764
4 0.392492 0.794875 0.0424312 0.0574188 0.886355
3 0.270562 0.946277 0.03797 0.0758179 0.883988
3 0.444678 0.79061 0.039562 0.0415857 0.876323
3 0.3823 0.88118 0.0327829 0.0627858 0.868808
4 0.334773 0.806883 0.0427476 0.0473973 0.86651
3 0.347512 0.901566 0.0253033 0.0654486 0.863678
3 0.313115 0.920673 0.0253388 0.0657257 0.861301
3 0.30689 0.833854 0.0377972 0.0399698 0.857957
3 0.385015 0.731783 0.0345037 0.035574 0.852637
5 0.522888 0.946586 0.0838924 0.106828 0.849925
5 0.745923 0.414016 0.0342804 0.057357 0.84813
5 0.707104 0.540545 0.0630495 0.101816 0.844105
5 0.657507 0.571393 0.0625374 0.113026 0.840993
5 0.61162 0.669493 0.0713713 0.126554 0.837645
4 0.572968 0.862801 0.0376328 0.0734277 0.834444
5 0.774881 0.411857 0.0403962 0.0625644 0.825067
3 0.364284 0.760741 0.036692 0.0446708 0.820017
4 0.438989 0.827176 0.0327253 0.0525614 0.819715
3 0.743063 0.455118 0.019009 0.023668 0.818503
3 0.348536 0.782145 0.03847 0.0423874 0.815833
3 0.0870643 0.870452 0.0531823 0.0583336 0.806191
3 0.580399 0.452011 0.0205773 0.0227562 0.804931
3 0.708474 0.4355 0.0167362 0.0233782 0.804034
3 0.981452 0.984703 0.0365795 0.030342 0.799326
3 0.979274 0.955107 0.0414516 0.0479601 0.780951
5 0.670165 0.619596 0.0458767 0.079977 0.778245
4 0.439175 0.68913 0.0309525 0.0338782 0.769711
3 0.985202 0.927717 0.0295959 0.0430522 0.764576
3 0.784305 0.356136 0.0125555 0.017609 0.760504
3 0.723045 0.411895 0.0166992 0.0225878 0.75851
3 0.404135 0.715975 0.0344416 0.0348698 0.754523
5 0.805228 0.396876 0.0263482 0.0557818 0.752561
3 0.0811455 0.84621 0.0487674 0.0503545 0.740248
3 0.0489496 0.798035 0.0473178 0.0472563 0.715549
3 0.0344058 0.771476 0.0501493 0.0462179 0.710658
3 0.0402763 0.776113 0.0453811 0.0485832 0.7034
4 0.419879 0.701192 0.0283676 0.0335961 0.700459
3 0.771443 0.3742 0.0140812 0.0206916 0.696172
5 0.811916 0.344051 0.028036 0.0430507 0.668369
5 0.805407 0.317745 0.0315361 0.0534569 0.642479
5 0.836043 0.298764 0.0295255 0.049877 0.637915
3 0.753883 0.362549 0.0134331 0.0173012 0.636576
3 0.0296432 0.76782 0.0454432 0.0412983 0.609285
5 0.910913 0.204423 0.0184467 0.0288764 0.603572
3 0.770254 0.334036 0.01264 0.0172021 0.56568
5 0.464037 0.976036 0.0553066 0.0479283 0.564247
3 0.0200221 0.754985 0.0397652 0.0400973 0.553005
0 0.143256 0.948153 0.00888132 0.0162076 0.528047
4 0.0198181 0.755833 0.0395427 0.0398505 0.526088
3 0.586447 0.505794 0.0298112 0.0244455 0.496636
9 0.0752176 0.814764 0.0208373 0.0254622 0.483908
3 0.00633229 0.689233 0.0126646 0.0318277 0.477425
8 0.863048 0.255429 0.0234436 0.0344451 0.450336
3 0.583877 0.510953 0.0285 0.0224111 0.447694
3 0.00508692 0.735586 0.00998656 0.0270734 0.435691
5 0.575611 0.746349 0.0282398 0.0466026 0.435562
8 0.866885 0.219662 0.0130955 0.0263052 0.42973
3 0.801666 0.289008 0.01483 0.0193145 0.428885
9 0.283264 0.855324 0.0152851 0.0195226 0.408175
9 0.0399516 0.863334 0.021438 0.0161937 0.396656
3 0.791134 0.379444 0.0138717 0.0177868 0.391021
4 0.0479119 0.798351 0.0457969 0.0472163 0.382936
3 0.928334 0.17438 0.00973397 0.0141667 0.380088
3 0.585562 0.500862 0.02843 0.02328 0.36671
5 0.88834 0.18648 0.0126984 0.0247196 0.361999
3 0.827994 0.25326 0.0112671 0.0151274 0.361866
5 0.883549 0.83065 0.0463674 0.0466543 0.361798
9 0.187912 0.923897 0.0165861 0.0210047 0.358595
3 0.781268 0.312882 0.0150317 0.0158335 0.348847
5 0.72273 0.555212 0.0677092 0.120555 0.345965
3 0.806177 0.202415 0.0146075 0.0119547 0.342549
8 0.889073 0.188456 0.0130467 0.0211398 0.333448
3 0.886032 0.192855 0.0100697 0.0137369 0.331824
3 0.85455 0.242586 0.0109406 0.0158063 0.331554
3 0.896377 0.210553 0.00923192 0.0172837 0.331038
3 0.00550895 0.971641 0.0110109 0.0434522 0.330334
9 0.131864 0.909119 0.0116997 0.0250086 0.322392
8 0.944606 0.141202 0.0108691 0.0172216 0.320446
0 0.0238751 0.880999 0.0119656 0.0178492 0.318896
8 0.94165 0.126622 0.0110297 0.0182075 0.316862
3 0.996788 0.0426152 0.00633405 0.0102946 0.305845
3 0.873464 0.189037 0.0107239 0.0121081 0.300136
8 0.957529 0.120155 0.0110475 0.0177676 0.294517
3 0.989765 0.0221846 0.00622201 0.0112784 0.286838
5 0.746018 0.42364 0.0362162 0.0347848 0.284189
3 0.989635 0.0238415 0.00832677 0.010291 0.282718
3 0.92773 0.131139 0.00859445 0.0144662 0.280952
8 0.908486 0.181079 0.013863 0.0208114 0.279683
8 0.891235 0.185265 0.0143145 0.0254972 0.276812
3 0.969144 0.0739889 0.00670166 0.00991586 0.27332
5 0.62543 0.667458 0.100615 0.13006 0.264529
5 0.883763 0.214957 0.0137472 0.0240104 0.260821
8 0.932343 0.138525 0.00960693 0.0149065 0.256804
0 0.131844 0.966237 0.00892999 0.0182947 0.250064
