3 0.545921 0.895745 0.0307878 0.0851052 0.871919
3 0.417205 0.654073 0.0480106 0.0310041 0.870424
3 0.377393 0.52098 0.0336229 0.0232001 0.862739
5 0.494901 0.349593 0.0227949 0.0898723 0.854562
3 0.515249 0.524219 0.0186848 0.0396295 0.843075
5 0.366412 0.959902 0.0794936 0.0575219 0.836189
3 0.344364 0.271674 0.0229525 0.0138578 0.807677
3 0.399166 0.476932 0.0310478 0.0221889 0.80419
3 0.406521 0.355056 0.0242576 0.016101 0.789628
3 0.543493 0.321618 0.0258753 0.0162143 0.776557
5 0.481301 0.249368 0.016411 0.0526929 0.756451
3 0.366549 0.328626 0.0126508 0.0252711 0.751276
9 0.304702 0.836927 0.0196796 0.0239761 0.735904
3 0.381944 0.328993 0.0120542 0.0219368 0.720992
3 0.391399 0.306061 0.0118469 0.0195647 0.688073
6 0.626053 0.833133 0.0413801 0.0325238 0.634427
5 0.475696 0.136967 0.0128792 0.0376976 0.6322
9 0.605607 0.721452 0.018945 0.0175808 0.629864
6 0.349382 0.901816 0.0439476 0.0335808 0.613296
9 0.316641 0.631672 0.0185619 0.0164781 0.602633
9 0.302422 0.868877 0.0230193 0.0196803 0.590938
5 0.503074 0.457936 0.0157124 0.0347969 0.565617
9 0.314953 0.655497 0.0188935 0.0181237 0.561345
3 0.391471 0.386658 0.0309761 0.0187258 0.559499
9 0.287042 0.912254 0.0246561 0.0249818 0.547354
3 0.411471 0.337357 0.025278 0.0183755 0.545463
5 0.387365 0.829138 0.0540776 0.0434714 0.445556
5 0.477347 0.209672 0.012213 0.0265581 0.44515
5 0.476329 0.106456 0.0116769 0.0244375 0.418884
6 0.387443 0.870331 0.0290037 0.0228383 0.417856
5 0.46702 0.0742981 0.0100837 0.0291899 0.386893
5 0.478749 0.213614 0.0145088 0.0328048 0.374496
5 0.468448 0.0847954 0.00869341 0.0204702 0.369946
3 0.455544 0.0646935 0.00683363 0.0127453 0.362166
3 0.420459 0.61846 0.0304681 0.0355234 0.341926
3 0.48566 0.0593694 0.00886383 0.012916 0.317617
9 0.320058 0.966202 0.011554 0.0375725 0.305587
9 0.301085 0.866048 0.0237797 0.0227491 0.303172
3 0.455557 0.0671967 0.00669137 0.015622 0.277275
2 0.567726 0.764991 0.00745584 0.0249619 0.275108
5 0.423751 0.706844 0.048082 0.037397 0.274944
3 0.375345 0.776069 0.0565552 0.0404617 0.254844
3 0.471119 0.0285428 0.00561057 0.00990767 0.250404
