3 0.483819 0.404068 0.0149143 0.0307973 0.839216
3 0.611666 0.477191 0.0456703 0.0287243 0.821961
3 0.588115 0.395437 0.0387033 0.0229051 0.815671
3 0.148246 0.477829 0.0360605 0.0489955 0.815461
3 0.22148 0.377713 0.029281 0.0277789 0.793553
4 0.156937 0.437759 0.0351646 0.0276445 0.79165
4 0.624854 0.791345 0.0406079 0.0981138 0.744713
4 0.60388 0.456779 0.0387113 0.0271647 0.699795
3 0.566572 0.356706 0.0316837 0.0206118 0.695416
3 0.181531 0.396575 0.0203624 0.0269935 0.68778
5 0.548211 0.874456 0.0320398 0.100772 0.686998
4 0.222022 0.352616 0.0332179 0.0303766 0.593842
3 0.554978 0.335016 0.030782 0.016758 0.534209
5 0.624492 0.791008 0.0402998 0.0976213 0.502189
9 0.63217 0.548277 0.0238504 0.0190951 0.453182
9 0.477501 0.668571 0.0118128 0.0296665 0.428984
9 0.673189 0.78771 0.0282724 0.020235 0.426601
3 0.560176 0.253605 0.0111074 0.0163238 0.403285
9 0.634328 0.551521 0.022896 0.0205231 0.387718
3 0.492988 0.108033 0.00515097 0.0077662 0.384586
8 0.513818 0.264151 0.0141234 0.0315165 0.382605
9 0.668007 0.780249 0.0350177 0.0296799 0.37974
9 0.639041 0.562907 0.022049 0.018355 0.375779
3 0.377348 0.147495 0.0181398 0.0117446 0.372754
9 0.595112 0.550682 0.0146588 0.0330774 0.335837
7 0.548241 0.874711 0.0308354 0.100939 0.274699
7 0.595082 0.550665 0.0148571 0.0331153 0.266042
3 0.209054 0.420379 0.0293156 0.0287924 0.263442
9 0.663818 0.778149 0.0273288 0.0283048 0.262197
9 0.658521 0.653237 0.0145796 0.0221631 0.262114
4 0.327464 0.225401 0.0145736 0.0189408 0.255779
3 0.431315 0.103245 0.00641689 0.0101921 0.254981
9 0.667464 0.757951 0.0281044 0.0221413 0.251029
