3 0.42265 0.602766 0.00973724 0.0241997 0.867912
3 0.529685 0.873145 0.0256353 0.0186353 0.862105
3 0.404641 0.771543 0.0111754 0.0294673 0.821782
3 0.392594 0.730439 0.0120507 0.028692 0.820516
3 0.888424 0.768201 0.0220726 0.0349126 0.820128
3 0.472551 0.668076 0.0211376 0.0142987 0.809411
3 0.734391 0.784118 0.0140293 0.032723 0.806997
3 0.612963 0.789464 0.0125208 0.0326579 0.806709
5 0.435575 0.466184 0.0127087 0.0270178 0.805643
3 0.414153 0.560778 0.00935822 0.0218458 0.802322
5 0.430619 0.412822 0.0133749 0.0451639 0.796882
5 0.386937 0.961631 0.0274057 0.0767374 0.787116
3 0.57176 0.789946 0.0122225 0.0313733 0.779207
3 0.0498282 0.833521 0.0295075 0.0205997 0.766703
3 0.599821 0.790509 0.0122103 0.0321515 0.759995
3 0.412678 0.724507 0.0104031 0.0314786 0.738859
5 0.402614 0.619629 0.0126463 0.0391342 0.707648
5 0.443369 0.326287 0.0093212 0.0318648 0.70162
3 0.419752 0.512198 0.00739118 0.017653 0.700017
3 0.475451 0.789675 0.0116398 0.0289533 0.657031
4 0.412192 0.678097 0.00937661 0.0245369 0.64674
3 0.480391 0.328666 0.0135885 0.00835228 0.642759
3 0.446886 0.397589 0.00643367 0.0120617 0.630474
3 0.472344 0.442944 0.0175274 0.0130892 0.610028
3 0.473857 0.372256 0.0135516 0.010058 0.603855
3 0.916417 0.768106 0.0228062 0.0324569 0.596756
3 0.471442 0.473059 0.0176641 0.0113463 0.59417
9 0.128242 0.841346 0.012688 0.0102524 0.593415
3 0.485073 0.359272 0.0154604 0.0113074 0.593093
3 0.461451 0.791352 0.0105252 0.0269323 0.592077
5 0.437401 0.987972 0.0504541 0.024056 0.58447
3 0.405355 0.43499 0.0137161 0.0133882 0.580768
3 0.780102 0.873856 0.0178171 0.034591 0.566125
3 0.464661 0.589663 0.0191247 0.0135449 0.553896
3 0.414158 0.38395 0.0119098 0.00886841 0.552803
5 0.456125 0.238087 0.00920794 0.0278958 0.54045
3 0.470942 0.403098 0.0151098 0.0107555 0.53547
3 0.494734 0.747632 0.0115887 0.0326125 0.519264
3 0.467551 0.227933 0.00662454 0.0102374 0.508597
3 0.451586 0.364954 0.0093399 0.0149916 0.501313
5 0.442731 0.332548 0.00860587 0.02103 0.480231
3 0.481465 0.745242 0.00916404 0.0259367 0.476336
3 0.476308 0.563281 0.0174889 0.0125267 0.473874
3 0.449068 0.789657 0.0111172 0.0286635 0.462618
4 0.353091 0.990162 0.0152299 0.0196765 0.456254
3 0.156143 0.884925 0.0227464 0.0148672 0.446892
3 0.47505 0.373781 0.0149959 0.010125 0.446823
3 0.929815 0.763186 0.0209179 0.0321391 0.438282
3 0.447854 0.29433 0.00821838 0.0106373 0.435671
3 0.482082 0.74862 0.00928955 0.0313808 0.428097
3 0.404759 0.457398 0.0108876 0.0121715 0.427525
3 0.452032 0.277177 0.00843724 0.00976461 0.42616
3 0.414173 0.385061 0.0112567 0.0132295 0.409616
9 0.430192 0.707022 0.0059273 0.0173696 0.392365
3 0.473943 0.437965 0.0176247 0.0111673 0.370979
9 0.357175 0.820725 0.00787859 0.00970151 0.368235
3 0.48111 0.237416 0.00688952 0.00969296 0.354101
3 0.867428 0.765474 0.021056 0.0306809 0.318943
8 0.43723 0.98815 0.0496466 0.0223215 0.316509
3 0.481489 0.25748 0.00759038 0.00925523 0.3162
3 0.436329 0.363334 0.0101636 0.0174482 0.307539
5 0.469305 0.215583 0.00608294 0.0155711 0.293279
5 0.66245 0.791307 0.0196534 0.0523596 0.287146
3 0.485756 0.35602 0.0158477 0.0121478 0.286631
5 0.851228 0.767458 0.0232574 0.0330112 0.264445
3 0.428841 0.310967 0.00812932 0.0116032 0.25158
