3 0.109389 0.852039 0.0885411 0.159385 0.925019
3 0.0289645 0.620557 0.0579291 0.0712996 0.892076
3 0.291071 0.823607 0.0615769 0.143968 0.883789
3 0.517471 0.543694 0.029269 0.0559805 0.862151
3 0.251785 0.59796 0.0399111 0.0612978 0.856241
3 0.204417 0.597106 0.0439209 0.0584643 0.852455
3 0.523188 0.495599 0.0271974 0.0487837 0.836867
9 0.685924 0.674655 0.034707 0.0280072 0.833704
3 0.50663 0.416654 0.0205542 0.0339187 0.821148
0 0.58141 0.537065 0.00862841 0.0301492 0.786448
3 0.0922871 0.599337 0.0395311 0.0593712 0.753941
0 0.164199 0.661288 0.0156037 0.0397291 0.75264
0 0.178895 0.644986 0.0162406 0.0385176 0.732371
5 0.141335 0.585364 0.0407062 0.0706495 0.675811
0 0.240653 0.641247 0.0145898 0.0384192 0.655959
0 0.571077 0.515697 0.00935059 0.0298117 0.621386
0 0.543611 0.447058 0.00746316 0.0243769 0.540162
4 0.206806 0.827358 0.079446 0.184269 0.492109
0 0.575741 0.514975 0.0111293 0.0283746 0.41133
0 0.505576 0.357955 0.00615387 0.0157829 0.408335
3 0.364136 0.245221 0.0222785 0.0146191 0.380561
0 0.526832 0.45414 0.00970315 0.0224538 0.375967
0 0.541302 0.469809 0.00710619 0.0224704 0.34192
5 0.206754 0.827203 0.0794208 0.184379 0.33691
0 0.237015 0.63609 0.0126266 0.0460018 0.316333
0 0.505486 0.341924 0.00611764 0.0178848 0.313968
3 0.307871 0.24521 0.0200471 0.0129161 0.312309
0 0.544552 0.455591 0.00749529 0.0251364 0.302223
9 0.542255 0.404559 0.0101311 0.0189824 0.293697
0 0.515389 0.322092 0.00677394 0.0159445 0.293422
