5 0.513675 0.444892 0.0332571 0.11434 0.896918
3 0.391534 0.808877 0.0426507 0.0358968 0.8809
3 0.365426 0.936377 0.0533535 0.0455124 0.880765
3 0.668058 0.803672 0.0516023 0.0471326 0.879668
3 0.346629 0.790943 0.0242647 0.0642155 0.877641
3 0.549893 0.666462 0.0225702 0.0540738 0.875245
3 0.291127 0.551741 0.039728 0.0264333 0.869407
3 0.368865 0.648013 0.020261 0.0468455 0.857384
5 0.349648 0.714795 0.0232691 0.0694227 0.813876
5 0.529017 0.584184 0.0198725 0.0451653 0.79289
3 0.638081 0.692073 0.0429844 0.0304449 0.781882
3 0.402649 0.742449 0.0432571 0.0339167 0.780236
5 0.488791 0.275577 0.0148903 0.0351657 0.77734
5 0.321267 0.723304 0.0246194 0.0730588 0.750635
3 0.454858 0.151639 0.0074091 0.0134276 0.691079
5 0.400075 0.772898 0.0460778 0.033399 0.657165
5 0.493098 0.320793 0.0221478 0.0629106 0.639783
3 0.53401 0.164296 0.0101552 0.0129252 0.592282
5 0.488983 0.170311 0.0127262 0.0352388 0.5724
8 0.492327 0.210647 0.0149742 0.0475405 0.556526
9 0.675716 0.743861 0.0198031 0.0204048 0.555924
9 0.291001 0.762399 0.00885335 0.0313691 0.533958
3 0.546758 0.289951 0.021201 0.0149934 0.517669
9 0.569568 0.584525 0.015423 0.0153687 0.510259
8 0.166156 0.262053 0.0309822 0.0498789 0.500469
9 0.690977 0.763171 0.019136 0.0245826 0.497159
5 0.492597 0.209869 0.0144992 0.0474808 0.487121
3 0.536147 0.183303 0.00848868 0.013549 0.484367
5 0.487609 0.135978 0.0142388 0.0323439 0.414976
3 0.484003 0.0939246 0.00764112 0.0138769 0.335789
5 0.493058 0.133968 0.0115319 0.030798 0.335624
9 0.276041 0.759711 0.0105812 0.0229991 0.328184
5 0.472869 0.117762 0.0126121 0.017487 0.327061
3 0.495613 0.0927539 0.00666905 0.0115282 0.322771
9 0.27409 0.759066 0.0116624 0.023065 0.314027
9 0.570118 0.581932 0.0146576 0.0173358 0.299967
5 0.476323 0.153458 0.0101021 0.0214341 0.295521
3 0.544892 0.288629 0.0177708 0.01347 0.293136
5 0.477091 0.0541953 0.00832271 0.00968406 0.283897
3 0.473731 0.0797397 0.00996281 0.0120863 0.25304
