5 0.303685 0.76847 0.158778 0.181362 0.937793
8 0.724626 0.564772 0.110819 0.126021 0.903599
3 0.939812 0.943586 0.120376 0.112729 0.89642
3 0.414579 0.891475 0.148476 0.163774 0.891233
3 0.61265 0.806691 0.0986605 0.113182 0.890702
3 0.800064 0.800164 0.0628576 0.102389 0.88903
3 0.848136 0.689759 0.0495816 0.0680483 0.860539
4 0.958474 0.677634 0.0582838 0.0807875 0.827141
3 0.509231 0.532474 0.0564661 0.0358434 0.793073
5 0.758398 0.428084 0.0429667 0.0629223 0.769456
3 0.743449 0.494676 0.0415771 0.0395088 0.744525
3 0.85563 0.543266 0.0592072 0.0441314 0.723889
3 0.977717 0.616322 0.0445668 0.0584492 0.718392
3 0.826218 0.514449 0.0403839 0.046805 0.712965
3 0.662861 0.529838 0.0498531 0.0391872 0.710243
3 0.433541 0.62401 0.0836479 0.0743336 0.695956
4 0.325677 0.681095 0.0922086 0.066841 0.68958
3 0.819446 0.480429 0.0360437 0.0342683 0.677953
3 0.988637 0.792903 0.0227257 0.0984942 0.670246
3 0.431707 0.713626 0.0975932 0.0719883 0.664636
3 0.769098 0.979337 0.0985695 0.0410207 0.650849
3 0.607105 0.567522 0.0626074 0.0485802 0.614891
0 0.279321 0.62679 0.0103624 0.0350693 0.604634
4 0.556352 0.509523 0.0480999 0.0396992 0.588943
0 0.51933 0.556545 0.0111402 0.0336695 0.572476
0 0.55366 0.570771 0.0106184 0.0422106 0.562644
4 0.310941 0.681496 0.0652796 0.0669179 0.554343
0 0.572978 0.539045 0.00914394 0.0316554 0.535135
3 0.731872 0.463571 0.02726 0.0285953 0.528858
3 0.715606 0.523643 0.0386944 0.038181 0.522864
3 0.857733 0.482883 0.0305058 0.0372399 0.519585
5 0.930807 0.531998 0.0722687 0.0802294 0.516701
3 0.880802 0.459313 0.0275983 0.0350297 0.510675
3 0.954724 0.374279 0.0141971 0.0191882 0.482942
3 0.927825 0.36804 0.0209778 0.0167028 0.460299
3 0.652387 0.509417 0.0368648 0.0339988 0.458057
0 0.188629 0.748653 0.0186761 0.0481412 0.456592
3 0.944165 0.373275 0.0165928 0.017874 0.444167
3 0.796482 0.374741 0.0241556 0.0160675 0.430782
3 0.592351 0.472674 0.0401947 0.0307365 0.422492
3 0.443967 0.552603 0.0499193 0.0411923 0.401565
3 0.973985 0.382543 0.0183552 0.0183363 0.399181
8 0.856022 0.421518 0.0518039 0.0491831 0.396259
3 0.771256 0.390504 0.0294179 0.019422 0.391079
3 0.717778 0.482895 0.0368538 0.0342721 0.389616
3 0.89821 0.436951 0.0254346 0.0309518 0.389581
3 0.775013 0.471774 0.0366812 0.0290096 0.382901
3 0.803337 0.416748 0.022036 0.0261228 0.354365
4 0.433785 0.622357 0.0827 0.0745313 0.352728
4 0.718212 0.48344 0.0370331 0.0331188 0.339503
3 0.715942 0.435588 0.0218323 0.0295326 0.332701
4 0.443532 0.556601 0.0493647 0.0478734 0.325091
3 0.969051 0.384606 0.0190852 0.0198523 0.318134
4 0.715553 0.435491 0.0212782 0.0301725 0.31662
4 0.689055 0.488129 0.0334225 0.0335294 0.316436
0 0.575867 0.538499 0.0111355 0.0329538 0.309086
3 0.897226 0.410813 0.0186945 0.0243303 0.293074
3 0.786446 0.387483 0.0269262 0.0183993 0.287726
3 0.493718 0.41081 0.0262306 0.0195844 0.287455
0 0.563172 0.562952 0.0113085 0.0319173 0.28274
3 0.800415 0.426794 0.026435 0.0292538 0.269208
0 0.454028 0.571186 0.0114136 0.0261366 0.26904
3 0.944185 0.404148 0.0188836 0.0214246 0.266345
3 0.820282 0.359247 0.0241927 0.0168794 0.259655
3 0.710014 0.524523 0.0560495 0.0429543 0.254539
