4 0.38752 0.826229 0.0813893 0.118529 0.932736
4 0.384755 0.641855 0.0734266 0.0995155 0.932072
3 0.489073 0.589877 0.0660139 0.0954864 0.89544
3 0.213738 0.675685 0.0580613 0.0835698 0.89174
8 0.30826 0.8077 0.114837 0.188787 0.891337
3 0.607027 0.466466 0.056674 0.0764785 0.888625
3 0.582051 0.547638 0.0652676 0.080943 0.888319
3 0.461514 0.553672 0.052714 0.0856567 0.887403
3 0.21884 0.612907 0.0543175 0.0742796 0.862264
3 0.146581 0.481407 0.0552956 0.0864901 0.859752
3 0.517274 0.498584 0.0559557 0.0769587 0.856764
3 0.275512 0.725296 0.0771705 0.0766169 0.841431
4 0.57164 0.431729 0.0588013 0.0896854 0.838148
3 0.0814242 0.425704 0.0393958 0.0692541 0.837636
3 0.0439577 0.34541 0.0323411 0.054896 0.809513
5 0.0659967 0.301774 0.0388324 0.0712967 0.798804
3 0.185891 0.550926 0.0448842 0.0715243 0.788041
3 0.118194 0.410324 0.0445053 0.0747667 0.78399
4 0.643866 0.378574 0.031123 0.0909738 0.75789
3 0.170433 0.607655 0.0532948 0.0863945 0.744414
4 0.623536 0.291035 0.043961 0.0812682 0.735863
3 0.0230155 0.226329 0.0296274 0.0498599 0.677994
0 0.415185 0.536955 0.0115094 0.035759 0.672835
3 0.291442 0.952337 0.0760509 0.0922337 0.661605
3 0.0075809 0.241052 0.0151618 0.0515222 0.644739
3 0.0417518 0.265908 0.0323847 0.0493792 0.642329
3 0.0863615 0.352699 0.0380569 0.0573484 0.640982
0 0.318357 0.616724 0.0109694 0.0389262 0.574356
3 0.00834198 0.188821 0.016684 0.04334 0.56173
4 0.578791 0.226673 0.0373207 0.0722595 0.560628
9 0.100277 0.909835 0.0211713 0.0532072 0.535194
4 0.708138 0.434101 0.0482729 0.0818256 0.526037
9 0.125313 0.877344 0.0394875 0.0505274 0.51286
4 0.283436 0.670601 0.0671132 0.0682657 0.50812
3 0.284238 0.670542 0.0670511 0.0682888 0.488873
3 0.70787 0.433237 0.0491796 0.0827071 0.483374
9 0.0155994 0.940254 0.0311988 0.054866 0.424677
4 0.290874 0.950968 0.0765184 0.0929364 0.385696
9 0.129029 0.828554 0.0225299 0.0368373 0.381435
0 0.243363 0.565315 0.00871164 0.0319377 0.380015
0 0.310197 0.619059 0.0102061 0.0335599 0.366961
9 0.129191 0.759823 0.0193329 0.0567805 0.261833
