0 0.566786 0.704186 0.00910706 0.0216429 0.645841
0 0.548387 0.695177 0.0115295 0.0264044 0.64251
0 0.446973 0.0288684 0.0099489 0.0295588 0.629511
0 0.564616 0.815845 0.00851227 0.0240012 0.619404
0 0.554693 0.818923 0.0081189 0.0248614 0.592056
0 0.471561 0.243907 0.00700112 0.0294215 0.587148
0 0.494689 0.20351 0.00679208 0.023843 0.579238
0 0.501904 0.246716 0.00875702 0.0252321 0.575822
0 0.462413 0.12038 0.00726048 0.0223021 0.550557
0 0.475771 0.161123 0.0109724 0.0254221 0.544653
0 0.461397 0.174391 0.0103138 0.0229745 0.525174
0 0.580618 0.425083 0.0123539 0.0199155 0.523622
0 0.5048 0.207394 0.00792258 0.026561 0.522134
0 0.581436 0.49576 0.0103056 0.029998 0.519191
0 0.48947 0.250256 0.00869332 0.0280302 0.494991
0 0.592436 0.838074 0.0089413 0.0193135 0.485771
0 0.545866 0.907662 0.00885699 0.022448 0.482575
0 0.473183 0.162138 0.00892487 0.0245063 0.470981
0 0.518339 0.247159 0.00950278 0.0234882 0.406011
0 0.489329 0.301915 0.00757503 0.027577 0.395753
0 0.496771 0.302682 0.00860731 0.0272835 0.392114
0 0.510272 0.282872 0.00806941 0.0264858 0.373262
0 0.46329 0.173523 0.0109413 0.0214157 0.368028
0 0.516077 0.727074 0.00749076 0.0228666 0.357934
0 0.47193 0.137426 0.0079136 0.0215956 0.348578
0 0.490283 0.299202 0.00882865 0.0244087 0.346011
0 0.466911 0.297099 0.00850935 0.020714 0.332167
0 0.43884 0.076345 0.0100242 0.0309172 0.322546
0 0.46123 0.119737 0.00996111 0.0223626 0.316541
0 0.520729 0.754137 0.00824328 0.0225536 0.304951
0 0.598665 0.715187 0.0101383 0.0299436 0.296921
0 0.5328 0.773829 0.0078741 0.024382 0.296364
0 0.465617 0.0167886 0.00890664 0.0248636 0.295063
0 0.566495 0.700073 0.00886479 0.0289038 0.27366
0 0.479051 0.239382 0.0092228 0.0217034 0.271955
0 0.566188 0.69241 0.0108083 0.0338387 0.261971
0 0.914713 0.271714 0.0127342 0.0195223 0.251598
