3 0.957657 0.607966 0.0639457 0.0593534 0.841988
3 0.335699 0.155198 0.0290662 0.0632161 0.832748
3 0.764226 0.414236 0.064028 0.058432 0.819105
3 0.316914 0.230293 0.0364596 0.067078 0.794984
3 0.671671 0.0961844 0.0257261 0.0556096 0.772675
3 0.972519 0.576775 0.0545418 0.055849 0.713051
9 0.80022 0.827307 0.031873 0.0184422 0.640891
0 0.298014 0.829236 0.0162716 0.018974 0.638572
3 0.371999 0.0180148 0.0305851 0.0360297 0.606594
5 0.830294 0.465239 0.055148 0.0735361 0.579305
4 0.972309 0.576589 0.0552734 0.0555481 0.564739
3 0.793175 0.427486 0.0373588 0.0415955 0.453125
0 0.651595 0.730477 0.013707 0.0208339 0.424365
0 0.146958 0.992912 0.0121244 0.0139087 0.347856
0 0.668615 0.14157 0.00806427 0.0257085 0.304479
