0 0.382454 0.443363 0.00913121 0.0269926 0.671032
0 0.464821 0.330455 0.00872654 0.0218536 0.669004
0 0.398519 0.436986 0.00971231 0.0330743 0.667061
0 0.3479 0.68919 0.010363 0.0202475 0.624845
0 0.45414 0.325979 0.00839098 0.0225135 0.608487
0 0.476264 0.331931 0.0103077 0.0199344 0.607997
0 0.359231 0.35463 0.0094902 0.0188915 0.542148
0 0.607173 0.977449 0.0135126 0.0267876 0.538658
0 0.461257 0.670033 0.0101526 0.0188741 0.474118
0 0.383398 0.431951 0.00927194 0.026345 0.467906
0 0.449038 0.989855 0.0119703 0.0197283 0.450965
0 0.416086 0.41294 0.010364 0.018903 0.430639
0 0.383034 0.436204 0.00930468 0.0309257 0.395032
0 0.473011 0.608743 0.0125708 0.0227948 0.362614
0 0.327369 0.68606 0.0123339 0.0294199 0.341852
0 0.400248 0.438784 0.0120237 0.0271243 0.273356
