5 0.477053 0.706248 0.0307358 0.0839742 0.885844
5 0.49249 0.622811 0.0449927 0.140093 0.872433
5 0.558402 0.963637 0.0495632 0.0727261 0.855975
3 0.603477 0.976671 0.0296015 0.0458729 0.849261
3 0.722483 0.744273 0.0401722 0.0276559 0.841252
5 0.519904 0.76246 0.0504281 0.170434 0.836219
5 0.455103 0.90526 0.0468797 0.189481 0.83377
5 0.433008 0.467899 0.02498 0.0686195 0.829435
3 0.719335 0.718422 0.039928 0.0280585 0.818778
5 0.457069 0.605162 0.034647 0.119959 0.815149
5 0.527139 0.332029 0.0546869 0.0274606 0.808153
8 0.378988 0.383574 0.0201753 0.0742652 0.795731
9 0.74137 0.78039 0.0189195 0.0158257 0.791622
5 0.498517 0.858792 0.0541553 0.216043 0.780911
8 0.46231 0.326 0.0477926 0.0338189 0.773004
3 0.193258 0.337602 0.0228861 0.0141517 0.764413
3 0.54137 0.42431 0.0188099 0.0203007 0.750907
3 0.210411 0.538901 0.0324788 0.0182954 0.744858
5 0.371148 0.310961 0.0180678 0.0372505 0.744501
3 0.193844 0.613382 0.0355507 0.0213337 0.733783
5 0.80442 0.18809 0.0256821 0.0258766 0.713833
3 0.40191 0.302665 0.0139968 0.01514 0.693353
3 0.421655 0.319018 0.0204283 0.0174088 0.682715
3 0.748439 0.921057 0.0298908 0.0517814 0.671374
3 0.520517 0.45971 0.0219183 0.0176079 0.668504
3 0.194916 0.597472 0.0354326 0.0207438 0.653203
5 0.421645 0.409589 0.025573 0.0711567 0.646299
3 0.221681 0.34343 0.0205269 0.015147 0.645345
5 0.490913 0.309522 0.0295441 0.025905 0.644124
3 0.371185 0.188558 0.00767081 0.0107065 0.615296
5 0.465245 0.535267 0.0173577 0.0382774 0.607332
5 0.435044 0.391409 0.019086 0.0469276 0.584925
3 0.534865 0.435331 0.020053 0.0180311 0.577813
5 0.370337 0.259993 0.0191583 0.054623 0.569636
3 0.207504 0.552219 0.0333923 0.0178136 0.567957
3 0.206556 0.555576 0.033902 0.0217217 0.557721
5 0.462132 0.429781 0.0200373 0.0394271 0.557403
3 0.388309 0.290336 0.0110309 0.0122655 0.554172
5 0.45485 0.466921 0.0341112 0.0956346 0.532236
3 0.197817 0.579888 0.0327847 0.0210958 0.51936
5 0.461193 0.491133 0.0216303 0.0450577 0.50611
3 0.52668 0.444477 0.0207577 0.0162638 0.504543
8 0.593306 0.322899 0.0444078 0.0337572 0.503858
8 0.546477 0.290573 0.0426507 0.0235009 0.494699
4 0.443578 0.527854 0.0213179 0.0409605 0.481674
3 0.514956 0.481347 0.0210064 0.0165069 0.469954
3 0.205762 0.561986 0.0338741 0.0207292 0.465749
3 0.529683 0.437334 0.0203036 0.0172062 0.464843
3 0.454413 0.40822 0.0121283 0.0172462 0.451276
3 0.919453 0.229451 0.0162906 0.0115679 0.450276
3 0.465359 0.298711 0.0200864 0.0143839 0.44265
3 0.370391 0.151724 0.00570042 0.0132358 0.441969
3 0.400437 0.301286 0.0134793 0.0159806 0.437711
3 0.184885 0.629911 0.037452 0.0230682 0.426815
4 0.185002 0.629634 0.0367524 0.0228892 0.396031
3 0.571138 0.448054 0.0230804 0.0158737 0.392171
5 0.542185 0.909472 0.0295398 0.0540835 0.381299
3 0.542418 0.90887 0.0288483 0.0516424 0.366253
3 0.442794 0.289352 0.00955296 0.0113131 0.361403
5 0.437842 0.394284 0.0229439 0.0497014 0.361022
5 0.829804 0.185662 0.0313474 0.0316527 0.357244
3 0.835143 0.22027 0.0182362 0.0120525 0.351897
3 0.547322 0.463746 0.0162044 0.0257887 0.349686
5 0.449414 0.38729 0.0125545 0.0383404 0.341037
3 0.769792 0.902093 0.0379446 0.045032 0.339401
5 0.860528 0.216039 0.0294731 0.0245451 0.334242
3 0.570798 0.450876 0.0237003 0.0173385 0.324023
3 0.450535 0.387131 0.0130039 0.021475 0.323392
3 0.330984 0.0935615 0.00561362 0.00772648 0.320734
9 0.748212 0.70101 0.019406 0.0190286 0.319582
5 0.447872 0.441904 0.024551 0.0650505 0.314323
5 0.37872 0.382312 0.0203453 0.0773518 0.309633
3 0.940881 0.218892 0.0165943 0.012329 0.296644
3 0.233243 0.329769 0.0150981 0.0134819 0.296189
5 0.590257 0.322221 0.037394 0.0317149 0.290742
3 0.959201 0.231388 0.0184357 0.0127976 0.284411
4 0.240985 0.64013 0.0165404 0.0325811 0.279161
4 0.546675 0.464692 0.0180923 0.0263931 0.275403
3 0.960216 0.235271 0.0171967 0.0128283 0.271913
5 0.444022 0.52878 0.0228752 0.0432462 0.270489
3 0.160217 0.208633 0.0170661 0.00916157 0.268705
8 0.545571 0.28378 0.0439602 0.0206382 0.266253
3 0.575776 0.469325 0.0278562 0.0184898 0.261635
3 0.427582 0.103922 0.0115484 0.0091053 0.259774
3 0.573633 0.464838 0.0250658 0.0190383 0.258036
3 0.571285 0.457077 0.0242354 0.0168907 0.257166
4 0.57903 0.472415 0.0283965 0.0223483 0.256324
5 0.664164 0.145247 0.030221 0.019713 0.254142
