0 0.648278 0.461757 0.00955161 0.0268858 0.648001
0 0.960104 0.199512 0.0155579 0.0366338 0.568192
3 0.821923 0.674041 0.0505424 0.0932377 0.555008
0 0.782727 0.376108 0.0113716 0.0304231 0.498816
0 0.199437 0.127972 0.0147064 0.0383974 0.461444
0 0.906623 0.276634 0.0144093 0.0332802 0.388416
0 0.805259 0.283046 0.0143284 0.0382747 0.367409
0 0.803777 0.40127 0.0111602 0.0291741 0.332019
0 0.903369 0.271056 0.0148945 0.0314646 0.303053
0 0.633995 0.437307 0.0102671 0.0246483 0.298787
0 0.598405 0.374323 0.00951577 0.0248293 0.287256
0 0.693272 0.510465 0.0106189 0.0229774 0.285729
0 0.878653 0.292308 0.0137249 0.0371607 0.281976
