3 0.385142 0.55515 0.103751 0.133229 0.926855
3 0.481383 0.447931 0.0982744 0.114052 0.921459
3 0.214598 0.535486 0.104603 0.124637 0.91198
4 0.602546 0.272223 0.0852747 0.123632 0.89474
3 0.128957 0.419965 0.116306 0.113708 0.893213
4 0.441564 0.813293 0.0954444 0.138745 0.870052
3 0.515561 0.670127 0.101987 0.160717 0.845308
3 0.533143 0.915276 0.119036 0.169448 0.831458
3 0.0842876 0.744531 0.123274 0.18051 0.710689
0 0.440752 0.407514 0.0171345 0.0425975 0.708215
0 0.465313 0.198508 0.013006 0.0466381 0.703593
3 0.619562 0.591412 0.0799619 0.156048 0.68925
4 0.533669 0.914528 0.119819 0.170145 0.68687
4 0.6194 0.590683 0.0801796 0.15535 0.605653
4 0.51576 0.670164 0.102346 0.161141 0.48576
0 0.474124 0.381561 0.0199995 0.0389598 0.268193
