3 0.384489 0.903652 0.0172037 0.0441568 0.865907
5 0.399646 0.649148 0.0271582 0.0873675 0.835477
5 0.421898 0.534578 0.0191065 0.0497305 0.826265
3 0.316618 0.873989 0.0300498 0.0221036 0.821416
3 0.381175 0.772418 0.0144403 0.0351526 0.803309
3 0.363193 0.860373 0.0160548 0.0386296 0.796722
3 0.462719 0.701007 0.0241196 0.0159877 0.756253
3 0.442339 0.830189 0.0291858 0.0197917 0.698098
3 0.365344 0.65836 0.0255989 0.018147 0.692698
3 0.440144 0.438298 0.00728276 0.0116282 0.661393
3 0.432984 0.945028 0.033721 0.0255364 0.659467
3 0.43158 0.487252 0.00765817 0.0134235 0.659275
5 0.442894 0.405861 0.0100077 0.0340944 0.632388
3 0.435509 0.461468 0.00852395 0.0114934 0.624138
3 0.477799 0.45419 0.0132052 0.00931176 0.618792
3 0.462935 0.551663 0.0170652 0.0121554 0.613498
3 0.424006 0.601438 0.0105245 0.019692 0.530901
3 0.452805 0.363144 0.00695247 0.00968009 0.530034
3 0.375707 0.585715 0.0167593 0.0124471 0.516746
3 0.323166 0.783245 0.0295595 0.0179494 0.515085
4 0.439802 0.591788 0.00997406 0.0207609 0.508937
3 0.466344 0.651078 0.0210646 0.014502 0.488782
5 0.33817 0.972668 0.0323257 0.0543122 0.460729
5 0.442144 0.412246 0.00937827 0.0244298 0.459145
3 0.479316 0.436474 0.00996726 0.0105773 0.449259
3 0.4782 0.413744 0.00847273 0.0108911 0.444042
4 0.464663 0.782455 0.026409 0.0197105 0.427344
3 0.472997 0.411796 0.00881204 0.0104731 0.409239
3 0.4655 0.781968 0.0274314 0.0194514 0.397411
3 0.800311 0.760962 0.0293212 0.0206156 0.388847
5 0.456994 0.332229 0.00660086 0.0145792 0.370868
3 0.467341 0.489546 0.014633 0.0104608 0.362054
3 0.728759 0.730818 0.0203842 0.0174688 0.355949
3 0.934647 0.41875 0.0136353 0.00902178 0.353873
3 0.416275 0.43557 0.0123392 0.0121983 0.345617
5 0.477382 0.236135 0.00796204 0.013573 0.319035
8 0.969757 0.402994 0.0333173 0.0219372 0.317735
3 0.407625 0.468929 0.0177277 0.0122372 0.31718
9 0.413209 0.809078 0.00473764 0.0153353 0.299715
3 0.383749 0.553891 0.0187189 0.0120966 0.298065
3 0.365243 0.648995 0.0212292 0.0147852 0.297211
3 0.461384 0.547438 0.0181156 0.011627 0.282716
9 0.347343 0.841464 0.00719513 0.0132455 0.2729
3 0.374862 0.622675 0.0177958 0.0130308 0.263367
3 0.464368 0.53623 0.0148962 0.0117507 0.259767
9 0.33993 0.73559 0.0118162 0.0124672 0.255739
3 0.401797 0.508934 0.0105772 0.0111891 0.254688
3 0.467136 0.529429 0.0136128 0.0117775 0.25412
4 0.425644 0.601639 0.01133 0.0209852 0.251253
3 0.382173 0.555596 0.0166485 0.0127609 0.250799
