7 0.488021 0.493906 0.0559242 0.0469244 0.818875
0 0.86191 0.360395 0.019938 0.0274808 0.757389
7 0.530509 0.905846 0.0297904 0.10575 0.647918
9 0.15631 0.241511 0.0168213 0.0697747 0.635165
0 0.834921 0.3143 0.0209722 0.0301148 0.633044
0 0.638874 0.401872 0.0111955 0.0266592 0.632363
9 0.587061 0.255057 0.013453 0.0581456 0.613235
9 0.654526 0.24997 0.0132643 0.0618593 0.598946
0 0.618692 0.431652 0.0139604 0.0252898 0.58771
0 0.839992 0.335136 0.0179753 0.0275994 0.586934
7 0.451034 0.696982 0.0238732 0.0897915 0.58303
7 0.472509 0.825463 0.0256661 0.103277 0.582493
0 0.0723041 0.349773 0.0155997 0.0376328 0.571662
9 0.232025 0.268012 0.0123538 0.0683223 0.555585
9 0.660863 0.324056 0.0137367 0.039486 0.553089
5 0.350725 0.89865 0.0994214 0.118117 0.530517
0 0.532808 0.519615 0.0118849 0.027727 0.527017
0 0.593097 0.497302 0.0170837 0.0258137 0.520554
0 0.528698 0.338339 0.0127903 0.0336125 0.515834
0 0.212896 0.82728 0.0185013 0.0280418 0.510292
9 0.202183 0.268326 0.0192901 0.0657104 0.506102
0 0.0333209 0.382491 0.0239298 0.0271737 0.505038
9 0.263112 0.287111 0.0124759 0.0611908 0.504207
0 0.351519 0.42169 0.0151454 0.0227308 0.501062
9 0.198887 0.267347 0.0176632 0.0630166 0.489624
9 0.344678 0.265163 0.0149786 0.0643617 0.488459
9 0.629357 0.248905 0.0127153 0.0551208 0.451546
9 0.584227 0.253315 0.0147266 0.0571246 0.450522
0 0.824831 0.414665 0.0188226 0.0250294 0.445355
9 0.522217 0.245068 0.0161163 0.0596853 0.442084
0 0.890687 0.414587 0.031923 0.0279742 0.441281
0 0.958996 0.3675 0.0269512 0.0307061 0.42595
0 0.196567 0.774168 0.0298593 0.0237869 0.413588
9 0.435926 0.25049 0.0116989 0.0526249 0.411702
9 0.559935 0.244081 0.0120006 0.0505753 0.395069
0 0.597881 0.502458 0.0223137 0.0223967 0.378738
9 0.557929 0.245707 0.0109274 0.0483181 0.377816
9 0.567248 0.245873 0.0124326 0.0518714 0.373909
7 0.424149 0.789662 0.0246533 0.0895536 0.372752
9 0.329383 0.242441 0.0126697 0.0593661 0.369507
0 0.528042 0.354807 0.0136938 0.048053 0.363056
9 0.539463 0.247681 0.0105971 0.0485841 0.362216
9 0.616731 0.246005 0.0155606 0.0611584 0.361564
0 0.11058 0.131177 0.0161631 0.0499582 0.357245
9 0.612765 0.24807 0.0149299 0.0585158 0.357096
9 0.612325 0.253711 0.0127727 0.0491655 0.355237
0 0.596567 0.498967 0.0246515 0.0286699 0.354274
0 0.762342 0.579576 0.0243074 0.0371487 0.35381
9 0.0389802 0.453016 0.0250297 0.0479142 0.352618
9 0.0610898 0.471806 0.0288145 0.0583349 0.351345
9 0.313718 0.296544 0.0141772 0.0446844 0.349566
9 0.503928 0.318939 0.0111712 0.0369236 0.347148
0 0.895667 0.388946 0.0217787 0.0231486 0.341924
9 0.228609 0.266656 0.0147379 0.0712437 0.337733
9 0.56997 0.246262 0.0128315 0.0510438 0.332948
9 0.67048 0.242614 0.0129575 0.0599054 0.331928
0 0.52749 0.362261 0.0123254 0.0354074 0.325313
9 0.430864 0.245385 0.0134625 0.0567734 0.32314
9 0.224546 0.256703 0.0164931 0.0686098 0.31435
9 0.452941 0.268281 0.014695 0.0656354 0.310593
9 0.226483 0.261906 0.0187434 0.0784495 0.30008
9 0.488113 0.321049 0.0114501 0.0414153 0.293276
0 0.894506 0.40387 0.0260174 0.0411776 0.291788
0 0.451463 0.422058 0.0237274 0.0243692 0.288062
9 0.645718 0.247632 0.0126381 0.056566 0.28343
6 0.496751 0.633201 0.026269 0.131721 0.283019
0 0.954219 0.432238 0.0224247 0.0303495 0.282473
9 0.565184 0.245819 0.0164736 0.0557185 0.279274
0 0.895543 0.409902 0.0238544 0.0324925 0.278871
9 0.418237 0.249154 0.0146149 0.0494334 0.273367
7 0.122345 0.560386 0.0441699 0.0670556 0.266718
9 0.486655 0.403893 0.0253481 0.0262934 0.26558
7 0.495953 0.634318 0.0259599 0.13088 0.264113
0 0.0746384 0.391474 0.0191164 0.0294461 0.253171
0 0.550624 0.514061 0.0178282 0.0219152 0.250893
