0 0.418091 0.0489599 0.00825566 0.0353732 0.759353
0 0.4619 0.213446 0.00779057 0.028933 0.686472
0 0.47277 0.13737 0.00885066 0.0245613 0.665784
0 0.408584 0.779412 0.00976907 0.0197837 0.629268
0 0.430046 0.0694103 0.00881387 0.0338787 0.625993
0 0.401689 0.41529 0.0112248 0.0260709 0.603294
0 0.392582 0.781541 0.0106608 0.0184689 0.601618
0 0.407524 0.222255 0.00850895 0.0273123 0.594704
0 0.439876 0.074306 0.0088705 0.0307529 0.578627
0 0.441129 0.234174 0.0101247 0.0304234 0.563194
0 0.380958 0.941827 0.0104735 0.0258468 0.553084
0 0.430861 0.23023 0.00838662 0.0280668 0.531888
9 0.380849 0.583596 0.026659 0.0217435 0.53142
0 0.396506 0.264491 0.00903852 0.0257665 0.522028
0 0.391017 0.703485 0.0140257 0.0161362 0.514426
0 0.441827 0.822388 0.0109698 0.0168645 0.50586
0 0.456458 0.407704 0.00928135 0.0191388 0.50194
0 0.420399 0.325723 0.0169241 0.0219941 0.5005
7 0.481951 0.36592 0.0332417 0.048277 0.490935
0 0.461394 0.214437 0.0103819 0.0321407 0.471196
0 0.381361 0.729159 0.0154961 0.0158676 0.451702
0 0.396835 0.955561 0.0112906 0.0228513 0.436866
0 0.459286 0.245603 0.0119006 0.0244114 0.419868
0 0.304912 0.664123 0.0143631 0.0200019 0.397345
0 0.614971 0.0168364 0.0118154 0.0314823 0.38422
9 0.433344 0.282122 0.0299617 0.0251174 0.383327
0 0.424216 0.809289 0.0117252 0.0175633 0.38314
0 0.417641 0.866397 0.0115324 0.021426 0.382134
0 0.460966 0.0147572 0.0103126 0.0273009 0.379736
0 0.429404 0.910558 0.00960292 0.0262299 0.36165
9 0.415752 0.611767 0.0189037 0.0198381 0.355476
7 0.507376 0.0448975 0.0380177 0.0698326 0.346517
9 0.404333 0.514582 0.0185816 0.0278029 0.335908
0 0.435946 0.232771 0.0102939 0.03178 0.334718
0 0.40801 0.986038 0.0129695 0.0192215 0.318874
9 0.436442 0.574919 0.0221585 0.0238144 0.313476
9 0.491831 0.871822 0.0237278 0.0173159 0.311298
9 0.459597 0.931274 0.0271803 0.0202229 0.309953
0 0.402335 0.904758 0.0145109 0.028696 0.307124
0 0.429252 0.477838 0.0110218 0.0280989 0.297161
0 0.400017 0.414204 0.0125592 0.0229532 0.296998
0 0.407147 0.740728 0.0124955 0.018222 0.286642
0 0.359423 0.547217 0.0109427 0.0205863 0.285363
0 0.398595 0.684443 0.0141322 0.0177358 0.281829
0 0.397137 0.273805 0.00983294 0.0404462 0.278312
0 0.421967 0.755128 0.0151879 0.0189094 0.271165
9 0.383177 0.526705 0.0151604 0.0227917 0.269767
0 0.40573 0.850774 0.0105845 0.0236555 0.269038
0 0.334713 0.8372 0.00906143 0.0231241 0.261267
0 0.463312 0.212929 0.010899 0.0285265 0.260964
9 0.467912 0.785205 0.0264779 0.0162871 0.25491
