0 0.557897 0.670683 0.010918 0.0436007 0.62523
0 0.462369 0.389786 0.00848123 0.0355441 0.580032
2 0.497442 0.365679 0.00846178 0.0329484 0.533369
0 0.538683 0.674636 0.0104073 0.0434444 0.499011
0 0.465074 0.391326 0.00877664 0.0360961 0.485543
0 0.477236 0.390083 0.00880184 0.035063 0.470358
0 0.298611 0.0437805 0.00973081 0.0290093 0.446221
7 0.233981 0.0236133 0.0156502 0.0412873 0.437766
0 0.484564 0.406023 0.00780108 0.0350542 0.432339
0 0.460539 0.388491 0.00928449 0.0339296 0.41276
2 0.523938 0.59098 0.0104698 0.0438374 0.40075
1 0.49718 0.363579 0.00792446 0.0312375 0.366031
0 0.474258 0.408653 0.0110195 0.0368033 0.365877
0 0.471668 0.109387 0.00717621 0.0325232 0.333824
6 0.558386 0.48578 0.0243309 0.054877 0.311365
