0 0.423904 0.51244 0.010408 0.0188882 0.657819
0 0.376734 0.807842 0.0128297 0.0206763 0.653358
0 0.333518 0.647415 0.0134826 0.0218158 0.603538
0 0.404198 0.758621 0.0103978 0.0186307 0.596658
0 0.349293 0.672808 0.014032 0.0230723 0.561041
0 0.382423 0.714719 0.0152673 0.0243423 0.532072
0 0.33196 0.621775 0.0112041 0.0232174 0.522502
0 0.679374 0.336348 0.0109728 0.0201996 0.487108
0 0.78345 0.240842 0.0158682 0.0203537 0.470933
9 0.257213 0.731926 0.0204826 0.0203738 0.464503
0 0.456626 0.669992 0.0105944 0.022077 0.441344
9 0.92624 0.244735 0.019648 0.0399888 0.432748
0 0.350657 0.628498 0.0115615 0.0190953 0.419862
9 0.877872 0.202962 0.0251598 0.0348027 0.409445
9 0.712555 0.104504 0.02997 0.0277466 0.395965
0 0.443502 0.65815 0.0111152 0.022809 0.389178
9 0.404861 0.263072 0.012309 0.0389213 0.363627
9 0.900963 0.23687 0.0231977 0.0248497 0.334882
0 0.596689 0.901091 0.0131707 0.0190039 0.33166
0 0.675529 0.356552 0.0149731 0.0228112 0.3315
0 0.306023 0.71228 0.0197317 0.0217671 0.321624
0 0.474032 0.290748 0.0110998 0.0220877 0.3189
9 0.0919091 0.88849 0.0245131 0.0210722 0.315245
0 0.986741 0.353264 0.0242295 0.0199588 0.312191
9 0.584881 0.87613 0.0296121 0.0234639 0.299089
9 0.646134 0.108848 0.016827 0.0268598 0.2973
9 0.21342 0.802915 0.020648 0.0173162 0.290877
9 0.581605 0.874497 0.0213056 0.0214167 0.28395
0 0.559174 0.487904 0.0120834 0.0204451 0.27891
9 0.214355 0.78409 0.0195752 0.0161377 0.276056
0 0.539439 0.424536 0.0122086 0.0183518 0.275547
6 0.645126 0.613105 0.0450494 0.0299481 0.272547
9 0.0743814 0.850589 0.02769 0.0191634 0.269563
9 0.757186 0.637184 0.0266895 0.0225097 0.264537
9 0.987144 0.353189 0.0248577 0.0203941 0.255223
9 0.631003 0.596251 0.0266385 0.0245144 0.25467
0 0.564566 0.475722 0.0102521 0.0188245 0.251473
