3 0.211244 0.902826 0.04102 0.0715623 0.860207
3 0.172455 0.777618 0.0264496 0.0655783 0.837538
3 0.495734 0.956624 0.0595768 0.0782902 0.827277
3 0.277328 0.937015 0.0423117 0.0753296 0.826657
3 0.717386 0.137408 0.0199636 0.0202361 0.825047
3 0.168082 0.515096 0.0284264 0.0423754 0.824397
3 0.459232 0.379596 0.0281885 0.0355502 0.808447
3 0.0799 0.865117 0.0418617 0.0589844 0.794421
8 0.520404 0.429283 0.0791607 0.110526 0.789241
3 0.109587 0.581817 0.027978 0.0442646 0.777617
3 0.572861 0.270681 0.0253962 0.0339765 0.771515
3 0.761672 0.0946708 0.0183001 0.019799 0.762179
3 0.0432638 0.437363 0.0268442 0.0360378 0.761163
3 0.379316 0.437816 0.0358968 0.0353047 0.755014
3 0.0752042 0.404861 0.0249918 0.0373444 0.746927
3 0.653086 0.273553 0.02319 0.0334453 0.740956
3 0.0125144 0.43867 0.0250287 0.0361975 0.734045
3 0.266433 0.611507 0.0495452 0.0488631 0.719951
3 0.696084 0.223617 0.0202881 0.0286521 0.719345
4 0.102662 0.473053 0.0277595 0.048112 0.713792
3 0.0414218 0.532551 0.023607 0.0403935 0.709493
3 0.693228 0.262578 0.0226912 0.02945 0.70081
3 0.145108 0.484152 0.0263451 0.0416748 0.698128
3 0.848532 0.38921 0.0376583 0.0333821 0.687273
3 0.143812 0.530275 0.0266278 0.0430041 0.665634
3 0.67656 0.244306 0.0223585 0.0275292 0.665598
4 0.121986 0.535638 0.0405714 0.0698217 0.65288
3 0.843437 0.0126432 0.014037 0.0228546 0.65044
3 0.907599 0.402706 0.0414324 0.0379333 0.649534
3 0.078274 0.537051 0.032314 0.0481818 0.64607
8 0.384609 0.519483 0.104414 0.120428 0.642121
3 0.62906 0.300268 0.0247335 0.0327204 0.636246
8 0.605865 0.333507 0.0413562 0.0493417 0.631074
3 0.717962 0.199926 0.0211635 0.0269745 0.629319
3 0.733199 0.210553 0.0175882 0.0318235 0.623439
5 0.404777 0.554726 0.0929305 0.130466 0.620509
3 0.871445 0.358038 0.0390875 0.030782 0.617195
3 0.0897574 0.508035 0.0228011 0.0403873 0.573778
3 0.71528 0.225207 0.0195657 0.0327104 0.542602
3 0.639051 0.318971 0.023678 0.0311774 0.525551
3 0.0155785 0.496777 0.0257636 0.0414059 0.521961
3 0.468758 0.503139 0.0315859 0.043812 0.516027
3 0.917976 0.0206185 0.0177185 0.0213192 0.506137
3 0.784749 0.0646094 0.0164406 0.0215727 0.496003
0 0.418181 0.643607 0.00740082 0.0249198 0.477822
3 0.273691 0.539639 0.0400813 0.0461698 0.477125
3 0.910611 0.0485712 0.0114227 0.0209443 0.460636
3 0.818129 0.0164867 0.0187388 0.0266732 0.426249
3 0.454055 0.485679 0.0304113 0.0400445 0.421283
3 0.517361 0.337744 0.0213632 0.0277803 0.409913
3 0.00495393 0.706575 0.00990787 0.058859 0.375655
3 0.468231 0.481699 0.029021 0.0408439 0.361933
3 0.834154 0.0144771 0.0121524 0.0234893 0.324753
3 0.992284 0.0368396 0.0149386 0.0221983 0.305264
3 0.0726948 0.477477 0.0224668 0.0385317 0.301545
3 0.509107 0.313453 0.0229681 0.0288989 0.293238
3 0.450065 0.221414 0.021104 0.0323878 0.29222
3 0.895261 0.0142748 0.0190569 0.0220329 0.284689
3 0.988227 0.266006 0.0234097 0.0337244 0.284652
0 0.4203 0.641234 0.00991115 0.0266492 0.28454
0 0.291758 0.573698 0.00981541 0.021347 0.282691
3 0.934242 0.0217567 0.0147242 0.0233729 0.280944
3 0.420106 0.256041 0.0252123 0.0356345 0.267046
3 0.0529676 0.493657 0.0221308 0.0489392 0.266619
3 0.563113 0.36551 0.0284859 0.0341033 0.253054
0 0.291644 0.564891 0.0114203 0.0310666 0.252739
