0 0.28246 0.890688 0.0142841 0.0372991 0.580182
0 0.878585 0.582667 0.0119094 0.0223365 0.559004
0 0.348173 0.294637 0.00900918 0.0289569 0.53774
0 0.966989 0.669467 0.0132167 0.0150349 0.496505
0 0.286097 0.716189 0.0125246 0.0266703 0.481228
0 0.303252 0.707198 0.012655 0.027755 0.446454
5 0.739675 0.689098 0.167223 0.157448 0.417237
0 0.351676 0.295134 0.00916833 0.0276277 0.383622
0 0.337823 0.338135 0.0069996 0.02838 0.351933
0 0.323579 0.487873 0.0096943 0.0250246 0.321424
0 0.290009 0.992962 0.0127988 0.014076 0.317722
0 0.34365 0.540217 0.00778704 0.0286439 0.290771
0 0.34753 0.334155 0.00792273 0.0288759 0.285156
0 0.361627 0.290081 0.00673 0.0234413 0.2772
0 0.298023 0.865838 0.0133879 0.0264409 0.266346
0 0.336032 0.333544 0.00956558 0.0281794 0.262527
0 0.289099 0.710675 0.0142939 0.0272122 0.250099
