0 0.366911 0.127048 0.0111889 0.0341296 0.591625
0 0.330238 0.0607314 0.0122067 0.0361923 0.55138
0 0.395031 0.156339 0.0105996 0.0274231 0.542925
0 0.366868 0.536355 0.0120183 0.0183384 0.536768
0 0.381491 0.125682 0.0101215 0.0275739 0.534755
0 0.3411 0.866599 0.0174999 0.0199235 0.533183
0 0.371343 0.0417792 0.0104633 0.029099 0.528612
0 0.394475 0.0905704 0.0100667 0.0299556 0.526578
0 0.371574 0.354073 0.0140839 0.0195421 0.520746
0 0.369511 0.570794 0.00960175 0.0160765 0.513649
0 0.39649 0.19405 0.0105242 0.0279536 0.504133
0 0.360396 0.885596 0.0115066 0.0186949 0.502934
0 0.381889 0.569871 0.00932181 0.0188566 0.497906
0 0.321307 0.794346 0.00852565 0.0194355 0.497362
0 0.374074 0.977691 0.0111066 0.0269699 0.4581
0 0.364261 0.812945 0.0122396 0.0242797 0.45611
0 0.397074 0.0435032 0.0121709 0.0358485 0.454929
0 0.339797 0.125372 0.0087983 0.0296123 0.449838
0 0.385745 0.33473 0.0126676 0.0241018 0.444508
0 0.379647 0.306809 0.0107206 0.0184908 0.438681
0 0.350766 0.601598 0.0122484 0.0182605 0.435664
0 0.357241 0.387235 0.00999603 0.0195815 0.426971
0 0.377989 0.441379 0.011749 0.0174769 0.416301
0 0.35522 0.0855106 0.0124305 0.0296068 0.397627
0 0.351107 0.470094 0.0152994 0.0180683 0.3904
0 0.35451 0.560142 0.0132126 0.0155756 0.38832
0 0.330576 0.812748 0.0101936 0.0183274 0.383585
0 0.382402 0.390354 0.0164447 0.0210114 0.382273
0 0.381055 0.419354 0.0125256 0.0178314 0.378533
0 0.357257 0.389793 0.0122243 0.0204616 0.372418
0 0.546606 0.401201 0.010624 0.023763 0.366433
0 0.367544 0.213882 0.011734 0.0264881 0.364668
0 0.367829 0.285387 0.0132193 0.0192269 0.356257
0 0.366765 0.872795 0.0105705 0.0287527 0.353933
0 0.361732 0.44594 0.0120425 0.0187273 0.351861
0 0.400476 0.0440711 0.0123707 0.033294 0.350374
0 0.379859 0.180946 0.0105621 0.0302552 0.346982
0 0.36701 0.172956 0.01106 0.0253088 0.333512
0 0.383785 0.127772 0.0110423 0.0290901 0.325606
0 0.36337 0.882588 0.0142509 0.0232738 0.307762
0 0.381054 0.38762 0.0155542 0.0231444 0.306202
0 0.352173 0.664421 0.0121553 0.023643 0.301928
9 0.307173 0.955213 0.025221 0.0393543 0.295663
0 0.3395 0.417172 0.0131178 0.0200968 0.29258
0 0.362038 0.817339 0.0119497 0.0164826 0.289765
0 0.375362 0.975761 0.0118249 0.0254877 0.285172
0 0.307442 0.684202 0.013548 0.0202747 0.284749
0 0.365394 0.809272 0.00959045 0.0263322 0.28079
0 0.326001 0.116962 0.0109442 0.0315498 0.27957
0 0.363299 0.878051 0.015482 0.0288878 0.277844
0 0.353217 0.305935 0.0149067 0.0196365 0.276397
0 0.432785 0.46976 0.0163591 0.0183043 0.273852
0 0.340818 0.0518793 0.00996107 0.0340972 0.270244
0 0.338674 0.25909 0.0104645 0.0249891 0.255559
0 0.343791 0.260997 0.0117747 0.0296113 0.253045
0 0.363228 0.443753 0.010848 0.0217694 0.251982
0 0.329415 0.773212 0.0109452 0.0175771 0.251913
0 0.474254 0.206354 0.0111736 0.028323 0.251414
