0 0.532051 0.530116 0.00831107 0.021507 0.497947
0 0.545422 0.0156105 0.00908269 0.02589 0.449036
0 0.252338 0.666218 0.00815702 0.024219 0.412327
0 0.266875 0.562469 0.0101541 0.024067 0.39338
0 0.317299 0.269461 0.0104471 0.0218546 0.384576
0 0.535095 0.461398 0.00997489 0.0258073 0.380781
0 0.344649 0.309679 0.00885524 0.0226786 0.372286
0 0.384451 0.361884 0.00664703 0.0137174 0.351133
0 0.27207 0.354322 0.0108859 0.0265448 0.347025
0 0.507377 0.0315092 0.00740758 0.0201986 0.33748
0 0.508492 0.033582 0.00839512 0.0224723 0.299668
0 0.326485 0.313024 0.00957757 0.0189161 0.297722
0 0.614398 0.0509772 0.00901162 0.0234994 0.28165
0 0.421971 0.370977 0.00663321 0.0140636 0.258429
