3 0.498856 0.850533 0.0386312 0.0535932 0.881296
3 0.421113 0.815274 0.0381224 0.0482259 0.861023
3 0.336592 0.852144 0.0561159 0.0674703 0.859234
3 0.424866 0.756429 0.035605 0.0364824 0.858563
3 0.542684 0.75532 0.0240145 0.0315178 0.84896
3 0.544344 0.839368 0.0318547 0.0495589 0.847416
3 0.491742 0.723676 0.0240111 0.0279152 0.834061
3 0.337645 0.930989 0.0732989 0.0982214 0.831119
3 0.519215 0.679417 0.0185944 0.0246822 0.815806
3 0.474341 0.703917 0.0247902 0.0253557 0.751591
3 0.573519 0.673327 0.0176984 0.0238464 0.721408
3 0.591896 0.62391 0.0124117 0.0144132 0.716338
3 0.598499 0.667971 0.0151434 0.0219974 0.689374
3 0.578219 0.724073 0.0204798 0.0349257 0.640734
3 0.533779 0.656107 0.0158989 0.0258843 0.636334
3 0.587616 0.644538 0.0139768 0.0159742 0.633853
3 0.556326 0.646801 0.0139616 0.0203539 0.539175
3 0.603485 0.597981 0.01124 0.0127749 0.496534
3 0.547708 0.618951 0.0143539 0.0139443 0.435341
3 0.533286 0.643211 0.0161346 0.0173037 0.395156
3 0.418512 0.989877 0.0701415 0.020246 0.380807
3 0.571467 0.603404 0.0121622 0.0148092 0.362629
3 0.59964 0.662469 0.0152471 0.0213994 0.349555
3 0.570605 0.598387 0.0120272 0.0147316 0.337253
3 0.58249 0.58563 0.00982029 0.0124194 0.316559
3 0.509742 0.707048 0.014047 0.0226857 0.308469
3 0.529414 0.637134 0.0134035 0.0174034 0.29362
3 0.551459 0.619916 0.0125551 0.0140325 0.280252
3 0.573168 0.61869 0.00935869 0.0144053 0.271296
3 0.623526 0.661223 0.0130513 0.0196149 0.265123
3 0.603717 0.601005 0.0107402 0.0147148 0.261552
