0 0.519059 0.577493 0.0104551 0.0319258 0.761547
0 0.478141 0.739891 0.00950897 0.0336863 0.739708
0 0.556534 0.0414524 0.00939418 0.0368569 0.739516
0 0.486186 0.940655 0.0127249 0.0267642 0.733292
0 0.543598 0.0409464 0.00967028 0.0341444 0.70227
0 0.494196 0.443097 0.00894793 0.0316458 0.676455
0 0.501488 0.582072 0.0116576 0.0358378 0.669609
0 0.502912 0.0781352 0.00838318 0.0361647 0.65852
7 0.0630961 0.425553 0.0982618 0.0929902 0.646467
0 0.591306 0.200947 0.0112551 0.0405274 0.621058
0 0.691073 0.314154 0.0101219 0.0341402 0.606422
9 0.47851 0.871529 0.0140264 0.0577863 0.588383
0 0.487805 0.434859 0.00793496 0.0365138 0.557327
0 0.51248 0.0468877 0.00772221 0.0369175 0.538268
0 0.489771 0.0666756 0.00823347 0.0372489 0.53488
0 0.522851 0.0481927 0.00830135 0.0363351 0.530317
0 0.522001 0.941291 0.0121251 0.0334375 0.525792
6 0.0694116 0.77809 0.0816327 0.0699323 0.518777
0 0.454633 0.374448 0.0105525 0.0348488 0.508034
0 0.489763 0.276425 0.0131479 0.0394562 0.507302
9 0.512452 0.88743 0.0134911 0.0618577 0.4782
0 0.542459 0.0440181 0.0107315 0.0364697 0.462692
0 0.469722 0.56654 0.0101648 0.0295029 0.460893
0 0.50193 0.497506 0.011618 0.0313489 0.456475
0 0.431299 0.49952 0.0154991 0.0387474 0.438435
0 0.473293 0.62679 0.0118139 0.0259559 0.438091
0 0.451866 0.49414 0.0119537 0.0342691 0.426652
0 0.453612 0.458173 0.0110744 0.0284848 0.426273
0 0.486814 0.432122 0.0111298 0.032007 0.420196
0 0.42971 0.429415 0.0132363 0.0328962 0.416515
0 0.455378 0.308042 0.0111408 0.0298888 0.412991
7 0.042989 0.464993 0.0748152 0.0892452 0.405591
0 0.912724 0.559757 0.0200329 0.0338903 0.394351
0 0.448631 0.350866 0.00996055 0.0298183 0.389154
0 0.486765 0.277801 0.0110361 0.0386757 0.387336
7 0.24049 0.28685 0.0809181 0.0620498 0.377653
0 0.504703 0.499378 0.014693 0.0320338 0.375645
0 0.505616 0.98692 0.0138845 0.0220675 0.37287
1 0.523694 0.125897 0.0100012 0.0350233 0.360772
0 0.511785 0.0491883 0.0110703 0.0373928 0.350521
0 0.681464 0.310171 0.0087507 0.0286222 0.333533
0 0.469084 0.472418 0.0109257 0.0344122 0.326544
6 0.044579 0.467104 0.074919 0.0884355 0.326422
7 0.228019 0.705354 0.0809348 0.0683517 0.314304
0 0.415522 0.0282068 0.00971392 0.0394129 0.3059
0 0.453413 0.272756 0.0104866 0.0355483 0.298425
2 0.523302 0.146169 0.00915479 0.0344429 0.290989
9 0.625764 0.725858 0.013846 0.0484811 0.288011
9 0.497861 0.862771 0.011689 0.0266348 0.281658
7 0.254263 0.600639 0.0802971 0.0789626 0.281029
0 0.499457 0.498272 0.011476 0.0289572 0.278299
6 0.0531649 0.835886 0.0870137 0.0705642 0.274832
0 0.571304 0.329967 0.0102941 0.0342436 0.274395
0 0.450627 0.353992 0.0115049 0.031547 0.271176
6 0.129383 0.665096 0.0328883 0.0769565 0.265962
7 0.201161 0.433958 0.0839395 0.055854 0.260382
0 0.674129 0.301322 0.011328 0.0348029 0.260381
0 0.498403 0.987447 0.0139178 0.0216937 0.259928
