5 0.492654 0.363522 0.102191 0.144857 0.917498
3 0.378997 0.493322 0.0824112 0.0851752 0.90357
3 0.37558 0.586967 0.075104 0.0943124 0.90157
3 0.122705 0.815456 0.117532 0.14165 0.880799
3 0.549311 0.400413 0.0652555 0.0778429 0.879716
3 0.607316 0.409711 0.061718 0.0743806 0.872133
3 0.46855 0.485266 0.0744285 0.0865341 0.867246
3 0.912957 0.126631 0.0377488 0.0493494 0.861094
4 0.508811 0.510187 0.078145 0.107345 0.78963
3 0.947427 0.146352 0.0393089 0.0577019 0.775374
0 0.722109 0.779874 0.0150388 0.0488392 0.748685
0 0.0485445 0.678381 0.0143609 0.0462346 0.707331
0 0.0580366 0.642981 0.0176464 0.0411409 0.660552
3 0.968369 0.0566211 0.0276611 0.0404465 0.568102
0 0.614625 0.100789 0.00923471 0.0379422 0.561901
3 0.555424 0.0960838 0.037043 0.0513587 0.542359
0 0.0107022 0.674261 0.0212024 0.042164 0.542196
0 0.0615115 0.610285 0.0171389 0.0445655 0.531916
3 0.950006 0.0834421 0.0326492 0.0515195 0.524797
0 0.579419 0.127164 0.00907514 0.0341139 0.361115
0 0.68113 0.0838377 0.00874891 0.0369799 0.286557
