3 0.498844 0.426352 0.104879 0.117394 0.893411
3 0.696415 0.499313 0.111711 0.10289 0.740898
3 0.273249 0.488456 0.106934 0.0957754 0.505345
5 0.336127 0.340368 0.0913252 0.103561 0.454432
3 0.385681 0.267337 0.0473785 0.0464819 0.419299
5 0.560497 0.410093 0.176217 0.175897 0.392162
3 0.369043 0.28474 0.0574833 0.0629429 0.365296
8 0.703234 0.36907 0.115901 0.135435 0.347937
3 0.375668 0.277434 0.0563037 0.0533366 0.337317
7 0.214139 0.567971 0.0736165 0.116106 0.315761
8 0.44791 0.141611 0.0479275 0.0646624 0.27535
3 0.399099 0.250748 0.0519264 0.0425063 0.267357
3 0.19657 0.467535 0.0925208 0.0895555 0.26467
