0 0.859204 0.905171 0.0220045 0.0630164 0.775806
0 0.715644 0.844362 0.016173 0.0493716 0.742216
0 0.752671 0.794174 0.015865 0.0463215 0.73996
0 0.398741 0.77079 0.0150319 0.0469017 0.727298
0 0.420941 0.425878 0.00674094 0.0197856 0.704548
0 0.412627 0.751604 0.0144943 0.0417595 0.690135
0 0.465432 0.576657 0.0123562 0.0327337 0.66532
0 0.247414 0.694775 0.0152451 0.0397263 0.647258
0 0.733898 0.736474 0.0138431 0.0399457 0.646946
0 0.466948 0.390652 0.00567989 0.0172849 0.626785
0 0.119115 0.435198 0.00903631 0.0202089 0.613694
0 0.384851 0.407175 0.00723912 0.0187906 0.60686
0 0.17485 0.369422 0.00517783 0.0149495 0.593267
0 0.877878 0.440282 0.00791975 0.0231927 0.542202
0 0.305759 0.340425 0.0037713 0.0131117 0.491507
0 0.227701 0.369798 0.00711526 0.0153361 0.47281
0 0.821812 0.400632 0.00635751 0.0197445 0.464229
0 0.386016 0.407781 0.00679901 0.0187438 0.463903
0 0.672527 0.520908 0.00873278 0.025081 0.463582
0 0.316358 0.339442 0.00521136 0.0132774 0.436203
0 0.40352 0.311529 0.00550419 0.0117095 0.433866
0 0.445294 0.428529 0.0080593 0.0172847 0.422851
0 0.170336 0.343298 0.0052289 0.0123344 0.41998
0 0.226736 0.369444 0.00487876 0.0154969 0.419514
0 0.726206 0.757431 0.0128664 0.0310088 0.406668
0 0.830622 0.400443 0.00612601 0.01927 0.402236
0 0.856018 0.344462 0.0059967 0.0137657 0.399621
0 0.0856684 0.432301 0.00906372 0.0167388 0.397501
0 0.164759 0.369915 0.00799074 0.0168727 0.380411
0 0.123603 0.364747 0.00557797 0.0162072 0.374791
0 0.673294 0.517145 0.00938289 0.0256077 0.358414
0 0.465773 0.39086 0.00657148 0.0170096 0.352282
0 0.218841 0.3421 0.00524098 0.011493 0.351153
0 0.203081 0.339185 0.00636891 0.012779 0.337493
0 0.428593 0.29555 0.0053772 0.0116341 0.330786
0 0.154227 0.363523 0.00442453 0.0140171 0.320864
0 0.243316 0.335642 0.00452624 0.0122171 0.317936
0 0.778801 0.313273 0.00495666 0.0121036 0.311635
0 0.42073 0.296536 0.00469609 0.0111903 0.30653
0 0.141238 0.361141 0.00527735 0.0134726 0.303519
0 0.192442 0.341335 0.00495115 0.0125912 0.296495
0 0.0846458 0.378386 0.00687037 0.0145895 0.291931
0 0.132378 0.367199 0.00479083 0.0157874 0.286379
0 0.422871 0.336831 0.00824162 0.0125477 0.28631
0 0.0100676 0.370588 0.00764083 0.0136989 0.279997
0 0.0855816 0.376928 0.00543538 0.0140712 0.279884
0 0.106512 0.359941 0.00535486 0.0153502 0.279622
0 0.118397 0.358585 0.00553679 0.016479 0.277558
0 0.113862 0.35381 0.00513715 0.015806 0.273172
0 0.092751 0.358364 0.00559681 0.0144448 0.26746
0 0.181987 0.342889 0.00445505 0.0119575 0.264907
1 0.806447 0.537939 0.0103018 0.0195465 0.252181
