3 0.648344 0.927146 0.0565477 0.0783282 0.91144
3 0.737571 0.874777 0.0608992 0.0575506 0.896011
3 0.363842 0.816108 0.0712923 0.0476265 0.870554
3 0.668321 0.784975 0.0380239 0.0374837 0.870117
3 0.487279 0.774144 0.0251659 0.0434031 0.864884
3 0.280057 0.917952 0.0614461 0.0850618 0.861964
3 0.363398 0.741287 0.0457967 0.0326213 0.820457
3 0.933834 0.768999 0.0512398 0.0264576 0.818608
4 0.248053 0.973763 0.0850983 0.0515338 0.813688
3 0.595448 0.68482 0.0229919 0.021861 0.806909
3 0.977188 0.739388 0.0443287 0.025755 0.78638
3 0.98381 0.804382 0.0323809 0.0359505 0.785725
3 0.457819 0.618508 0.0126482 0.01538 0.775904
5 0.321437 0.759866 0.0506969 0.0866885 0.765297
3 0.890179 0.829808 0.0725487 0.0394793 0.75428
3 0.921086 0.694298 0.0365282 0.0239115 0.736682
3 0.568236 0.639419 0.014044 0.0155392 0.704565
3 0.239412 0.726287 0.0617118 0.0307149 0.696747
3 0.865711 0.68982 0.0372348 0.0239497 0.696034
3 0.393634 0.682013 0.0216546 0.0236526 0.681844
3 0.861465 0.801667 0.0548573 0.0321134 0.672477
0 0.841679 0.969477 0.0155844 0.0505529 0.669497
3 0.469442 0.71866 0.022067 0.0384754 0.654176
3 0.347497 0.694111 0.0244905 0.0257406 0.63898
0 0.991754 0.86264 0.0127501 0.041276 0.629888
3 0.880002 0.734232 0.0455063 0.0253642 0.622887
3 0.825928 0.782296 0.0512764 0.0302451 0.585228
3 0.991491 0.712602 0.0170172 0.0205322 0.570309
3 0.41289 0.645518 0.0212003 0.0165577 0.568476
3 0.903355 0.751053 0.0543455 0.0253017 0.551499
0 0.175951 0.809664 0.0115982 0.0407621 0.544563
3 0.428914 0.597473 0.0112098 0.0125921 0.540677
3 0.836246 0.714309 0.0413168 0.0196584 0.536699
3 0.483843 0.562333 0.00708915 0.00807594 0.533256
3 0.426854 0.617769 0.0131519 0.0146011 0.526246
3 0.632661 0.649916 0.0213563 0.0119484 0.522709
3 0.593751 0.634379 0.0240904 0.0146269 0.522273
3 0.801832 0.764299 0.0472972 0.0278381 0.519289
3 0.790578 0.757003 0.0476117 0.0252889 0.51573
3 0.774046 0.740701 0.0390416 0.0234019 0.509601
3 0.405867 0.598123 0.0202119 0.0129514 0.504793
3 0.782708 0.752056 0.0461802 0.024102 0.490089
3 0.410769 0.648768 0.0205571 0.0166017 0.485731
3 0.378704 0.640308 0.0265427 0.0174826 0.475146
3 0.378813 0.635853 0.0267709 0.0144585 0.473397
3 0.863497 0.727533 0.0366439 0.0225305 0.466505
3 0.384451 0.626738 0.0292196 0.0135714 0.460951
3 0.874714 0.736183 0.0512276 0.0276439 0.45235
3 0.863042 0.722963 0.0349696 0.0206324 0.450642
3 0.777958 0.746835 0.0420357 0.0234571 0.441065
3 0.317454 0.699264 0.0209371 0.0213124 0.43673
3 0.398164 0.615229 0.021416 0.0140172 0.432877
3 0.372971 0.589429 0.0161773 0.011662 0.415989
3 0.573583 0.620014 0.0157234 0.0144399 0.404075
3 0.912595 0.756268 0.0507404 0.0246155 0.401146
3 0.317663 0.694335 0.0213316 0.0251347 0.397437
3 0.608059 0.65278 0.022015 0.0132564 0.39617
3 0.381488 0.628026 0.028259 0.0140416 0.395963
0 0.811028 0.876562 0.0129322 0.0378306 0.393525
3 0.448529 0.586241 0.00956203 0.0109362 0.381732
3 0.818258 0.773773 0.0482092 0.0262194 0.36895
3 0.643335 0.734965 0.0307646 0.0352821 0.367097
3 0.494501 0.559913 0.00691738 0.00742763 0.363599
3 0.407567 0.650481 0.0162848 0.0161967 0.360474
3 0.412668 0.593308 0.0192413 0.0111311 0.35248
3 0.597205 0.625875 0.0200207 0.0139562 0.351926
3 0.848185 0.72428 0.045369 0.0228349 0.348769
5 0.643251 0.733649 0.0314042 0.0371657 0.34389
3 0.334786 0.672801 0.0376647 0.0200162 0.339143
3 0.598333 0.62402 0.020541 0.0129786 0.337602
0 0.90236 0.718643 0.00794338 0.0217004 0.332239
3 0.769085 0.730125 0.0434464 0.0228383 0.327766
3 0.894206 0.741358 0.0541914 0.021529 0.320369
3 0.700481 0.654971 0.0249336 0.0196726 0.318969
3 0.82074 0.777644 0.0574891 0.0299011 0.317025
3 0.964076 0.718241 0.0469128 0.0235391 0.316943
3 0.37469 0.586982 0.0165774 0.0101926 0.316303
3 0.400367 0.604239 0.0193784 0.0118805 0.312776
3 0.834769 0.785335 0.0485011 0.0282097 0.312138
3 0.742556 0.66433 0.0228312 0.0159185 0.308262
3 0.529761 0.593115 0.0116302 0.0089152 0.30272
3 0.921765 0.763158 0.0508296 0.0254982 0.291425
4 0.960466 0.720986 0.0404308 0.0254712 0.290952
3 0.427166 0.61378 0.0131241 0.0150741 0.288503
3 0.386915 0.622387 0.0329651 0.0136047 0.27966
3 0.444089 0.560148 0.00815717 0.0078944 0.278802
3 0.569454 0.637899 0.0168484 0.0146426 0.278542
3 0.510148 0.569586 0.0081134 0.0108648 0.277237
3 0.843225 0.715771 0.044152 0.0182156 0.270794
3 0.883226 0.825976 0.0660202 0.0367157 0.270246
3 0.574636 0.621984 0.0161478 0.0140427 0.269616
3 0.806295 0.766909 0.0484012 0.0279699 0.26809
3 0.867046 0.825487 0.0564328 0.0320381 0.260673
3 0.380187 0.630922 0.028831 0.0156903 0.256317
