3 0.821658 0.565867 0.0451702 0.0653976 0.870706
3 0.383843 0.610527 0.0263168 0.0750563 0.863087
3 0.292584 0.450535 0.025131 0.0650112 0.859498
3 0.333548 0.4435 0.0254766 0.0678262 0.852931
3 0.10163 0.668603 0.0528262 0.0520238 0.852389
3 0.511624 0.551686 0.028516 0.0661574 0.851844
3 0.670234 0.754651 0.0495312 0.0736954 0.84322
3 0.644299 0.305032 0.0510944 0.0377018 0.839543
3 0.348185 0.60937 0.027732 0.0714154 0.822647
3 0.674031 0.437967 0.0455227 0.0544094 0.820978
3 0.423792 0.4473 0.0468083 0.0597885 0.817664
3 0.447307 0.587497 0.0279242 0.0711606 0.817642
3 0.714672 0.389987 0.0395141 0.0573107 0.81386
3 0.20479 0.589097 0.0291026 0.0691007 0.802295
3 0.474918 0.580258 0.0248217 0.0642253 0.79854
3 0.648047 0.274607 0.0464193 0.0386012 0.772622
3 0.567656 0.540265 0.0291779 0.0646928 0.770801
3 0.540784 0.544377 0.0245731 0.06542 0.758502
3 0.277653 0.603981 0.0274212 0.0825813 0.753105
5 0.748693 0.788112 0.0923225 0.12436 0.719124
3 0.750256 0.17955 0.0432258 0.057144 0.576648
9 0.310703 0.487927 0.0233116 0.0196928 0.463146
9 0.379389 0.422315 0.00981676 0.0305819 0.450595
4 0.863579 0.181616 0.033244 0.0428876 0.383189
9 0.396048 0.418112 0.0100337 0.0274695 0.377452
9 0.383666 0.419813 0.0136375 0.0345835 0.260169
