0 0.791549 0.243597 0.00851092 0.0122692 0.596181
0 0.791039 0.285423 0.0086581 0.013784 0.59245
0 0.579389 0.060956 0.0073141 0.0202129 0.549003
0 0.377719 0.303577 0.00722181 0.0195173 0.547216
0 0.328803 0.463986 0.00633211 0.0129526 0.536555
0 0.433345 0.398688 0.00758828 0.0143316 0.522726
0 0.581378 0.290883 0.00769252 0.0163966 0.520878
0 0.385656 0.333806 0.00882594 0.0167379 0.499408
0 0.386766 0.334705 0.00650347 0.0197362 0.496201
0 0.782754 0.393843 0.00898839 0.0121197 0.490106
0 0.788843 0.496069 0.00996347 0.0151971 0.488327
0 0.782208 0.341598 0.0076927 0.0169941 0.480484
0 0.764198 0.206418 0.00996538 0.0143918 0.479805
0 0.557633 0.412279 0.00612091 0.0194589 0.469492
0 0.776286 0.442754 0.00995579 0.0122759 0.452286
0 0.566172 0.379497 0.00804814 0.0185708 0.445614
0 0.583596 0.318612 0.00763759 0.0171549 0.442579
0 0.782243 0.345849 0.0076355 0.0189955 0.438281
0 0.782694 0.344083 0.00973101 0.0160766 0.4341
0 0.558589 0.398249 0.00693207 0.0198728 0.433984
0 0.567326 0.392041 0.00716627 0.0172847 0.430342
0 0.441851 0.469849 0.00528516 0.0105465 0.413114
0 0.773008 0.319254 0.00861965 0.0167505 0.405884
0 0.566532 0.067927 0.00843153 0.0194443 0.405004
0 0.56036 0.0890428 0.00822479 0.019737 0.389984
0 0.365575 0.713948 0.00962878 0.0122943 0.376928
0 0.569485 0.101487 0.00725115 0.0224905 0.367127
0 0.38959 0.594161 0.00833705 0.0116718 0.351422
0 0.571539 0.096709 0.00756683 0.0203834 0.315709
0 0.417665 0.62846 0.00747184 0.013394 0.309497
0 0.398304 0.660549 0.00911364 0.0119392 0.281998
0 0.418461 0.635836 0.00620518 0.016402 0.250704
