3 0.615146 0.500952 0.0224597 0.0406273 0.851413
3 0.457531 0.595153 0.0374248 0.0518333 0.809282
3 0.64956 0.464351 0.0239133 0.0346496 0.801086
4 0.611705 0.439946 0.0246635 0.041759 0.798465
3 0.0555418 0.959281 0.0564076 0.0697318 0.786926
3 0.674906 0.419825 0.0195619 0.032443 0.778642
8 0.667865 0.325987 0.0572345 0.0767663 0.698415
3 0.543915 0.583547 0.033178 0.0534315 0.596876
3 0.578157 0.546791 0.0292637 0.0416451 0.534681
3 0.614422 0.389696 0.0172697 0.0443712 0.465127
4 0.61435 0.38915 0.0171557 0.044101 0.38161
