4 0.47637 0.652942 0.0991216 0.084744 0.899423
3 0.493098 0.591017 0.0806176 0.0545054 0.870443
3 0.384727 0.716065 0.0496674 0.120829 0.864883
3 0.488041 0.958981 0.136123 0.0820386 0.857661
3 0.481225 0.469298 0.0586725 0.0425619 0.848962
3 0.264716 0.617665 0.0961775 0.055041 0.811481
3 0.489073 0.871422 0.137791 0.0817837 0.772857
5 0.737272 0.954089 0.106309 0.091787 0.551587
9 0.207566 0.93465 0.0577112 0.0373204 0.511821
3 0.228472 0.55229 0.0638379 0.040426 0.433027
9 0.229505 0.687158 0.0371759 0.0296089 0.422228
9 0.225035 0.72113 0.0315606 0.0252088 0.397005
3 0.468325 0.212563 0.0170185 0.0149797 0.314118
3 0.464452 0.232346 0.0170135 0.0193418 0.310703
9 0.242632 0.646156 0.0367621 0.0292633 0.278507
0 0.187849 0.907421 0.0219008 0.0493941 0.26897
0 0.575709 0.453546 0.0115702 0.0305732 0.257997
