3 0.310405 0.481328 0.0265208 0.0710822 0.884339
3 0.43702 0.852675 0.0409416 0.0707031 0.879831
3 0.530961 0.183337 0.0234577 0.0698884 0.874669
3 0.316264 0.307167 0.0242624 0.0703622 0.869568
3 0.522705 0.733823 0.0230945 0.0739675 0.869539
3 0.496357 0.406397 0.0225048 0.0605364 0.866189
3 0.493417 0.164195 0.0275799 0.0703704 0.856803
3 0.345884 0.86318 0.0255591 0.0667414 0.85215
3 0.525724 0.65693 0.0216974 0.0647553 0.852051
3 0.316491 0.187962 0.0251437 0.08376 0.822305
3 0.528893 0.566009 0.0245534 0.0761115 0.821555
3 0.533735 0.0233038 0.0213163 0.0464022 0.816372
3 0.527062 0.480234 0.0220224 0.0673582 0.813285
3 0.527163 0.385386 0.0226964 0.0673004 0.786418
4 0.493441 0.534928 0.0195486 0.0581693 0.782391
3 0.316237 0.0207659 0.0248055 0.0415318 0.697536
3 0.317709 0.0950411 0.0254566 0.077739 0.661553
3 0.538344 0.107092 0.0247416 0.0634188 0.62388
0 0.246022 0.315527 0.00834527 0.0145054 0.411503
0 0.538196 0.248274 0.0089856 0.0162989 0.390325
0 0.244987 0.317918 0.00911078 0.0147001 0.317921
0 0.243325 0.351302 0.00748014 0.0148595 0.31597
0 0.222822 0.329662 0.0086794 0.0131961 0.289218
9 0.482917 0.363777 0.0102358 0.0284695 0.250531
