0 0.394913 0.437866 0.00866363 0.0208582 0.50509
0 0.318224 0.372642 0.0124141 0.0231953 0.454661
0 0.379081 0.444093 0.00872402 0.0252866 0.443845
0 0.194987 0.0502451 0.0162576 0.027718 0.441355
0 0.428367 0.596542 0.0100766 0.0169823 0.424163
0 0.502857 0.826872 0.0077145 0.0207435 0.415185
0 0.344087 0.748016 0.00749331 0.0158194 0.405963
0 0.504831 0.866046 0.00686397 0.0166618 0.398648
0 0.267097 0.315965 0.0114213 0.0182816 0.383801
0 0.516738 0.817006 0.0092882 0.0191932 0.383343
0 0.392121 0.501933 0.00585615 0.0180049 0.376503
0 0.53192 0.770937 0.00965689 0.0191671 0.365419
0 0.503522 0.679757 0.0074605 0.0174662 0.360434
4 0.564434 0.589817 0.0313026 0.0612103 0.353829
0 0.256972 0.0646701 0.0118507 0.0209106 0.352079
0 0.31132 0.399771 0.0102572 0.0174373 0.350766
0 0.397754 0.498291 0.00873962 0.0203635 0.349207
0 0.145075 0.0422233 0.0169696 0.0298461 0.34897
0 0.323286 0.727971 0.0107238 0.0142864 0.340858
0 0.204622 0.92786 0.0135715 0.0206022 0.335149
9 0.540217 0.87038 0.00824528 0.0225978 0.331109
0 0.290912 0.827256 0.0103572 0.0175088 0.327936
0 0.443336 0.665262 0.00763406 0.0131053 0.325073
0 0.313427 0.400513 0.0117397 0.0167513 0.323436
0 0.393336 0.551897 0.00885603 0.0189503 0.321759
0 0.405982 0.550372 0.00794067 0.0176589 0.319113
0 0.38157 0.65062 0.00929679 0.0157654 0.311216
0 0.198174 0.013835 0.0198845 0.0266537 0.310247
0 0.357106 0.750166 0.00971547 0.0188754 0.302143
0 0.25152 0.315612 0.00963248 0.0175736 0.30066
0 0.444085 0.597679 0.0117708 0.0138463 0.287994
0 0.524045 0.90708 0.00715925 0.0185291 0.286486
0 0.379998 0.503375 0.00924905 0.0154473 0.284414
0 0.133135 0.0476568 0.0120064 0.0212363 0.280022
0 0.452168 0.689302 0.00996953 0.0161847 0.278182
0 0.379938 0.490665 0.00958418 0.0204868 0.268249
0 0.367896 0.570459 0.00791136 0.0145776 0.259452
0 0.489302 0.773302 0.00896319 0.0152475 0.258466
0 0.243827 0.115216 0.012884 0.021585 0.254682
0 0.343383 0.69662 0.00885132 0.0163938 0.254672
0 0.605089 0.91093 0.00804701 0.0170255 0.254615
0 0.530872 0.765918 0.00789298 0.0218418 0.252556
