0 0.496806 0.532294 0.0348164 0.086726 0.84046
3 0.734228 0.261752 0.0495823 0.0436281 0.822633
0 0.384969 0.448215 0.0212006 0.0638006 0.806219
0 0.635111 0.394621 0.0196579 0.0581338 0.790844
0 0.483862 0.285977 0.0117327 0.0442028 0.786183
0 0.575294 0.424869 0.0176392 0.0647466 0.772965
0 0.555689 0.397496 0.0158394 0.057344 0.758819
0 0.604353 0.358927 0.0157318 0.0521884 0.750114
0 0.557403 0.307741 0.0130926 0.0472263 0.734881
0 0.696527 0.454176 0.0209665 0.0634585 0.733995
0 0.671562 0.427312 0.0180403 0.0625237 0.728798
0 0.470742 0.442722 0.0183508 0.060133 0.728135
0 0.352455 0.289463 0.0141919 0.0422443 0.723093
0 0.373755 0.265 0.0110473 0.0362659 0.721913
0 0.579986 0.330239 0.0155624 0.0508612 0.714863
0 0.52929 0.351829 0.0146879 0.0512848 0.702074
0 0.407233 0.292275 0.0125334 0.0437364 0.688643
0 0.459247 0.405836 0.0166301 0.0551906 0.667326
0 0.447368 0.381591 0.0161492 0.0549812 0.663474
0 0.543762 0.36968 0.0156353 0.0504376 0.662677
0 0.541432 0.28861 0.0115616 0.0409191 0.644397
0 0.516183 0.329514 0.0132179 0.0486421 0.616318
0 0.503421 0.315167 0.0154344 0.046833 0.608094
0 0.303747 0.160446 0.00615836 0.0242647 0.568193
0 0.591376 0.341582 0.0138328 0.0454676 0.565939
0 0.316822 0.170635 0.00712832 0.0211798 0.513537
0 0.437177 0.351747 0.0133749 0.0448144 0.492418
0 0.346265 0.161621 0.00693998 0.0226007 0.480083
0 0.358584 0.164285 0.00628967 0.0222358 0.46298
0 0.417143 0.316671 0.0118603 0.0458269 0.450868
0 0.284292 0.173243 0.00668315 0.023113 0.440374
0 0.732397 0.293345 0.0142098 0.0348899 0.418234
3 0.861874 0.331018 0.0759695 0.0595348 0.407897
3 0.90648 0.391425 0.0833305 0.0779287 0.403504
0 0.33506 0.168714 0.00762416 0.021142 0.378915
0 0.591703 0.349161 0.014416 0.0420465 0.366254
0 0.266046 0.213638 0.00839787 0.0214808 0.32906
3 0.92131 0.38952 0.112369 0.0822659 0.312959
0 0.423851 0.332216 0.0114861 0.0448211 0.300358
0 0.741022 0.289349 0.0165024 0.0354749 0.296221
9 0.436292 0.265482 0.0290875 0.0269279 0.294234
0 0.323619 0.163541 0.00737983 0.0228113 0.293624
0 0.333213 0.16488 0.00529332 0.0197111 0.259503
0 0.278127 0.174409 0.00776263 0.0243984 0.25846
0 0.307424 0.144057 0.00569563 0.0167542 0.254329
