9 0.357521 0.479407 0.0501807 0.0560024 0.804725
9 0.606431 0.684024 0.0533246 0.0496659 0.781373
9 0.379618 0.728361 0.0493322 0.0879357 0.778213
6 0.678093 0.796831 0.062785 0.0614749 0.604861
6 0.234635 0.193349 0.0888518 0.0950584 0.550242
9 0.0676159 0.352923 0.0566548 0.0672002 0.483911
9 0.817759 0.477089 0.0230598 0.0969129 0.476661
6 0.050435 0.84736 0.0842404 0.153671 0.473259
6 0.327306 0.912363 0.103619 0.1519 0.46644
0 0.313661 0.540642 0.0318974 0.0379929 0.466323
6 0.487141 0.390563 0.0877198 0.0795914 0.456777
7 0.705496 0.598827 0.115411 0.0883854 0.44902
9 0.19684 0.572433 0.0449503 0.0368306 0.441174
9 0.861131 0.817459 0.0516208 0.0971982 0.440928
9 0.31333 0.540801 0.0329281 0.0370956 0.418123
9 0.525288 0.963678 0.045563 0.0644014 0.374204
9 0.403347 0.0178726 0.0312254 0.0357451 0.364961
7 0.953632 0.426765 0.0913074 0.0762953 0.358507
6 0.316379 0.77246 0.0975505 0.140483 0.324484
9 0.0242512 0.0168987 0.0478772 0.0332977 0.32026
1 0.6691 0.880701 0.0303433 0.0461776 0.312738
1 0.575285 0.445384 0.0228172 0.0475362 0.301995
1 0.192042 0.303866 0.0240748 0.0564264 0.28807
1 0.539479 0.443771 0.0309911 0.0431096 0.287861
9 0.490884 0.602325 0.0579551 0.0537915 0.267686
