0 0.303006 0.667893 0.0126627 0.0574828 0.74883
0 0.314884 0.553704 0.0100707 0.0367922 0.682453
0 0.302634 0.553584 0.0101607 0.0419781 0.677113
0 0.608405 0.650195 0.0087156 0.0361841 0.642666
0 0.366829 0.367572 0.00642303 0.0366409 0.641715
0 0.651688 0.53671 0.00922777 0.0366407 0.639196
0 0.629432 0.571401 0.0075858 0.0362804 0.631906
0 0.611726 0.577323 0.00738905 0.0346178 0.621237
0 0.289915 0.552634 0.0106186 0.0398049 0.615901
0 0.356517 0.372153 0.00754813 0.0359577 0.606114
0 0.346738 0.372426 0.00791683 0.0387562 0.592076
0 0.608483 0.710422 0.00862013 0.0302642 0.578241
0 0.615302 0.422285 0.00725194 0.0320617 0.524954
0 0.598048 0.391401 0.00863133 0.0312064 0.490579
0 0.693829 0.306083 0.00554849 0.0288158 0.464477
0 0.598216 0.712756 0.00904724 0.031771 0.450544
0 0.59351 0.355844 0.00743801 0.0323549 0.360607
0 0.58536 0.363521 0.00822449 0.0247471 0.345521
3 0.314287 0.033711 0.026888 0.0182287 0.337532
3 0.274486 0.0416006 0.0271117 0.0180633 0.319813
3 0.237522 0.045548 0.0219869 0.0170447 0.304196
0 0.597329 0.387066 0.00725878 0.0291887 0.294443
3 0.344171 0.0371383 0.0209579 0.0162689 0.294155
3 0.311759 0.0352908 0.0228949 0.0185342 0.292426
3 0.353232 0.0313445 0.0188352 0.0183041 0.279696
0 0.287754 0.552518 0.0133031 0.0415167 0.272581
0 0.585751 0.371038 0.00900936 0.0301456 0.266477
3 0.352893 0.0345998 0.0216163 0.0197456 0.259882
