0 0.588375 0.326966 0.0123181 0.0552564 0.754635
6 0.622446 0.630866 0.0361891 0.130484 0.753379
6 0.790463 0.915656 0.103971 0.117411 0.752441
0 0.568524 0.175651 0.0135166 0.0511458 0.743183
9 0.568672 0.787695 0.031295 0.0890763 0.646164
0 0.505015 0.606352 0.0177633 0.0601383 0.634601
0 0.661103 0.536975 0.0149824 0.0607139 0.631814
6 0.677033 0.392798 0.0647453 0.0571875 0.625267
9 0.669906 0.933355 0.0282211 0.0985128 0.598812
0 0.639837 0.557616 0.0154139 0.061115 0.562836
6 0.556073 0.599928 0.0262465 0.101346 0.55822
9 0.372127 0.473001 0.0327366 0.0413354 0.528407
9 0.593556 0.620418 0.0212103 0.0685271 0.506051
4 0.457302 0.210825 0.0625824 0.0659833 0.484291
9 0.537214 0.0157556 0.0127987 0.0315112 0.481215
1 0.56231 0.396426 0.0185586 0.0483722 0.480674
9 0.52392 0.428053 0.0204898 0.080144 0.46007
0 0.618881 0.504554 0.0178393 0.0604518 0.45569
6 0.846309 0.967971 0.0700428 0.0623624 0.428387
9 0.517726 0.152911 0.0137667 0.0412344 0.425369
0 0.65226 0.494803 0.0133606 0.0501852 0.420343
9 0.525013 0.606969 0.0208278 0.0662495 0.407623
6 0.438638 0.65793 0.0257006 0.0930611 0.402783
0 0.634784 0.506868 0.0144232 0.0522013 0.387469
9 0.562152 0.399304 0.0191366 0.0528716 0.38179
9 0.731311 0.490993 0.0381949 0.0526014 0.37302
6 0.659257 0.269419 0.0487059 0.0566664 0.348492
0 0.746142 0.968146 0.0295803 0.0544697 0.345598
9 0.697278 0.453326 0.0253033 0.0539409 0.344059
9 0.420016 0.102247 0.015255 0.0309289 0.329473
0 0.495822 0.649049 0.0130876 0.0396858 0.314399
6 0.651457 0.0491286 0.0249567 0.0348824 0.311619
0 0.626399 0.495909 0.0146941 0.0613287 0.300082
9 0.559282 0.110588 0.0112596 0.0380862 0.299418
6 0.669317 0.933226 0.0288858 0.0984679 0.284648
6 0.557592 0.103506 0.0151577 0.0380506 0.273522
9 0.557475 0.10494 0.0149004 0.0371105 0.2697
6 0.61582 0.923499 0.0638566 0.12629 0.267375
9 0.351811 0.567888 0.016778 0.055739 0.26584
1 0.517727 0.14645 0.0110931 0.0430937 0.261064
9 0.689732 0.0382573 0.0177555 0.0368245 0.259943
9 0.556826 0.599607 0.0251197 0.104536 0.252114
