3 0.664546 0.59411 0.080278 0.0606909 0.878095
3 0.757513 0.571306 0.075486 0.0558765 0.866604
0 0.602533 0.51175 0.0108057 0.0344271 0.756803
3 0.441669 0.69347 0.0922559 0.0676931 0.731808
0 0.318988 0.647786 0.0140871 0.0385442 0.718402
0 0.129869 0.961609 0.0240299 0.0468326 0.692205
0 0.21525 0.626676 0.0146315 0.0386729 0.683228
0 0.53123 0.622886 0.0115205 0.032192 0.66492
0 0.259113 0.651573 0.0138151 0.0335187 0.662137
0 0.515981 0.620958 0.0122943 0.0359576 0.647605
0 0.331636 0.636262 0.0164132 0.0392925 0.607066
0 0.54206 0.40688 0.0090727 0.0283148 0.59132
0 0.488908 0.458416 0.0108189 0.0301547 0.590357
0 0.489013 0.384832 0.00831927 0.0286682 0.569631
0 0.527759 0.608749 0.0151443 0.0403793 0.565897
7 0.400691 0.610084 0.04314 0.041688 0.562986
1 0.278779 0.687942 0.0167738 0.0322574 0.540726
9 0.22381 0.749277 0.0505484 0.0379657 0.529759
0 0.983672 0.196747 0.00918387 0.0154125 0.514555
0 0.551655 0.410983 0.00965655 0.029393 0.505795
0 0.583035 0.543789 0.0104413 0.0395648 0.486224
2 0.612232 0.445485 0.0187792 0.0288775 0.485281
7 0.498724 0.568436 0.0340556 0.0496643 0.468935
1 0.2755 0.69404 0.0288645 0.0270869 0.410936
0 0.316917 0.630209 0.0125818 0.0391691 0.36824
9 0.109824 0.713491 0.0206145 0.0288381 0.360605
0 0.582945 0.550931 0.0106032 0.0354687 0.344013
9 0.230406 0.745524 0.0385908 0.0333191 0.335565
0 0.476675 0.372486 0.009647 0.0245229 0.334173
0 0.689272 0.47572 0.0097416 0.0290229 0.326064
0 0.573187 0.544122 0.0107187 0.0332697 0.308654
2 0.528803 0.537342 0.0331182 0.0262187 0.295333
9 0.276218 0.695365 0.0343071 0.030426 0.279097
0 0.530804 0.618748 0.0137029 0.033947 0.267819
0 0.643485 0.478081 0.00964133 0.0288016 0.253172
