9 0.625076 0.586711 0.0320006 0.0268113 0.644603
9 0.26476 0.799749 0.0317744 0.0360303 0.449676
0 0.722701 0.540721 0.0143322 0.0180911 0.438983
3 0.844777 0.777802 0.0409474 0.0919344 0.38216
0 0.479757 0.578865 0.00942069 0.0137006 0.378585
0 0.322346 0.219906 0.0117753 0.0262526 0.354182
0 0.408932 0.578837 0.0169208 0.0146915 0.325432
0 0.404294 0.595089 0.0113712 0.0182837 0.314615
0 0.338617 0.226897 0.0114718 0.0269866 0.312133
0 0.45428 0.579223 0.00974862 0.0179226 0.278073
9 0.307979 0.574507 0.027508 0.0212345 0.265926
0 0.513366 0.549836 0.0122372 0.0246288 0.255034
0 0.45265 0.547541 0.0100571 0.0179463 0.251537
