4 0.503454 0.895801 0.0572969 0.207449 0.909986
3 0.243251 0.646047 0.0540604 0.152034 0.904278
5 0.459892 0.237606 0.0608133 0.238696 0.892574
3 0.373468 0.820543 0.051126 0.211261 0.860394
0 0.199253 0.489755 0.0173797 0.0493727 0.797518
0 0.174851 0.559318 0.0223908 0.0591379 0.768442
4 0.485922 0.562141 0.0476688 0.187169 0.759453
0 0.60533 0.0924503 0.0100134 0.0400589 0.628309
0 0.662692 0.687151 0.0157689 0.0455513 0.623662
0 0.638393 0.681184 0.015904 0.0584009 0.535792
0 0.650475 0.66573 0.0120863 0.0441083 0.510535
2 0.615093 0.716337 0.0145502 0.060094 0.468919
0 0.608654 0.0843562 0.00917184 0.0408602 0.448081
0 0.588118 0.120576 0.00875471 0.0384355 0.420637
0 0.615442 0.71261 0.0147762 0.0530632 0.374201
0 0.605618 0.530779 0.0135267 0.049643 0.358499
3 0.485488 0.562608 0.0476224 0.18634 0.342862
