3 0.153422 0.902332 0.114205 0.0726629 0.90392
3 0.333784 0.938499 0.0827056 0.104725 0.886871
3 0.203574 0.74515 0.0896477 0.0570839 0.879231
3 0.146216 0.693944 0.0841614 0.0523003 0.870828
3 0.499013 0.58807 0.0280546 0.0682336 0.86651
3 0.513028 0.416959 0.0206341 0.0419348 0.840192
3 0.0449427 0.706732 0.0898855 0.0543738 0.839606
3 0.487898 0.363703 0.0177725 0.0343686 0.82302
3 0.382499 0.446748 0.0483441 0.0372645 0.819663
3 0.389872 0.426352 0.0463658 0.0354467 0.80523
3 0.40405 0.375055 0.0447656 0.0265257 0.793404
3 0.49844 0.266619 0.0132017 0.0228616 0.775088
3 0.372424 0.473902 0.0556181 0.0454547 0.760063
3 0.503501 0.220703 0.01192 0.0181817 0.743957
3 0.360911 0.503965 0.0546363 0.0450278 0.677539
3 0.794848 0.206667 0.0250051 0.0135625 0.665947
0 0.917865 0.506104 0.0190819 0.0385005 0.662284
3 0.416459 0.343724 0.0362161 0.0209464 0.658985
3 0.518336 0.13818 0.0100141 0.0103136 0.646022
3 0.409426 0.358768 0.0399801 0.0227808 0.630617
3 0.483189 0.174009 0.0110888 0.0141706 0.614872
3 0.443447 0.209855 0.013922 0.0166968 0.602367
3 0.523285 0.206118 0.00991058 0.0154442 0.576558
3 0.426455 0.208528 0.0119824 0.0157868 0.569371
3 0.815342 0.231499 0.022918 0.016278 0.568668
3 0.431777 0.19408 0.0127046 0.0152727 0.555921
5 0.527658 0.241166 0.0184509 0.0451867 0.525226
4 0.427914 0.303402 0.0352085 0.0217619 0.460645
5 0.442585 0.369777 0.0340009 0.047331 0.439805
4 0.433275 0.283765 0.0336486 0.0213587 0.437241
3 0.777556 0.218427 0.0257305 0.014608 0.431082
3 0.790116 0.230197 0.0271647 0.0151719 0.421146
3 0.784802 0.22808 0.0219684 0.012939 0.418664
3 0.522973 0.12656 0.00845376 0.0104932 0.417332
8 0.52927 0.158436 0.010996 0.0257302 0.403599
4 0.446819 0.251128 0.0278994 0.0227361 0.400819
3 0.44806 0.247363 0.0243136 0.0181673 0.306154
4 0.446605 0.257048 0.0290241 0.0236527 0.298351
0 0.926183 0.489443 0.0128559 0.0441334 0.281154
4 0.455241 0.234992 0.033176 0.0231894 0.261688
