3 0.60347 0.44662 0.0247252 0.0699974 0.878951
3 0.588145 0.305567 0.0210008 0.0551592 0.85815
3 0.598361 0.36855 0.0231709 0.0628923 0.84896
0 0.534261 0.868038 0.0137987 0.0330074 0.803587
8 0.481997 0.0810538 0.0322545 0.0643517 0.802279
0 0.359261 0.797568 0.00821208 0.0324156 0.764471
0 0.311209 0.869394 0.0129029 0.0437566 0.762898
0 0.434702 0.853915 0.0114225 0.0328588 0.760957
0 0.332561 0.903987 0.0123611 0.0382377 0.748803
0 0.832833 0.642968 0.0129414 0.0399321 0.740814
8 0.496634 0.603466 0.0312391 0.144879 0.736183
0 0.795444 0.606759 0.0109829 0.035452 0.730708
0 0.729341 0.663844 0.0115274 0.0360762 0.720205
0 0.321027 0.825228 0.0102919 0.039734 0.717288
0 0.641544 0.932169 0.00997153 0.0320167 0.714984
0 0.355441 0.756116 0.0087653 0.0319838 0.713056
0 0.807362 0.710744 0.0133072 0.0344646 0.712931
0 0.661262 0.803121 0.0100424 0.0341031 0.708905
0 0.458274 0.833429 0.00998104 0.0323661 0.701286
0 0.619351 0.230227 0.00574389 0.0275704 0.697332
0 0.354485 0.641397 0.00820875 0.0357161 0.694762
0 0.665328 0.329165 0.00687666 0.0311785 0.689898
0 0.691291 0.45054 0.00776864 0.0280911 0.688637
0 0.74442 0.721183 0.0108665 0.0328242 0.688585
0 0.678378 0.655766 0.00871351 0.0344464 0.68698
0 0.703795 0.681632 0.0100706 0.0343389 0.686217
0 0.503445 0.805516 0.00904027 0.0321302 0.671831
0 0.787153 0.705617 0.0109921 0.0313352 0.665519
0 0.614266 0.728718 0.00926278 0.0294916 0.664793
0 0.309494 0.802958 0.0106218 0.0285603 0.662188
0 0.620727 0.29153 0.00585406 0.0290771 0.652164
0 0.702416 0.964454 0.0142063 0.045442 0.651545
0 0.561212 0.848508 0.0104691 0.0373046 0.649407
0 0.339412 0.641106 0.00894453 0.032105 0.644935
0 0.637218 0.732928 0.00792341 0.0320336 0.644538
0 0.960074 0.749893 0.0186987 0.0285456 0.63998
0 0.888809 0.716899 0.0118839 0.0314809 0.639045
0 0.751702 0.639062 0.0103525 0.0347143 0.635513
0 0.693087 0.65351 0.0099333 0.0299513 0.627959
0 0.713691 0.542436 0.0101597 0.0336163 0.603911
0 0.667527 0.730439 0.0106257 0.0260809 0.602722
0 0.659837 0.97559 0.0128677 0.0355088 0.601675
0 0.65244 0.306406 0.00782279 0.0269962 0.601555
0 0.818626 0.628117 0.0121515 0.0330407 0.59829
0 0.339683 0.779949 0.00840339 0.0356287 0.585874
0 0.301611 0.736014 0.0096361 0.0312878 0.585545
0 0.407014 0.832739 0.0103996 0.0328358 0.584225
0 0.721064 0.496701 0.00851907 0.0355696 0.575933
0 0.641041 0.307408 0.00638589 0.026559 0.564886
0 0.653087 0.204377 0.0066037 0.0216087 0.560215
0 0.398097 0.845811 0.011749 0.0319189 0.557035
0 0.629482 0.159978 0.00613974 0.0257987 0.555859
0 0.284146 0.980678 0.0109017 0.0312326 0.552152
0 0.510893 0.743927 0.0093832 0.0331058 0.549684
0 0.471457 0.413444 0.00695836 0.0318139 0.54498
0 0.636796 0.205005 0.00534494 0.0227661 0.543012
0 0.698887 0.47937 0.0102768 0.0297325 0.540938
0 0.647231 0.274361 0.00710275 0.0249645 0.539475
0 0.671257 0.562793 0.00809575 0.0289958 0.538436
0 0.635851 0.204859 0.00920323 0.0256012 0.537626
0 0.951164 0.724325 0.0137825 0.0338992 0.534619
0 0.646921 0.230376 0.0064869 0.023953 0.53029
0 0.367613 0.785255 0.00937947 0.0304404 0.527967
0 0.393932 0.892552 0.00935002 0.0330017 0.525445
0 0.302762 0.761578 0.00958642 0.0263366 0.525329
0 0.291881 0.861203 0.0122717 0.0391058 0.523753
0 0.67542 0.953436 0.0118959 0.0390094 0.520043
0 0.316946 0.978167 0.0111415 0.0332735 0.516943
0 0.620431 0.861474 0.0111395 0.0333322 0.515451
0 0.405881 0.130849 0.00625017 0.0261569 0.512308
0 0.342866 0.595697 0.00928146 0.0348446 0.511294
0 0.700575 0.479347 0.0113671 0.0334325 0.510161
0 0.331591 0.787621 0.00918374 0.0376348 0.506394
0 0.742143 0.562352 0.00961679 0.0277831 0.500234
0 0.648129 0.325224 0.0087592 0.0270082 0.495958
0 0.953281 0.692497 0.0150818 0.0308726 0.493051
0 0.726217 0.703427 0.0100845 0.0339154 0.490787
0 0.463822 0.576541 0.00758484 0.0264846 0.488074
0 0.979981 0.611607 0.0135403 0.0292922 0.472469
0 0.286296 0.967351 0.0121975 0.0335097 0.46957
0 0.950458 0.623328 0.0123915 0.0312725 0.46801
0 0.678447 0.293914 0.00647954 0.0288776 0.466561
0 0.992006 0.647267 0.0148274 0.031911 0.465302
0 0.393978 0.680982 0.00857906 0.0303962 0.46145
0 0.288883 0.96273 0.0105108 0.0290032 0.460762
0 0.597159 0.725822 0.0115061 0.0318601 0.453661
0 0.799445 0.649909 0.0153786 0.0292659 0.452201
0 0.349356 0.871176 0.0112295 0.0416331 0.448938
0 0.327265 0.965711 0.0114699 0.0396615 0.440065
0 0.819165 0.720093 0.0113564 0.0349647 0.438228
0 0.818194 0.724211 0.0130447 0.0318693 0.437142
0 0.784762 0.586882 0.0135572 0.0359155 0.434993
0 0.456242 0.597233 0.00755027 0.0232156 0.43301
0 0.689538 0.311121 0.008461 0.033152 0.419346
0 0.390041 0.676591 0.00860971 0.0303496 0.415815
0 0.652406 0.165237 0.00775242 0.0265479 0.413189
0 0.296798 0.984747 0.0133063 0.0248394 0.407799
0 0.59362 0.0574765 0.00524902 0.0223601 0.406972
0 0.612274 0.154953 0.00523254 0.0246818 0.405969
0 0.472751 0.505762 0.00801841 0.0277452 0.405768
0 0.689715 0.372808 0.00809461 0.0327743 0.40483
0 0.760145 0.567407 0.00825326 0.0303765 0.404449
0 0.411597 0.0398901 0.00555668 0.0253276 0.403537
0 0.66555 0.587537 0.00858071 0.031282 0.401732
0 0.610117 0.153787 0.00773603 0.0245931 0.398428
0 0.584361 0.912727 0.0118616 0.0283149 0.390351
0 0.610915 0.117686 0.00524527 0.0257988 0.389013
0 0.757712 0.609093 0.00949402 0.0261289 0.388626
0 0.689788 0.322858 0.0079851 0.0303143 0.386927
9 0.368035 0.955948 0.0155638 0.0508669 0.382176
0 0.615773 0.150245 0.00634857 0.0245113 0.379549
0 0.657058 0.287065 0.00647753 0.0223826 0.377972
0 0.667164 0.585178 0.00978241 0.033952 0.375626
0 0.761262 0.565662 0.0083061 0.0323207 0.372296
0 0.582465 0.00961321 0.00524837 0.0192264 0.36877
0 0.632663 0.109475 0.00508549 0.0244738 0.364753
0 0.684887 0.841971 0.00950736 0.0334583 0.361628
0 0.512955 0.743768 0.0116037 0.0333326 0.352442
0 0.330074 0.978428 0.0120181 0.0375551 0.351473
0 0.746732 0.536642 0.0108944 0.0322075 0.350851
0 0.607956 0.0304923 0.00566424 0.0233571 0.350818
0 0.613148 0.771919 0.0119671 0.0362573 0.350552
0 0.667914 0.282482 0.00756893 0.0216752 0.349237
0 0.670133 0.727558 0.0114475 0.0288177 0.348531
0 0.380272 0.349049 0.00804217 0.0232434 0.346267
0 0.611443 0.765552 0.0122705 0.0342623 0.343368
0 0.66408 0.330834 0.00595206 0.0303926 0.342756
0 0.410866 0.0867109 0.00531254 0.0235831 0.342504
1 0.365055 0.393795 0.00884846 0.0241386 0.338
0 0.612906 0.730398 0.00825736 0.0315212 0.334521
0 0.91941 0.752976 0.0143721 0.0321152 0.330427
0 0.357591 0.754453 0.0101164 0.0290312 0.327557
0 0.671332 0.986406 0.0104954 0.0271886 0.325024
0 0.72407 0.705311 0.0106468 0.0294488 0.324908
0 0.688514 0.308893 0.00670567 0.0281126 0.324904
0 0.452739 0.58226 0.00726911 0.0278498 0.322621
0 0.410149 0.130101 0.00558759 0.0257883 0.317778
0 0.711411 0.497877 0.0103223 0.0349152 0.317157
0 0.409148 0.0821009 0.00590493 0.0222213 0.316139
0 0.621433 0.13036 0.00554731 0.0222334 0.315223
0 0.712284 0.491543 0.0073945 0.0304429 0.315023
0 0.636488 0.773168 0.0104829 0.0272163 0.312474
0 0.633616 0.138685 0.00531294 0.0204345 0.310153
0 0.596973 0.117199 0.00650643 0.0254988 0.306076
0 0.410537 0.0400754 0.00857422 0.0234805 0.305381
0 0.468129 0.476038 0.00815068 0.0246205 0.304383
0 0.358277 0.794614 0.00907998 0.0396612 0.303382
0 0.436948 0.748428 0.00677067 0.0263836 0.301798
0 0.587632 0.0860232 0.00563546 0.0227686 0.300766
0 0.582971 0.0444454 0.00516283 0.020928 0.299461
0 0.411065 0.236252 0.00963135 0.0283746 0.29799
0 0.420986 0.0387879 0.0053009 0.0251001 0.296271
3 0.477358 0.121561 0.0129368 0.0300611 0.295878
0 0.711702 0.541741 0.0109041 0.033055 0.294322
0 0.479703 0.416441 0.00666696 0.026946 0.294266
0 0.619584 0.110617 0.00545502 0.0233226 0.293975
0 0.641381 0.138567 0.00588379 0.0238801 0.293261
8 0.495902 0.540569 0.0317556 0.267022 0.293039
0 0.609643 0.117122 0.00678911 0.0236258 0.289476
0 0.595424 0.0523347 0.00509879 0.0239598 0.288592
0 0.47358 0.597605 0.00967316 0.0319421 0.283974
0 0.361874 0.95431 0.0112535 0.0456352 0.283689
0 0.435785 0.746438 0.00910169 0.0289313 0.28358
0 0.606929 0.0599001 0.00700483 0.0203676 0.274424
0 0.807548 0.65659 0.0144735 0.0270739 0.273157
0 0.390111 0.338544 0.00801557 0.0268505 0.270785
0 0.671304 0.989375 0.0108738 0.0202833 0.269685
0 0.683338 0.577899 0.00801889 0.0264801 0.2687
0 0.751013 0.562011 0.0108873 0.0303246 0.266214
0 0.688958 0.376088 0.00664791 0.0317429 0.264917
0 0.415624 0.129172 0.00640315 0.0235248 0.264066
0 0.619306 0.916947 0.0121286 0.0314948 0.260108
0 0.43452 0.580562 0.00778163 0.0267852 0.259877
0 0.470246 0.481931 0.00739611 0.0289042 0.256499
0 0.587322 0.0310888 0.00549901 0.0217133 0.250858
8 0.497465 0.411496 0.0245839 0.0964308 0.250767
