3 0.544259 0.805176 0.0346478 0.0690058 0.861938
3 0.280496 0.903627 0.0661116 0.0452955 0.856584
3 0.38902 0.84912 0.0468956 0.079538 0.852116
3 0.346898 0.760919 0.0598024 0.0378994 0.851573
3 0.472955 0.429341 0.0218147 0.0356617 0.834739
3 0.326415 0.830635 0.0676638 0.0452749 0.832803
3 0.40659 0.585208 0.0270403 0.0500921 0.825871
3 0.427969 0.689509 0.0251429 0.0617657 0.823661
3 0.339193 0.637064 0.0512205 0.033985 0.819663
3 0.394317 0.453554 0.0214458 0.0416763 0.794494
3 0.408059 0.248977 0.0162369 0.0262073 0.79282
3 0.50258 0.555153 0.0265366 0.050122 0.783624
4 0.396339 0.538232 0.0242266 0.056056 0.779871
3 0.370015 0.286624 0.0191981 0.0259701 0.774496
3 0.393932 0.493593 0.0204138 0.0388954 0.771643
3 0.34243 0.669545 0.0543037 0.0331939 0.761988
3 0.466862 0.390328 0.0228188 0.0359934 0.742132
3 0.376845 0.368554 0.0168233 0.0324755 0.73407
3 0.493903 0.511018 0.0243452 0.0426903 0.730573
3 0.379245 0.335094 0.0200211 0.0299117 0.730252
3 0.406627 0.162378 0.0149557 0.0198828 0.725313
3 0.342943 0.694783 0.0544887 0.0383572 0.688988
3 0.443758 0.301712 0.0158084 0.0260488 0.681577
3 0.384273 0.414903 0.0205488 0.0364463 0.675184
3 0.482608 0.468077 0.023201 0.0352617 0.599771
3 0.359363 0.232523 0.015319 0.0207855 0.571365
3 0.356375 0.210949 0.0146172 0.0211455 0.55834
3 0.406771 0.64168 0.027817 0.0435972 0.541188
3 0.42106 0.214982 0.0183931 0.0191516 0.539909
3 0.371636 0.308913 0.0187221 0.0263398 0.532273
3 0.402753 0.146585 0.0138385 0.01906 0.531907
3 0.527862 0.662251 0.0275375 0.0498361 0.528623
3 0.382833 0.09383 0.0139298 0.022178 0.522665
3 0.435792 0.275032 0.0183265 0.0273977 0.507193
5 0.451708 0.329625 0.0195932 0.0324633 0.501675
3 0.361514 0.264351 0.0155856 0.0230977 0.465744
3 0.432625 0.255044 0.0165958 0.021118 0.461951
3 0.358592 0.211873 0.0150945 0.0213206 0.445557
3 0.520227 0.605151 0.0332641 0.052296 0.421489
3 0.39178 0.11822 0.0136421 0.020773 0.36919
3 0.225054 0.699276 0.0585844 0.0419315 0.355142
3 0.535597 0.726094 0.0324445 0.0695773 0.346617
3 0.382167 0.0881832 0.0128485 0.0207617 0.337793
3 0.362337 0.232351 0.0137321 0.0200352 0.315342
3 0.515793 0.599239 0.031661 0.0468547 0.308067
3 0.191413 0.680169 0.0524271 0.0413061 0.304556
3 0.218439 0.694343 0.0583817 0.0421869 0.291143
3 0.371322 0.298606 0.0177569 0.0257722 0.285288
3 0.470006 0.010903 0.0199652 0.0118978 0.251371
