3 0.646321 0.439272 0.0638912 0.04694 0.861191
0 0.820694 0.409635 0.0101759 0.0317891 0.717002
0 0.806783 0.431984 0.0126691 0.0305945 0.673208
0 0.543598 0.417508 0.00934527 0.0301466 0.610702
0 0.339384 0.513978 0.0125995 0.0399455 0.607505
0 0.562007 0.41658 0.00922416 0.0299048 0.604273
0 0.744954 0.342545 0.00882106 0.0272563 0.59639
0 0.621383 0.403361 0.00935516 0.0266452 0.590755
0 0.91058 0.304108 0.00883031 0.0207329 0.582078
0 0.545435 0.416632 0.0106695 0.0320227 0.562321
0 0.561068 0.420535 0.00979231 0.0271958 0.551632
0 0.601513 0.403048 0.0095769 0.0258584 0.525965
0 0.507669 0.407785 0.00903512 0.0285456 0.515228
0 0.231329 0.490873 0.0114416 0.0329951 0.502405
0 0.755136 0.353925 0.00813677 0.0223771 0.483249
0 0.739525 0.343452 0.00791059 0.0251278 0.472981
0 0.616414 0.402331 0.00832441 0.0256493 0.472248
0 0.926138 0.308475 0.010261 0.0208078 0.469144
0 0.207691 0.506359 0.0122137 0.0319582 0.4677
0 0.219566 0.493825 0.0116046 0.0331075 0.449962
0 0.758809 0.351738 0.00793814 0.0240438 0.423924
0 0.244343 0.47034 0.0109318 0.0286081 0.414508
0 0.233125 0.486588 0.0102735 0.0323117 0.384786
9 0.833432 0.389486 0.0159156 0.02332 0.382138
1 0.833668 0.38307 0.0109855 0.0214115 0.372883
0 0.925457 0.308244 0.00701599 0.0195862 0.359575
0 0.570507 0.419869 0.00905448 0.0256621 0.342113
3 0.978179 0.300292 0.0305388 0.0193263 0.289724
0 0.599638 0.403088 0.0117899 0.0261296 0.289535
0 0.217874 0.492427 0.0109479 0.0354016 0.276015
0 0.819491 0.412563 0.0116752 0.0303407 0.261846
0 0.183432 0.505711 0.0125477 0.0362027 0.261116
