0 0.296797 0.568761 0.0135363 0.0406574 0.777699
0 0.309819 0.565837 0.0131824 0.0416077 0.77356
0 0.403696 0.445801 0.00869625 0.0313459 0.720551
0 0.539959 0.395491 0.00765494 0.0273194 0.715692
0 0.594768 0.368116 0.00649911 0.02115 0.650963
0 0.712811 0.382303 0.00676095 0.0231006 0.635252
0 0.417067 0.391128 0.00663927 0.0233712 0.633875
0 0.387038 0.444476 0.0083779 0.0308995 0.627993
0 0.814798 0.387739 0.00689392 0.024047 0.620919
0 0.41409 0.423061 0.00935926 0.0259148 0.57376
0 0.38597 0.410686 0.00704585 0.0254807 0.568011
0 0.437324 0.424272 0.00705889 0.0278062 0.533166
0 0.560146 0.356289 0.0055174 0.0199196 0.502938
0 0.427971 0.383471 0.00678654 0.0217341 0.487437
0 0.403849 0.401728 0.00733215 0.0242814 0.454759
0 0.687094 0.349611 0.00542803 0.0185843 0.448813
0 0.416008 0.390294 0.00708753 0.0224094 0.44761
0 0.535713 0.355364 0.00484523 0.0223032 0.444079
0 0.511884 0.356612 0.00563773 0.020608 0.439421
0 0.385673 0.413764 0.00885934 0.0267451 0.437482
0 0.713888 0.382129 0.00973031 0.0226664 0.437053
0 0.547485 0.355003 0.00747585 0.0205608 0.419808
0 0.442526 0.393681 0.00544499 0.0219934 0.417239
0 0.246389 0.405347 0.00870714 0.0192783 0.412076
0 0.220212 0.380515 0.00692616 0.017525 0.405441
0 0.572669 0.357692 0.00720367 0.0226789 0.403337
0 0.439014 0.424639 0.00948029 0.0261987 0.39897
0 0.521573 0.356072 0.00592102 0.018963 0.379585
0 0.376664 0.418268 0.00923802 0.0285344 0.365913
0 0.431127 0.410393 0.00636422 0.0236787 0.364694
0 0.534569 0.355283 0.00666513 0.0201978 0.342129
0 0.465459 0.324973 0.0065914 0.0128612 0.331917
0 0.503405 0.356872 0.00587542 0.022594 0.329919
0 0.48932 0.351746 0.00480177 0.0175651 0.322622
0 0.855643 0.310324 0.00451852 0.0151875 0.307706
0 0.522512 0.357528 0.00697222 0.0229866 0.307172
0 0.440422 0.373483 0.00698853 0.0217935 0.303615
0 0.492945 0.371223 0.00605565 0.0221859 0.293644
0 0.463997 0.324036 0.00374311 0.0148997 0.272889
0 0.739587 0.349704 0.00593837 0.0170283 0.270016
0 0.287989 0.355804 0.0056677 0.0189872 0.269348
0 0.448503 0.409409 0.00951656 0.0271261 0.25288
