0 0.467131 0.423186 0.0118293 0.0183828 0.684941
0 0.454912 0.444159 0.00904637 0.0192638 0.627102
0 0.378709 0.799692 0.0181251 0.0187899 0.57619
0 0.455616 0.527741 0.00979061 0.0202385 0.555552
0 0.472048 0.46192 0.00834673 0.0209552 0.543084
0 0.482454 0.460654 0.00842791 0.0199255 0.50571
0 0.429968 0.829431 0.00949336 0.0223 0.47926
9 0.443747 0.224054 0.0102666 0.0409133 0.447799
0 0.375393 0.797872 0.0153907 0.0188557 0.445037
6 0.888351 0.370394 0.0405529 0.0369876 0.36397
0 0.42103 0.834532 0.00851135 0.019446 0.317235
0 0.710705 0.840061 0.0119863 0.0222485 0.312506
0 0.482008 0.138036 0.00734157 0.025313 0.292965
