0 0.370821 0.40535 0.0510665 0.107308 0.74108
0 0.463759 0.471127 0.030148 0.0849537 0.700793
0 0.492942 0.144952 0.0288148 0.107034 0.679709
0 0.542432 0.420186 0.0263107 0.0827808 0.671564
0 0.636669 0.417829 0.0469131 0.106863 0.648651
0 0.566749 0.351105 0.0330978 0.107811 0.602162
0 0.529728 0.258362 0.0265302 0.0716048 0.511191
0 0.558265 0.122737 0.0335173 0.105624 0.464044
0 0.638977 0.403401 0.0422298 0.0805113 0.433859
0 0.627831 0.446735 0.0322013 0.0569613 0.333465
0 0.632936 0.441272 0.0420696 0.0652343 0.267582
