3 0.105829 0.488575 0.0686729 0.0763477 0.885955
4 0.92736 0.723702 0.0948567 0.0608453 0.884342
3 0.955012 0.324437 0.062225 0.0500736 0.876033
3 0.973662 0.966947 0.0526756 0.0655604 0.83572
3 0.670348 0.299446 0.0260973 0.0531416 0.824549
3 0.833909 0.249273 0.0552217 0.031022 0.811967
4 0.680118 0.356869 0.0304936 0.0551183 0.805022
3 0.868563 0.322651 0.0594849 0.0370341 0.764657
5 0.699376 0.417312 0.0446281 0.0979403 0.762052
3 0.293772 0.207447 0.0343883 0.041744 0.757072
3 0.763841 0.328549 0.0487144 0.0336967 0.735008
3 0.700108 0.0576117 0.0291424 0.0164399 0.733767
3 0.255128 0.607338 0.0789576 0.0565438 0.7257
5 0.654258 0.167595 0.025463 0.0459555 0.71742
4 0.93944 0.797489 0.120914 0.109727 0.715854
3 0.0407436 0.587043 0.0754097 0.0840069 0.688746
3 0.322234 0.155745 0.0306538 0.0243047 0.678361
5 0.728185 0.695103 0.0438835 0.107685 0.674721
3 0.594057 0.057912 0.0167057 0.0216645 0.646765
5 0.66256 0.235751 0.0304739 0.0609495 0.588808
5 0.869583 0.586348 0.0951393 0.0703969 0.587836
3 0.703803 0.0254702 0.0238226 0.0163858 0.525404
3 0.336412 0.257241 0.0343004 0.0375679 0.492405
4 0.756657 0.100592 0.038164 0.0226959 0.481964
3 0.441182 0.0410657 0.0138201 0.0194253 0.468366
3 0.667819 0.0100869 0.0239208 0.0129154 0.467277
6 0.357313 0.150009 0.0150895 0.0241443 0.456474
9 0.287728 0.691247 0.0236583 0.0487593 0.452196
3 0.731949 0.0223525 0.0124395 0.019306 0.444557
3 0.731559 0.198644 0.0283125 0.0346203 0.443188
3 0.709785 0.0693164 0.0294523 0.0189652 0.435875
4 0.709993 0.553523 0.0571541 0.141837 0.424201
4 0.781504 0.124433 0.0450348 0.0266997 0.423381
3 0.443142 0.0193529 0.0129739 0.0180744 0.421846
4 0.731431 0.198745 0.028474 0.0349678 0.333798
0 0.886093 0.525785 0.0101603 0.0275011 0.315979
3 0.458966 0.0717318 0.0290625 0.0192094 0.31192
8 0.709851 0.553693 0.0579069 0.142601 0.299726
3 0.673046 0.00711772 0.0284103 0.0125506 0.297941
3 0.298781 0.166033 0.0293202 0.0309064 0.275182
3 0.66616 0.00819509 0.0247715 0.0126695 0.260505
3 0.489315 0.058006 0.0135162 0.0229451 0.259163
