3 0.806786 0.644844 0.0910297 0.104309 0.923603
3 0.564155 0.919037 0.0980855 0.161926 0.923555
3 0.724804 0.633122 0.0792959 0.09839 0.88698
4 0.386353 0.505077 0.0473317 0.0778043 0.882639
3 0.596478 0.402691 0.0533943 0.0572979 0.872424
3 0.227215 0.334292 0.0347195 0.0507568 0.853556
3 0.398138 0.23538 0.0343173 0.0354256 0.841495
5 0.465579 0.638744 0.0878255 0.153447 0.830101
4 0.16901 0.378788 0.032384 0.0642737 0.801233
3 0.286864 0.125803 0.0217856 0.0254028 0.784568
4 0.641601 0.46143 0.0622341 0.0716725 0.777312
3 0.224204 0.122889 0.0207826 0.0247034 0.765191
3 0.270043 0.226141 0.0252629 0.0346335 0.727596
9 0.33188 0.742538 0.0398641 0.0308591 0.724455
3 0.370135 0.135334 0.0248448 0.0242185 0.713585
0 0.475399 0.564416 0.0144915 0.0334054 0.661964
3 0.230314 0.0947174 0.018887 0.0222254 0.639122
3 0.214137 0.0733333 0.0177514 0.024495 0.620243
3 0.28847 0.0312786 0.0167823 0.0183422 0.618062
3 0.366457 0.160701 0.029703 0.0307106 0.614598
3 0.400959 0.205218 0.0299128 0.0267864 0.577181
9 0.220742 0.800753 0.041101 0.03728 0.577028
3 0.331209 0.370641 0.0327218 0.0539513 0.547442
3 0.324892 0.0730669 0.0203156 0.0236921 0.543451
9 0.44856 0.2244 0.0160394 0.0183519 0.540879
9 0.934792 0.793579 0.0422352 0.0337726 0.525849
9 0.461837 0.241807 0.0183985 0.0187473 0.508562
3 0.386636 0.186159 0.0313068 0.0266806 0.508542
9 0.246907 0.477104 0.0273329 0.0248549 0.483628
0 0.259993 0.144036 0.00751576 0.0164242 0.467353
0 0.29868 0.224177 0.00987148 0.0247824 0.448377
3 0.254917 0.195226 0.0241209 0.0304713 0.422815
9 0.12653 0.355499 0.0231715 0.0197651 0.418832
3 0.30559 0.316491 0.0311091 0.0478391 0.413841
9 0.107025 0.263109 0.0176496 0.0192137 0.40439
9 0.125948 0.34891 0.023307 0.0183065 0.403673
9 0.938757 0.788197 0.0347503 0.0427627 0.367457
9 0.452115 0.22589 0.0207566 0.0183076 0.364286
3 0.35034 0.141785 0.0230614 0.0286921 0.343954
9 0.20987 0.833657 0.0345139 0.0293963 0.285594
0 0.245766 0.23721 0.0081977 0.0204477 0.27745
9 0.426672 0.228668 0.00950793 0.0201211 0.276396
9 0.19428 0.744923 0.0328097 0.0267271 0.273751
9 0.426824 0.232689 0.0111853 0.0225338 0.270047
9 0.489612 0.2583 0.0209629 0.0192895 0.265956
9 0.433233 0.201587 0.0225807 0.0181449 0.258791
9 0.496286 0.276564 0.0162725 0.0190908 0.255327
9 0.165672 0.243899 0.0118264 0.0212489 0.255101
9 0.487532 0.262155 0.0165648 0.0221503 0.25032
