0 0.353745 0.709197 0.00929956 0.0166244 0.700953
0 0.553031 0.351044 0.00863076 0.0256448 0.685813
0 0.473533 0.0163521 0.00963667 0.0290027 0.642762
0 0.484663 0.0250773 0.0105348 0.0350678 0.605968
0 0.457821 0.474558 0.0104111 0.0212701 0.573801
0 0.555984 0.167575 0.00897008 0.0297294 0.563684
0 0.527872 0.380949 0.0089471 0.0256427 0.532234
0 0.435458 0.0191127 0.00923462 0.0282505 0.525963
0 0.468 0.225542 0.0119602 0.0329241 0.520005
0 0.373648 0.396695 0.0108705 0.0225217 0.510138
0 0.326683 0.747197 0.00929188 0.0191553 0.509852
0 0.366138 0.557537 0.0086656 0.0194619 0.475963
0 0.460605 0.477548 0.0107893 0.0199988 0.461589
0 0.3527 0.762647 0.00993175 0.0177567 0.458683
0 0.569782 0.0509481 0.00808698 0.030476 0.456375
0 0.364034 0.577034 0.0107219 0.0191071 0.449218
0 0.445363 0.0151918 0.0102243 0.029834 0.444687
0 0.363746 0.534627 0.0112265 0.01712 0.443208
0 0.537766 0.441767 0.00891427 0.0316351 0.434726
0 0.557178 0.0563278 0.00717869 0.0272461 0.412672
0 0.330145 0.694354 0.00840958 0.0177799 0.40776
0 0.568866 0.263006 0.00853306 0.021954 0.404902
0 0.466673 0.232272 0.0123259 0.0256876 0.403804
0 0.525779 0.416751 0.0111388 0.0248823 0.372344
0 0.859967 0.0964699 0.0124817 0.0299147 0.371174
0 0.507605 0.402955 0.0094206 0.0278269 0.363117
0 0.869905 0.0950219 0.0143146 0.031606 0.362586
0 0.536678 0.324322 0.0141578 0.0208277 0.34707
0 0.57849 0.358053 0.00849561 0.0222189 0.346436
0 0.546906 0.173125 0.00788858 0.0230629 0.345883
0 0.342414 0.69756 0.0091612 0.0185217 0.33271
0 0.335746 0.721454 0.00921969 0.0222448 0.319717
0 0.523266 0.42243 0.0114884 0.0317736 0.315262
0 0.656477 0.794184 0.0100258 0.0171058 0.312466
0 0.672023 0.371721 0.0100852 0.0262195 0.308799
0 0.383685 0.89636 0.00686741 0.0229645 0.305834
0 0.54028 0.320743 0.0192207 0.0235228 0.303571
0 0.53941 0.324039 0.0170454 0.0225786 0.275235
