3 0.603433 0.517073 0.0565405 0.0785275 0.903387
3 0.427984 0.53615 0.0503909 0.0761121 0.896608
4 0.651143 0.357068 0.0624653 0.050172 0.893287
3 0.413491 0.724196 0.0552354 0.0862741 0.892244
4 0.360889 0.627896 0.0567622 0.0865339 0.885345
3 0.322747 0.551653 0.0494432 0.0743267 0.882247
3 0.491582 0.631712 0.0469328 0.0945814 0.877117
3 0.539726 0.56658 0.0583666 0.07636 0.86482
3 0.422479 0.382633 0.0471726 0.0703662 0.856507
3 0.48776 0.31543 0.0450476 0.0714101 0.854487
3 0.516092 0.282022 0.0499692 0.066865 0.849709
3 0.588691 0.210076 0.047596 0.0558983 0.811573
4 0.563296 0.223546 0.0421739 0.0640917 0.808568
4 0.620012 0.430066 0.0566866 0.0413757 0.805493
3 0.195877 0.29231 0.0743114 0.0783639 0.802844
4 0.107062 0.741617 0.0505666 0.0794276 0.788521
4 0.544648 0.952274 0.0671841 0.0953438 0.770447
4 0.456776 0.804096 0.0503128 0.0750816 0.763947
4 0.456055 0.344388 0.0430074 0.0771407 0.712282
9 0.510256 0.69292 0.0228925 0.0218125 0.493215
0 0.291458 0.590889 0.0118009 0.0277598 0.488721
3 0.456236 0.803395 0.0505469 0.0741257 0.476406
3 0.455769 0.344771 0.0425012 0.0762141 0.475503
3 0.545791 0.952313 0.068187 0.0953747 0.469333
2 0.629965 0.590966 0.0220771 0.0202115 0.448734
0 0.043859 0.679368 0.0216726 0.0154656 0.430833
0 0.39059 0.418961 0.0114332 0.0230077 0.41791
0 0.377944 0.425326 0.00968009 0.0196108 0.379436
9 0.0274775 0.518098 0.030079 0.0285379 0.359349
9 0.48395 0.864794 0.0217007 0.0406569 0.340619
3 0.270928 0.176117 0.0705448 0.0685606 0.319763
9 0.513299 0.704736 0.0182158 0.0208984 0.317494
9 0.118737 0.857841 0.0241505 0.0256907 0.289372
9 0.630632 0.901772 0.0304177 0.0207642 0.277897
