0 0.427313 0.504002 0.00854117 0.0296572 0.560977
0 0.470861 0.528282 0.00978298 0.022448 0.489413
0 0.404495 0.763399 0.00811846 0.0167209 0.4574
9 0.458601 0.797235 0.0213797 0.0239333 0.402954
0 0.404822 0.766837 0.00799159 0.0210136 0.394749
9 0.46451 0.749618 0.0232072 0.02177 0.380031
9 0.45359 0.837086 0.0205347 0.0189051 0.375832
9 0.435655 0.968751 0.0257432 0.0262346 0.36741
9 0.459093 0.792564 0.0205769 0.0228628 0.359479
0 0.436503 0.641149 0.010529 0.028682 0.356957
9 0.444939 0.892866 0.0233549 0.0251098 0.352725
9 0.443045 0.907749 0.0220298 0.0265105 0.346712
0 0.443095 0.329601 0.00734671 0.0190167 0.335341
0 0.427024 0.495473 0.00892295 0.0262077 0.335084
9 0.439673 0.935817 0.0222853 0.0269316 0.32647
0 0.434209 0.411921 0.00749006 0.0207419 0.318598
0 0.421999 0.271672 0.00811462 0.0237861 0.316233
0 0.407064 0.732728 0.00744899 0.0217026 0.31412
0 0.535014 0.213449 0.00854797 0.0226367 0.313632
9 0.448346 0.860921 0.0260075 0.0252508 0.303997
0 0.651593 0.418014 0.00965254 0.0203819 0.300609
9 0.462344 0.757854 0.0214624 0.0202093 0.296306
9 0.457181 0.818056 0.0197164 0.0202973 0.294724
0 0.428235 0.290018 0.00790514 0.0319338 0.269936
9 0.469486 0.713504 0.0232232 0.0220197 0.262968
0 0.430857 0.30026 0.00777509 0.0215776 0.25759
0 0.397779 0.332476 0.00919564 0.027004 0.254473
9 0.435252 0.962847 0.0264395 0.0299733 0.254172
