3 0.402527 0.896406 0.0506675 0.066569 0.871007
3 0.3639 0.873876 0.0514536 0.0601983 0.869685
3 0.462526 0.750568 0.0322409 0.041438 0.860947
3 0.487504 0.771472 0.0299796 0.0423779 0.814594
3 0.169737 0.653491 0.0302374 0.0180387 0.6475
3 0.587069 0.621848 0.0128628 0.0168849 0.599868
3 0.616515 0.585775 0.0089672 0.0101965 0.475343
3 0.633281 0.663435 0.0132125 0.0173336 0.385345
3 0.648271 0.569901 0.00940486 0.0106907 0.313556
3 0.6249 0.571805 0.00762643 0.0109362 0.306866
0 0.205277 0.807674 0.0109511 0.0240105 0.275566
3 0.601147 0.601418 0.0105139 0.0140354 0.270482
3 0.601636 0.59851 0.00978603 0.0137286 0.259071
