3 0.690065 0.74097 0.0501225 0.0517184 0.86961
3 0.232155 0.658642 0.042861 0.0395744 0.856584
3 0.341592 0.783425 0.0426011 0.0531591 0.855421
5 0.398971 0.507126 0.0612422 0.0608796 0.813446
4 0.408845 0.786798 0.0510683 0.068492 0.812502
3 0.0215378 0.565076 0.0360432 0.0337311 0.802216
3 0.431703 0.814157 0.0462624 0.058133 0.788416
5 0.792383 0.712692 0.176482 0.163075 0.778974
3 0.84927 0.674122 0.0408506 0.0450042 0.767273
5 0.458748 0.536713 0.0596005 0.0574737 0.749175
3 0.713553 0.57382 0.0393103 0.0352159 0.748455
7 0.834967 0.923708 0.0448883 0.0650854 0.727868
5 0.717465 0.246073 0.0235013 0.0324094 0.680015
9 0.733234 0.731773 0.0194973 0.0250912 0.650808
3 0.884416 0.69448 0.0416373 0.041894 0.644553
3 0.986802 0.767604 0.026397 0.0465143 0.638331
3 0.480197 0.496803 0.0282514 0.0244149 0.617514
4 0.345292 0.445244 0.020158 0.025787 0.615571
4 0.328639 0.4362 0.0255778 0.0260027 0.576265
7 0.371632 0.426005 0.0168824 0.02074 0.564947
5 0.140667 0.419675 0.0753784 0.0542605 0.534417
6 0.456128 0.877038 0.0253242 0.042463 0.500418
5 0.047435 0.420642 0.0745457 0.0601943 0.475509
7 0.114684 0.772908 0.0398198 0.0429279 0.459671
3 0.150707 0.391342 0.0223198 0.017779 0.444102
5 0.181741 0.466221 0.0248192 0.0290471 0.407614
9 0.990967 0.691326 0.0141895 0.0195224 0.382329
9 0.757342 0.71444 0.0178274 0.0281263 0.379833
3 0.709499 0.601203 0.035763 0.0328321 0.375142
5 0.276578 0.669498 0.055264 0.0692924 0.368413
4 0.0288586 0.686829 0.039486 0.0492887 0.343443
3 0.172004 0.398003 0.0244465 0.0185295 0.34238
5 0.972718 0.259543 0.0473823 0.0244288 0.339422
7 0.566015 0.963539 0.0448412 0.0643612 0.302676
4 0.181999 0.466168 0.0244468 0.0286899 0.289577
9 0.719585 0.859043 0.0235735 0.0319694 0.282755
3 0.228005 0.901753 0.0396363 0.0557768 0.274118
6 0.603098 0.511392 0.0151421 0.0175055 0.266635
9 0.745277 0.711549 0.0211647 0.0258011 0.264806
5 0.659476 0.291604 0.0288759 0.0331703 0.262718
9 0.241427 0.753004 0.0121319 0.0275876 0.255659
