3 0.421811 0.749728 0.0599435 0.0517682 0.854281
3 0.56153 0.780632 0.063715 0.0678634 0.841656
3 0.472687 0.779427 0.0628899 0.0574755 0.84133
3 0.862817 0.478474 0.0318344 0.0345633 0.811543
5 0.930849 0.896079 0.119443 0.120535 0.811306
3 0.981345 0.599236 0.0373102 0.0480564 0.79726
5 0.607249 0.690913 0.0788932 0.0808611 0.776937
0 0.476578 0.732143 0.0103534 0.0436629 0.734863
4 0.80059 0.731373 0.0491432 0.0684578 0.725366
3 0.172001 0.467172 0.0194885 0.0379841 0.724123
6 0.672661 0.695633 0.031257 0.0347333 0.705441
4 0.481159 0.689952 0.0261808 0.0681872 0.694294
7 0.397653 0.347078 0.0182533 0.0254797 0.660785
0 0.799452 0.96465 0.0124521 0.0459946 0.624127
3 0.360649 0.895388 0.0508809 0.0865793 0.555743
3 0.157329 0.355007 0.0135362 0.0237432 0.540184
3 0.271415 0.298744 0.0216327 0.0189367 0.519976
7 0.0220893 0.791409 0.0398709 0.0491629 0.496132
3 0.973269 0.749791 0.0511915 0.0706989 0.492936
3 0.293819 0.430621 0.026111 0.0386787 0.490192
9 0.947919 0.966377 0.032056 0.0431897 0.489484
6 0.239252 0.70475 0.0172361 0.0468396 0.481876
6 0.0158532 0.922058 0.0314295 0.0676912 0.457969
4 0.973768 0.750869 0.0522262 0.0717871 0.445698
6 0.548102 0.707541 0.0341971 0.0456566 0.43932
6 0.717815 0.666068 0.0250795 0.0360036 0.337787
3 0.0158314 0.921751 0.031592 0.0679202 0.320791
6 0.948546 0.965537 0.0296505 0.0423561 0.302731
9 0.620672 0.644205 0.00779721 0.0263739 0.297191
9 0.607629 0.637283 0.0113056 0.023364 0.295014
9 0.239803 0.708111 0.0152091 0.0434721 0.28785
9 0.69792 0.653772 0.0134632 0.0306439 0.282097
7 0.0972456 0.474072 0.0209559 0.0268189 0.273587
6 0.0221173 0.791293 0.040031 0.0500955 0.272575
7 0.113636 0.355685 0.0175511 0.0199371 0.268831
6 0.877493 0.721649 0.0424705 0.0406963 0.2634
7 0.109348 0.44987 0.0237826 0.0280658 0.260851
9 0.417212 0.35436 0.00734951 0.0139743 0.258841
0 0.602646 0.415372 0.00748617 0.025102 0.255237
3 0.273505 0.284721 0.0220158 0.0196184 0.252946
