3 0.312743 0.61091 0.067246 0.104678 0.906665
3 0.447351 0.601608 0.0598785 0.108287 0.905504
3 0.374526 0.624445 0.0667059 0.10779 0.903441
3 0.243004 0.631153 0.0813568 0.11937 0.903197
3 0.499641 0.459128 0.0477184 0.0834455 0.871008
3 0.406627 0.436322 0.0474777 0.0666472 0.862647
3 0.619293 0.25881 0.0248315 0.0391006 0.816896
3 0.579717 0.614052 0.04408 0.109757 0.793644
4 0.368851 0.500208 0.0533073 0.0839688 0.713842
3 0.651025 0.0482027 0.015077 0.0146129 0.51289
9 0.155301 0.635721 0.0214231 0.0302638 0.486891
1 0.129872 0.600228 0.0156273 0.032001 0.41545
9 0.120593 0.612888 0.0259243 0.0331464 0.345543
1 0.15145 0.61696 0.0187618 0.0369911 0.326038
1 0.155071 0.621632 0.0180041 0.028733 0.258515
