0 0.565967 0.600126 0.0140053 0.0436462 0.819245
0 0.690955 0.626271 0.0188141 0.0510768 0.81756
0 0.161713 0.619592 0.0184113 0.0536966 0.722971
0 0.039825 0.464054 0.0132551 0.0316752 0.679247
3 0.686585 0.374017 0.0322117 0.0171164 0.664583
0 0.0245831 0.58778 0.0251623 0.052267 0.641474
3 0.976802 0.382572 0.0320224 0.0188769 0.584698
3 0.939139 0.374274 0.0370975 0.0189556 0.539512
0 0.620023 0.442948 0.0080515 0.0276355 0.534489
3 0.815525 0.379458 0.0275543 0.0185086 0.464864
3 0.98405 0.422916 0.0311006 0.0238954 0.451625
0 0.368481 0.494708 0.00956848 0.0300521 0.370903
0 0.0364088 0.462885 0.0133674 0.0343454 0.35
0 0.544464 0.484169 0.0101375 0.025716 0.32267
0 0.0337719 0.458842 0.0108602 0.0371605 0.298362
0 0.10386 0.444914 0.0105041 0.0247605 0.296405
0 0.51888 0.472901 0.00909511 0.0283555 0.2929
3 0.597822 0.359107 0.0259237 0.0149427 0.286751
3 0.452505 0.417041 0.032255 0.0262982 0.264945
0 0.491205 0.476346 0.0094101 0.0332592 0.258136
