4 0.527191 0.105702 0.0333527 0.0326696 0.808439
7 0.566268 0.458511 0.0201336 0.0741143 0.79544
3 0.64621 0.308949 0.025062 0.046615 0.791093
9 0.66123 0.724032 0.0313572 0.0421369 0.785122
9 0.596442 0.701505 0.0165524 0.0629172 0.722832
9 0.68969 0.629166 0.0277074 0.0362213 0.72158
6 0.651355 0.57985 0.0432504 0.0384739 0.698883
7 0.561752 0.35623 0.0171082 0.0440862 0.669881
9 0.713353 0.766829 0.0296984 0.0421214 0.661153
7 0.638805 0.809638 0.0317577 0.0974333 0.639247
3 0.539795 0.247055 0.0203007 0.0382717 0.630517
6 0.553792 0.54509 0.014596 0.0542372 0.62175
5 0.616045 0.0714567 0.0198479 0.0577883 0.617836
7 0.6096 0.218397 0.0133856 0.0365136 0.61504
7 0.723383 0.881723 0.0532149 0.0935276 0.603582
9 0.776345 0.622674 0.0282213 0.0307157 0.603363
6 0.668936 0.495584 0.0407002 0.0460114 0.593359
9 0.726575 0.552977 0.0243368 0.0337986 0.592655
9 0.717733 0.971585 0.0200583 0.0560038 0.569245
9 0.390578 0.769541 0.0275199 0.0382271 0.567168
9 0.691411 0.683332 0.0328293 0.0370396 0.560335
9 0.810332 0.75888 0.0193749 0.05591 0.556185
7 0.545961 0.218881 0.0218354 0.0349068 0.533309
1 0.605357 0.142858 0.00588116 0.0192345 0.521315
9 0.792818 0.688418 0.0316536 0.0284736 0.485624
9 0.693255 0.695346 0.0333179 0.0330334 0.485325
1 0.533646 0.433406 0.0104597 0.0328999 0.48359
9 0.797038 0.720689 0.0318628 0.0327205 0.481769
7 0.619992 0.477224 0.0204565 0.0601142 0.467801
9 0.608515 0.411674 0.0112393 0.0274477 0.462669
9 0.700254 0.739664 0.0300293 0.0436138 0.462621
6 0.598803 0.295925 0.0141615 0.0399145 0.45823
3 0.60878 0.0350273 0.0168073 0.0194938 0.446318
6 0.628514 0.191669 0.0110253 0.0282226 0.432758
9 0.690473 0.596603 0.0263985 0.0336098 0.424415
9 0.790033 0.681389 0.0300661 0.0301638 0.419616
7 0.693284 0.826852 0.0563973 0.0877902 0.414483
9 0.747647 0.952132 0.0186485 0.0647526 0.414135
9 0.533765 0.44437 0.0113051 0.0324256 0.41025
9 0.765202 0.561967 0.0264767 0.0283427 0.40918
9 0.756088 0.537169 0.0256561 0.0275347 0.407094
9 0.698457 0.708082 0.0286457 0.0372001 0.406792
9 0.395397 0.723259 0.0361957 0.0375891 0.406772
9 0.332461 0.890374 0.0225534 0.0641222 0.395297
6 0.620483 0.479564 0.019857 0.0668167 0.387411
9 0.479801 0.331326 0.0139431 0.0283061 0.380516
0 0.520129 0.248734 0.00756237 0.0244573 0.379107
9 0.789444 0.667913 0.0272422 0.0297515 0.374849
9 0.797216 0.71474 0.0326803 0.0338538 0.373642
7 0.545741 0.18437 0.0149193 0.0270289 0.371716
3 0.693729 0.827399 0.0560267 0.0880304 0.370434
9 0.63687 0.49878 0.0140419 0.0375145 0.368749
9 0.605677 0.147542 0.00766456 0.0205205 0.3651
3 0.723669 0.881284 0.0520864 0.0945463 0.343144
1 0.608067 0.408187 0.0105186 0.0252573 0.33995
9 0.796008 0.69876 0.0321104 0.0277195 0.337789
9 0.375075 0.815461 0.0463739 0.0506259 0.332924
9 0.723292 0.741583 0.0193941 0.0469167 0.332428
7 0.551066 0.14001 0.0151274 0.0289205 0.330259
9 0.49543 0.183664 0.0100322 0.0178674 0.324096
9 0.677951 0.544351 0.029837 0.0299504 0.32265
9 0.762002 0.55531 0.0263868 0.0276893 0.320418
1 0.620017 0.244481 0.00646361 0.0256071 0.315781
9 0.692921 0.183502 0.0143187 0.0163894 0.315287
9 0.733138 0.46446 0.0233809 0.0255452 0.311774
9 0.797419 0.708786 0.0326288 0.0300735 0.31113
9 0.731309 0.452573 0.0246774 0.0239881 0.307019
9 0.56714 0.271042 0.00759639 0.0288757 0.304778
9 0.699604 0.329394 0.013344 0.0242058 0.30117
9 0.726601 0.625442 0.0227867 0.0490087 0.297843
9 0.70952 0.259954 0.0118071 0.0215095 0.295659
9 0.779774 0.633851 0.0295023 0.0247147 0.287663
3 0.497857 0.250874 0.0136449 0.0311199 0.284758
9 0.73202 0.45763 0.0227259 0.0240767 0.281297
6 0.728536 0.628405 0.025708 0.0522396 0.279376
1 0.626354 0.277841 0.0103266 0.0296656 0.278758
6 0.376267 0.818176 0.0566114 0.0514954 0.269299
9 0.392196 0.731233 0.0360111 0.0347193 0.269229
1 0.57881 0.317669 0.0077923 0.0346715 0.267372
4 0.694009 0.826747 0.0558906 0.0877731 0.260807
9 0.689853 0.521969 0.0190336 0.0240541 0.259884
9 0.582913 0.117015 0.0092121 0.0174562 0.255681
9 0.746755 0.503003 0.0198725 0.028038 0.255015
7 0.545321 0.159353 0.0135336 0.0246324 0.253669
1 0.613858 0.264198 0.007257 0.0203133 0.253225
