0 0.583697 0.779378 0.0169695 0.0562654 0.779929
0 0.633764 0.864423 0.0194082 0.0643707 0.77256
6 0.548928 0.798801 0.0236962 0.087784 0.77102
9 0.575577 0.663179 0.0171411 0.0501034 0.705351
4 0.36765 0.572517 0.0387168 0.0829884 0.654901
6 0.510964 0.535276 0.0230172 0.0953158 0.650624
0 0.188259 0.950127 0.0258675 0.080775 0.549128
9 0.636967 0.935017 0.035631 0.0535568 0.440353
9 0.548323 0.399745 0.0126625 0.0356792 0.415681
0 0.182485 0.942692 0.02317 0.0806234 0.393393
0 0.720693 0.747541 0.01805 0.0636483 0.372671
6 0.477186 0.363189 0.0356028 0.0429525 0.348491
9 0.569928 0.388188 0.0172912 0.0325154 0.328237
6 0.582559 0.544788 0.0311785 0.0532745 0.318994
9 0.582351 0.616278 0.0263799 0.0338153 0.313572
7 0.628173 0.301565 0.0150799 0.040655 0.301703
0 0.506487 0.384279 0.00948765 0.0395754 0.29039
6 0.58098 0.718004 0.0163431 0.0555325 0.285048
1 0.206119 0.932756 0.0181944 0.0583605 0.281892
6 0.5947 0.172858 0.0140582 0.0350651 0.281181
9 0.513581 0.182517 0.0105234 0.020416 0.26729
0 0.205899 0.930793 0.0181469 0.0603694 0.263686
0 0.131016 0.839705 0.0307019 0.0725253 0.260543
