0 0.456228 0.126588 0.00740509 0.0301471 0.709559
0 0.423455 0.296475 0.00943107 0.0254259 0.603829
0 0.440599 0.311522 0.0108845 0.0316598 0.602293
0 0.446055 0.165156 0.0086111 0.0332627 0.563181
0 0.234219 0.87598 0.01607 0.0237899 0.548204
0 0.361296 0.219227 0.0101085 0.03055 0.480078
0 0.259624 0.674336 0.0120557 0.0216719 0.434117
5 0.72123 0.797358 0.0850325 0.0996509 0.408859
0 0.369102 0.220318 0.0109902 0.0290942 0.408421
0 0.375997 0.223751 0.010599 0.0236983 0.393503
0 0.303281 0.710643 0.0098604 0.0245502 0.385497
0 0.457502 0.128131 0.0100201 0.032538 0.325847
0 0.455939 0.330632 0.00861847 0.0210295 0.323433
0 0.285418 0.774743 0.0134132 0.025631 0.322104
0 0.382805 0.493937 0.0107313 0.0228439 0.32203
0 0.1028 0.803655 0.0179937 0.0165856 0.303082
0 0.445656 0.509979 0.010014 0.0215187 0.293425
1 0.342669 0.735165 0.0141128 0.0199553 0.256717
