3 0.365193 0.854096 0.11369 0.119911 0.893497
3 0.525937 0.530684 0.0766201 0.0569206 0.878007
3 0.793609 0.559791 0.0486857 0.0984685 0.874454
3 0.476729 0.623179 0.0817446 0.0810787 0.865841
3 0.421198 0.699928 0.086675 0.0833378 0.843365
3 0.547714 0.482109 0.0776744 0.0589188 0.835696
3 0.586591 0.412519 0.0587908 0.0451992 0.813394
3 0.570951 0.441091 0.0635054 0.0497265 0.786029
3 0.389793 0.762701 0.110654 0.11809 0.762652
3 0.621944 0.360896 0.0497974 0.0328453 0.760304
3 0.609741 0.386135 0.0533897 0.0408281 0.752332
3 0.642883 0.317859 0.0488577 0.0329141 0.732616
0 0.618921 0.564742 0.014599 0.0368548 0.700039
3 0.829644 0.242074 0.021863 0.0344364 0.687345
3 0.653123 0.24778 0.0450903 0.0305657 0.637932
3 0.798613 0.152643 0.0321701 0.0450714 0.567526
3 0.630935 0.338737 0.0452352 0.0328278 0.558136
3 0.760545 0.104811 0.0175163 0.0228864 0.492992
3 0.838182 0.204879 0.0277067 0.03357 0.473388
3 0.812342 0.0962674 0.0239925 0.0280222 0.432041
3 0.780967 0.0443885 0.0173781 0.0159839 0.38998
9 0.825764 0.432702 0.0270829 0.0218171 0.379227
3 0.796288 0.010364 0.0148888 0.0169492 0.316707
3 0.768363 0.0593489 0.021889 0.0190168 0.301343
3 0.6443 0.29078 0.0460259 0.0252968 0.288362
3 0.774526 0.0572579 0.0164404 0.021712 0.287775
3 0.783852 0.0232379 0.0140072 0.0158906 0.257307
2 0.835566 0.385343 0.0321342 0.0208253 0.252021
