3 0.0385692 0.898431 0.0771385 0.131002 0.92526
3 0.912204 0.892327 0.11824 0.078626 0.919497
3 0.677712 0.906361 0.141357 0.0869202 0.918556
3 0.50279 0.728712 0.0502241 0.0427048 0.89023
3 0.27175 0.843217 0.0664824 0.12498 0.873662
3 0.718847 0.767464 0.0743009 0.0499138 0.870214
3 0.292818 0.655664 0.0254745 0.0294975 0.856677
3 0.440995 0.673796 0.0341957 0.0319374 0.856019
3 0.832078 0.710729 0.0564219 0.0365568 0.851188
3 0.366986 0.609223 0.0265933 0.0215137 0.846096
3 0.79039 0.697714 0.0494448 0.0364484 0.837801
3 0.919785 0.694946 0.0432424 0.0301498 0.835512
3 0.961566 0.736967 0.076868 0.048544 0.830796
3 0.215296 0.572961 0.0143273 0.0180247 0.823475
3 0.130291 0.617672 0.0285564 0.0263098 0.812186
3 0.756488 0.68467 0.0473226 0.027979 0.795017
3 0.268211 0.577306 0.0175862 0.016866 0.790912
3 0.779989 0.650217 0.0357831 0.025573 0.784924
3 0.26587 0.55602 0.0106716 0.013092 0.760749
3 0.655195 0.643402 0.0363541 0.021285 0.757372
3 0.686103 0.623332 0.0298967 0.0189346 0.756032
3 0.70234 0.66052 0.0420716 0.0262939 0.743964
3 0.88413 0.68053 0.0409748 0.0285718 0.742406
3 0.155077 0.590098 0.0292411 0.0194624 0.719545
3 0.809763 0.660614 0.0331093 0.0262398 0.716634
3 0.750306 0.644553 0.0297593 0.0214466 0.715436
3 0.218312 0.544487 0.00983752 0.0122758 0.696974
3 0.724107 0.671963 0.0455462 0.0263012 0.689399
5 0.0317028 0.688104 0.0631853 0.0945751 0.683012
3 0.418229 0.641721 0.0301763 0.0290288 0.67967
3 0.647275 0.598846 0.026926 0.0173823 0.679038
5 0.363769 0.670056 0.0487621 0.0655065 0.674098
3 0.730494 0.636209 0.0318237 0.0212458 0.653133
3 0.62439 0.685221 0.050213 0.0314185 0.643709
3 0.863736 0.975945 0.0931446 0.0479736 0.640588
3 0.85194 0.667409 0.0593673 0.0299822 0.637827
3 0.69149 0.729172 0.0582756 0.0309453 0.637621
3 0.577391 0.658105 0.0388637 0.0252412 0.626087
3 0.340463 0.577457 0.0162079 0.0150351 0.62381
3 0.232914 0.556827 0.013827 0.0121234 0.608639
3 0.0661318 0.631059 0.0351477 0.0292417 0.596819
3 0.619189 0.626141 0.03794 0.0240492 0.577295
3 0.704385 0.60671 0.0296101 0.0196223 0.556451
3 0.583454 0.614644 0.0354809 0.0179263 0.553612
3 0.135004 0.56236 0.0281081 0.0147026 0.547427
3 0.285521 0.537106 0.00875554 0.00941645 0.532449
3 0.53367 0.632532 0.0313201 0.0216323 0.530193
3 0.367246 0.572131 0.0284005 0.0144173 0.512375
3 0.604058 0.667998 0.0395308 0.0304843 0.511523
3 0.640108 0.635797 0.0464033 0.0241496 0.507609
3 0.55464 0.648779 0.0319239 0.0239539 0.505199
3 0.111665 0.577528 0.0338157 0.0158335 0.502503
3 0.0218532 0.631166 0.03865 0.0260531 0.493888
3 0.633743 0.634005 0.0395706 0.0228147 0.483922
8 0.0308285 0.693037 0.0615615 0.0841901 0.474227
3 0.56446 0.651161 0.037884 0.0251513 0.460715
5 0.357386 0.663894 0.0626766 0.07733 0.460571
3 0.192567 0.543279 0.0126696 0.0135806 0.454146
3 0.346686 0.561529 0.0165544 0.011933 0.452476
3 0.174794 0.564841 0.0200628 0.0159749 0.437744
3 0.112524 0.588025 0.0331379 0.0174251 0.430519
3 0.362256 0.574039 0.0294989 0.0149132 0.420669
3 0.0113576 0.64998 0.0227151 0.0282649 0.408811
3 0.11068 0.580948 0.0349266 0.0170767 0.407612
3 0.265154 0.525766 0.0073414 0.00852963 0.400058
3 0.631078 0.631067 0.0375524 0.0212358 0.395733
3 0.186694 0.519745 0.0106566 0.00821498 0.365757
3 0.146446 0.548633 0.0219761 0.0139655 0.363966
3 0.232548 0.512758 0.00687132 0.00903989 0.358414
3 0.109177 0.590354 0.0350934 0.0152173 0.357445
3 0.599411 0.620972 0.0310222 0.0192747 0.34558
3 0.606581 0.59769 0.0255378 0.0170218 0.345565
3 0.74644 0.643914 0.0307369 0.0187907 0.343181
3 0.037021 0.624637 0.038488 0.0246709 0.342755
3 0.371948 0.567202 0.0231968 0.0125703 0.342621
3 0.236567 0.554175 0.00966769 0.0136584 0.336469
3 0.40512 0.591491 0.0217776 0.0176732 0.314317
3 0.215948 0.512327 0.00691766 0.00812965 0.313774
5 0.340354 0.635653 0.0297431 0.0377684 0.312861
3 0.123309 0.570066 0.0311765 0.0154567 0.312855
3 0.340384 0.631109 0.0283123 0.0282167 0.300958
3 0.527278 0.632204 0.0397989 0.0222715 0.297042
3 0.21615 0.513655 0.00748653 0.00718093 0.295458
3 0.374418 0.561236 0.0191487 0.0118446 0.294268
3 0.649037 0.640785 0.0429134 0.0241987 0.291421
3 0.151412 0.547094 0.0250691 0.0119806 0.290782
3 0.826337 0.977925 0.162527 0.0441506 0.285911
3 0.371985 0.55985 0.020541 0.0116053 0.27955
3 0.193068 0.545851 0.0135569 0.0121229 0.273845
3 0.471829 0.580591 0.0193629 0.015771 0.273453
3 0.608921 0.599319 0.0236715 0.0158854 0.269093
3 0.183693 0.542303 0.0159014 0.0127598 0.261702
3 0.371886 0.570277 0.02339 0.0121155 0.261187
3 0.294252 0.552733 0.00662598 0.0115783 0.259796
3 0.0155253 0.653695 0.0305062 0.0313045 0.257199
3 0.233197 0.514284 0.00862303 0.00616054 0.253167
