0 0.816066 0.195517 0.0101845 0.0234597 0.748884
0 0.381267 0.754015 0.0103852 0.0255189 0.735684
0 0.861149 0.253715 0.0159 0.02714 0.686612
0 0.707682 0.469997 0.0109233 0.0228023 0.675141
0 0.931794 0.648265 0.0165882 0.0213097 0.667408
0 0.368141 0.751263 0.00971268 0.0230412 0.648975
0 0.692077 0.38201 0.00987828 0.0297041 0.648252
0 0.678524 0.395847 0.00715942 0.0213684 0.622092
0 0.818164 0.883124 0.0186875 0.0193833 0.604839
0 0.448042 0.950784 0.0109068 0.0229836 0.604754
0 0.691131 0.389756 0.0110727 0.0251614 0.567709
0 0.652534 0.0193462 0.00833989 0.0298857 0.524401
0 0.679905 0.0270786 0.0112301 0.0288485 0.505118
0 0.920061 0.755644 0.0111364 0.0168801 0.502409
0 0.621583 0.08848 0.00844077 0.0278717 0.496942
0 0.661224 0.0202456 0.00815007 0.0300572 0.49539
0 0.8128 0.88293 0.0137905 0.0178292 0.4774
0 0.66944 0.591087 0.0102661 0.0180084 0.467859
0 0.909688 0.669087 0.0151375 0.0220263 0.458615
0 0.875741 0.845076 0.0128861 0.0243389 0.453283
0 0.975957 0.279414 0.0151852 0.0260906 0.444073
0 0.823283 0.439615 0.0162537 0.0211307 0.433142
0 0.91231 0.662117 0.0167717 0.0233309 0.433039
0 0.519639 0.576149 0.00884212 0.0181647 0.398947
0 0.446565 0.90454 0.0102819 0.0156151 0.354306
0 0.810624 0.882101 0.0121281 0.018283 0.347998
0 0.874406 0.84042 0.0128208 0.0193396 0.325123
0 0.678622 0.0330401 0.0124431 0.027777 0.30613
0 0.714551 0.0164142 0.0139348 0.028017 0.278696
0 0.865981 0.822536 0.0104793 0.0175965 0.268875
0 0.479532 0.56249 0.00873308 0.0168377 0.26431
0 0.629234 0.0867193 0.00937365 0.0259316 0.263065
0 0.846253 0.0514908 0.0119545 0.0280865 0.25823
0 0.882659 0.0119292 0.00966561 0.0238584 0.25301
