3 0.588364 0.561135 0.0358517 0.038413 0.86919
3 0.624502 0.619767 0.0563885 0.0363837 0.840909
3 0.544516 0.47702 0.0409305 0.0258693 0.825523
3 0.411484 0.261403 0.0108705 0.0154715 0.632407
3 0.427066 0.311957 0.0134544 0.0177327 0.578587
3 0.260424 0.225197 0.0113407 0.0136369 0.484007
3 0.40155 0.225657 0.00949293 0.0118772 0.448069
4 0.247997 0.357955 0.0191895 0.0230827 0.415728
3 0.43029 0.205174 0.011348 0.0120851 0.396789
3 0.291928 0.15192 0.00982895 0.0089927 0.362411
3 0.289272 0.190445 0.0124315 0.0117402 0.358066
3 0.469561 0.258835 0.012701 0.0151943 0.345921
3 0.54085 0.412621 0.0215103 0.028643 0.344879
4 0.501112 0.255355 0.0191204 0.0149288 0.328637
3 0.28313 0.177329 0.0126025 0.0105341 0.322708
9 0.811055 0.870755 0.0291458 0.0388783 0.320436
3 0.3013 0.136964 0.00996403 0.00942351 0.311244
3 0.426825 0.178018 0.0133661 0.00972742 0.306596
5 0.377607 0.113247 0.00733708 0.0147519 0.305153
9 0.67048 0.602874 0.0149353 0.0209986 0.301626
3 0.295742 0.152608 0.010466 0.0114534 0.290954
3 0.45985 0.231497 0.0122995 0.0135294 0.290558
9 0.667857 0.556124 0.0158482 0.0167453 0.289867
9 0.701948 0.637622 0.0134814 0.0262721 0.286106
4 0.29895 0.210918 0.0113358 0.0242054 0.283894
4 0.183406 0.38725 0.0358854 0.0191592 0.27825
3 0.390952 0.184524 0.00659092 0.0143099 0.270576
7 0.271216 0.398206 0.0135326 0.0280576 0.256735
9 0.656192 0.509693 0.0100856 0.0152745 0.25368
