4 0.116604 0.686577 0.05182 0.115386 0.879175
3 0.16289 0.571233 0.0520666 0.0797804 0.87723
4 0.86169 0.445415 0.0357902 0.0596335 0.846891
4 0.819183 0.551635 0.0642296 0.043531 0.840355
3 0.803477 0.441325 0.0350124 0.043266 0.836287
3 0.691969 0.290476 0.0411224 0.0250155 0.830506
3 0.880858 0.563457 0.0661346 0.0415649 0.824899
3 0.538966 0.156017 0.0252379 0.0180661 0.818435
3 0.925177 0.52203 0.0681095 0.0360589 0.76657
3 0.605513 0.234494 0.0340251 0.0196766 0.759397
3 0.191621 0.493167 0.0480722 0.056332 0.674256
3 0.330264 0.0689078 0.0163101 0.0122951 0.638875
4 0.829311 0.504175 0.068298 0.0419143 0.629792
3 0.598376 0.224418 0.0378103 0.0184325 0.622269
4 0.594322 0.200756 0.0315515 0.0227748 0.618711
3 0.579201 0.155229 0.0268297 0.0156323 0.575519
4 0.593323 0.197224 0.0278091 0.019038 0.559325
3 0.38085 0.0286869 0.00926222 0.00957877 0.420513
4 0.191669 0.493949 0.0485317 0.0559088 0.37171
0 0.590058 0.319815 0.00711343 0.0228429 0.368118
3 0.505786 0.119418 0.0125183 0.0157069 0.333517
3 0.352534 0.0530911 0.00983248 0.0105449 0.327488
3 0.426636 0.0432671 0.0133112 0.0125807 0.324614
9 0.668824 0.302566 0.0123774 0.0157659 0.323448
4 0.34314 0.108733 0.0124921 0.0155443 0.311916
4 0.829095 0.607814 0.0857826 0.0694207 0.310466
3 0.217463 0.429294 0.0327132 0.0505816 0.296146
3 0.499742 0.0740977 0.0143017 0.0127211 0.288996
1 0.720062 0.560007 0.0101982 0.0257698 0.277092
3 0.578008 0.159711 0.0245963 0.0151429 0.267148
3 0.445995 0.0245208 0.0125439 0.0086464 0.266793
3 0.368305 0.0059878 0.0122717 0.00964914 0.263629
