3 0.471564 0.589108 0.0199372 0.050393 0.78199
3 0.449935 0.688096 0.0231102 0.0222651 0.696016
3 0.316526 0.453311 0.0137689 0.0194534 0.571164
3 0.456263 0.660925 0.0208049 0.0246568 0.514999
3 0.0673647 0.15126 0.0256372 0.0325115 0.50734
3 0.345872 0.622156 0.0173356 0.0305208 0.498756
3 0.279993 0.31711 0.0184171 0.0310297 0.486706
3 0.421725 0.665054 0.0200516 0.0252715 0.484157
3 0.424628 0.66288 0.0191592 0.0226883 0.475908
3 0.405281 0.758647 0.0267843 0.0374066 0.471373
3 0.725482 0.288756 0.0251309 0.0439051 0.465294
4 0.330845 0.590882 0.0199089 0.0491418 0.451166
3 0.268408 0.287734 0.0182008 0.0317257 0.424448
3 0.0628382 0.05341 0.0338472 0.0495384 0.408341
3 0.464283 0.763773 0.0133877 0.0310584 0.404187
3 0.397811 0.75197 0.0187224 0.035787 0.402657
3 0.399461 0.669262 0.0131669 0.0249729 0.383619
3 0.410341 0.760478 0.0252548 0.037198 0.381375
3 0.683706 0.328168 0.0212303 0.0355328 0.34182
3 0.492018 0.687336 0.0136804 0.0402752 0.337866
4 0.0591593 0.111413 0.0281662 0.0404056 0.32549
3 0.0516897 0.0374158 0.0198147 0.0343678 0.301226
3 0.414299 0.834871 0.0213805 0.036362 0.289977
3 0.330571 0.486385 0.0204021 0.0198887 0.274639
3 0.0582009 0.105918 0.0264223 0.0408387 0.271762
3 0.0578673 0.114928 0.0261411 0.0397542 0.262598
9 0.772949 0.174046 0.0094839 0.0183046 0.257317
