0 0.580928 0.974741 0.012504 0.0340228 0.768308
0 0.544061 0.618771 0.0101976 0.0294919 0.718099
0 0.440033 0.689205 0.0136894 0.0215728 0.64863
0 0.601417 0.427872 0.0102888 0.0356197 0.647184
0 0.589307 0.425479 0.0101675 0.0321053 0.640144
0 0.503917 0.103951 0.00663884 0.0282447 0.584302
7 0.624671 0.287933 0.037149 0.0384981 0.575399
0 0.557739 0.966611 0.014353 0.035658 0.571856
0 0.495575 0.104916 0.00584765 0.0275221 0.453068
0 0.492709 0.83108 0.0117577 0.0307575 0.434517
0 0.494856 0.857412 0.0117738 0.0345585 0.397433
0 0.523333 0.876189 0.0148193 0.03328 0.395852
0 0.523388 0.886092 0.0167784 0.049694 0.367963
0 0.49475 0.840173 0.0121911 0.0334915 0.303722
0 0.47896 0.778437 0.0107701 0.0262959 0.270066
