4 0.660742 0.812292 0.0740468 0.0892113 0.906231
3 0.158798 0.717218 0.0720623 0.0659543 0.867329
3 0.199918 0.719677 0.0643394 0.064487 0.836201
3 0.829637 0.418734 0.0236416 0.0235206 0.789282
3 0.794376 0.364776 0.0206862 0.0156779 0.739862
3 0.0329004 0.73344 0.0658007 0.0687271 0.715301
4 0.0989127 0.714201 0.0801767 0.0797485 0.675796
7 0.512902 0.589477 0.0166754 0.0451689 0.62293
4 0.465242 0.456878 0.0147812 0.0277853 0.594042
4 0.734482 0.331043 0.015042 0.0168246 0.579159
3 0.803566 0.438056 0.0359829 0.0184672 0.52691
9 0.799294 0.95478 0.0328611 0.052349 0.525542
4 0.781597 0.41415 0.0130564 0.0223675 0.506367
3 0.816177 0.363002 0.0213443 0.0156915 0.498108
3 0.497605 0.327169 0.0193262 0.0104834 0.487971
3 0.487659 0.349733 0.0114157 0.0125141 0.487055
3 0.510285 0.295453 0.0164323 0.00942499 0.401578
3 0.488697 0.341045 0.0173475 0.011629 0.383569
3 0.499245 0.3138 0.0187059 0.0113935 0.368621
3 0.816764 0.310478 0.0160877 0.0118641 0.363678
3 0.451947 0.327591 0.0117155 0.0134116 0.354867
3 0.099626 0.714129 0.0806421 0.0795896 0.345463
3 0.498809 0.323189 0.0188557 0.0109434 0.341988
3 0.843047 0.327561 0.0173924 0.0128038 0.336295
3 0.465317 0.344477 0.00889587 0.0151034 0.333676
3 0.789361 0.33129 0.0167988 0.013024 0.317583
3 0.48613 0.341187 0.0172283 0.0124942 0.31547
3 0.773697 0.319004 0.018506 0.0130198 0.277967
3 0.502025 0.30893 0.0197256 0.0115625 0.271239
3 0.511256 0.28347 0.0147547 0.0087246 0.269932
3 0.78024 0.327002 0.0186305 0.010095 0.250947
