0 0.653579 0.601717 0.0114689 0.0272762 0.777438
0 0.621874 0.262916 0.0152189 0.0270179 0.766841
0 0.645963 0.846986 0.0120214 0.032094 0.750428
0 0.631686 0.196396 0.0145628 0.0453232 0.650658
0 0.622632 0.830576 0.0129842 0.0329956 0.637066
6 0.101624 0.250663 0.108304 0.0774316 0.634469
5 0.129155 0.102825 0.157908 0.134452 0.623792
0 0.664501 0.422381 0.0110703 0.0233144 0.610477
0 0.641646 0.352091 0.0128082 0.0302497 0.604755
0 0.608194 0.300069 0.0105543 0.0319131 0.593887
0 0.594495 0.307486 0.0116893 0.0270135 0.59345
0 0.657007 0.348718 0.0125153 0.0241348 0.575501
0 0.618568 0.300877 0.0118866 0.0307411 0.526205
9 0.574286 0.836242 0.0297685 0.0332258 0.516407
0 0.603938 0.860123 0.0102758 0.0383732 0.513381
0 0.733133 0.490608 0.0177071 0.0293717 0.498477
0 0.615051 0.389832 0.0201774 0.0214039 0.451956
0 0.6593 0.295822 0.0131134 0.0278277 0.445346
5 0.243272 0.810798 0.20118 0.179067 0.430748
0 0.654481 0.633553 0.0100091 0.023026 0.393995
3 0.241616 0.799814 0.20434 0.160293 0.373886
0 0.709758 0.820096 0.0135506 0.0237581 0.368992
0 0.577292 0.283432 0.0112026 0.0249637 0.36897
0 0.638053 0.411589 0.0196472 0.0359677 0.358453
0 0.654914 0.329721 0.0159941 0.031744 0.337615
6 0.290671 0.208653 0.136904 0.0898219 0.336247
0 0.724722 0.444069 0.01469 0.0226577 0.322686
4 0.0218849 0.104084 0.0437698 0.0994112 0.315422
0 0.561093 0.517829 0.0210548 0.0349841 0.290376
0 0.588012 0.805901 0.0119257 0.0312783 0.285937
9 0.772393 0.921982 0.0279006 0.02222 0.281521
3 0.0341078 0.536554 0.0681336 0.108275 0.276555
7 0.682925 0.293166 0.0272665 0.178196 0.256554
3 0.0218912 0.325931 0.0436537 0.0939242 0.254706
