3 0.0146742 0.60772 0.0292041 0.0385086 0.801106
3 0.257536 0.55835 0.0229175 0.033195 0.772038
3 0.36768 0.429984 0.0309011 0.0176006 0.728092
3 0.751271 0.453945 0.0270945 0.0219058 0.711801
3 0.789724 0.444811 0.0257228 0.020384 0.677923
3 0.41344 0.377387 0.0244458 0.0183319 0.666349
3 0.186108 0.534086 0.0187368 0.0345706 0.658933
3 0.414963 0.340078 0.0231222 0.0147479 0.631898
3 0.219633 0.331172 0.0139769 0.0167244 0.621977
3 0.445176 0.38382 0.0254499 0.0160505 0.61555
3 0.20213 0.393985 0.0134255 0.0179285 0.586202
8 0.432923 0.42933 0.0317484 0.0377917 0.558335
3 0.425864 0.357079 0.0256239 0.0161768 0.53067
3 0.968974 0.695691 0.0620512 0.0547096 0.51195
3 0.508612 0.441182 0.0287134 0.027376 0.509139
3 0.887938 0.629469 0.07272 0.0428636 0.496386
3 0.541167 0.437974 0.0330091 0.0310018 0.489842
3 0.110252 0.380609 0.0177305 0.0226183 0.471051
3 0.83513 0.441315 0.0302529 0.0243564 0.452966
3 0.147864 0.413737 0.0175558 0.02026 0.442652
4 0.432787 0.429386 0.0316242 0.0376533 0.436694
3 0.148056 0.479132 0.024401 0.0400293 0.428885
3 0.399534 0.324894 0.0202425 0.0156801 0.414773
3 0.156825 0.454846 0.0171576 0.0245522 0.392906
0 0.727434 0.973299 0.015643 0.0464607 0.375092
3 0.869326 0.431778 0.0347761 0.0230001 0.364325
3 0.352378 0.381712 0.0289376 0.0167344 0.341344
3 0.358699 0.411037 0.0312638 0.0183465 0.331249
3 0.343469 0.324363 0.021553 0.0165451 0.319372
3 0.391953 0.33549 0.0229117 0.0152089 0.317174
0 0.722803 0.971222 0.0210407 0.0470031 0.305549
3 0.39886 0.288304 0.0145422 0.0140919 0.28176
3 0.359449 0.325211 0.0203235 0.015035 0.273524
3 0.357148 0.399926 0.0292029 0.0178494 0.272651
4 0.216766 0.409857 0.0163151 0.0298083 0.271101
3 0.413958 0.305291 0.015882 0.0174391 0.269715
3 0.413469 0.342655 0.0246045 0.0173726 0.268499
3 0.340446 0.361487 0.0274828 0.0179645 0.267304
3 0.353956 0.396383 0.0297221 0.0180625 0.265988
