0 0.456429 0.35717 0.00729658 0.0226173 0.629855
0 0.341423 0.96837 0.0117531 0.0316782 0.62511
0 0.433353 0.591171 0.00871229 0.0363673 0.605656
0 0.327062 0.858999 0.0102643 0.0469638 0.516773
0 0.429543 0.0996581 0.00802468 0.0306483 0.490575
0 0.45135 0.16429 0.0100356 0.0370171 0.486351
0 0.432488 0.647785 0.00930708 0.0190799 0.44864
0 0.48766 0.826672 0.00747681 0.0209306 0.447983
0 0.448828 0.37799 0.0101791 0.0208934 0.443191
0 0.479086 0.387082 0.00825117 0.0200348 0.439317
0 0.451604 0.17435 0.00975686 0.034442 0.436231
0 0.442325 0.672786 0.0110186 0.0267601 0.407706
0 0.439414 0.648616 0.0102307 0.0208992 0.380746
0 0.369077 0.695588 0.0123589 0.0267193 0.375481
0 0.513962 0.505593 0.0096109 0.0284753 0.351954
0 0.443639 0.0143912 0.00807159 0.026377 0.349723
7 0.420173 0.411462 0.0441679 0.0415014 0.329067
0 0.449019 0.186868 0.0105474 0.035178 0.293954
0 0.413856 0.193054 0.0101156 0.0230707 0.29194
0 0.449526 0.163373 0.0115553 0.0367899 0.274146
