8 0.666189 0.452721 0.129743 0.206903 0.910292
3 0.720812 0.928575 0.111361 0.142817 0.887095
3 0.581377 0.505371 0.0548206 0.0874354 0.870151
3 0.370091 0.314193 0.0353746 0.063574 0.85824
4 0.200355 0.641811 0.0535648 0.118005 0.838096
3 0.27973 0.078215 0.0268302 0.0384425 0.831485
3 0.415452 0.143876 0.0291264 0.0363075 0.827872
3 0.51462 0.290117 0.0390717 0.0536957 0.825065
3 0.316639 0.266945 0.032385 0.0603563 0.822342
3 0.365783 0.0939835 0.0242468 0.0341319 0.821402
3 0.273054 0.269109 0.0271043 0.0515794 0.818847
3 0.185247 0.350396 0.031966 0.0589708 0.81593
3 0.484382 0.416895 0.0398807 0.07355 0.812526
3 0.457152 0.260164 0.03358 0.0481518 0.793758
4 0.198784 0.428173 0.0505922 0.0994016 0.785306
3 0.311477 0.0110442 0.0198815 0.0220884 0.781964
3 0.248471 0.13484 0.0258865 0.0369324 0.781371
3 0.318041 0.142598 0.0275388 0.0491208 0.767455
3 0.269103 0.210228 0.0270689 0.0517837 0.763883
3 0.283113 0.141874 0.0273816 0.0396388 0.761391
3 0.244587 0.0843271 0.0253535 0.0386323 0.754213
3 0.230132 0.0569016 0.0239844 0.0321346 0.751582
0 0.757626 0.469379 0.0160615 0.0399757 0.729104
0 0.227286 0.76179 0.0161324 0.035032 0.683888
3 0.265293 0.165824 0.0258126 0.0401982 0.674402
0 0.208234 0.291384 0.0110723 0.0317529 0.658817
0 0.616038 0.316652 0.010643 0.0304112 0.623982
0 0.181587 0.0874835 0.00844771 0.0228711 0.572325
0 0.231267 0.207612 0.00914897 0.0266965 0.563582
3 0.337597 0.393728 0.042214 0.0914656 0.554535
3 0.386745 0.0758542 0.0192424 0.0290107 0.554307
3 0.456006 0.0117992 0.0220583 0.022556 0.477682
3 0.501515 0.0922184 0.023652 0.0262657 0.474555
0 0.194562 0.092831 0.00843743 0.0227976 0.472785
0 0.18641 0.122742 0.00879408 0.0302857 0.45545
0 0.891474 0.802152 0.0159357 0.0362099 0.434969
4 0.201278 0.548178 0.0504467 0.0978511 0.430735
0 0.605639 0.297815 0.0103994 0.032103 0.428974
3 0.112108 0.0265591 0.0376355 0.0241202 0.427101
3 0.102783 0.0600006 0.0334013 0.0270541 0.425901
3 0.201129 0.5484 0.0508922 0.0979896 0.387475
4 0.337489 0.393551 0.0433849 0.0912865 0.384323
0 0.215084 0.180368 0.00871763 0.0234393 0.356419
9 0.267819 0.549288 0.0202942 0.0562323 0.343202
0 0.185151 0.116715 0.00826716 0.0249394 0.332411
3 0.0820666 0.00644235 0.0408892 0.0128847 0.319595
0 0.182692 0.0903527 0.00971406 0.024985 0.286153
0 0.241315 0.189096 0.00829431 0.0207944 0.265375
