3 0.52393 0.704098 0.0396297 0.175014 0.907842
3 0.653876 0.931803 0.0681534 0.134016 0.905985
8 0.495461 0.18775 0.0432917 0.226029 0.894198
3 0.55351 0.198816 0.0384676 0.15816 0.894109
0 0.59225 0.535583 0.0119915 0.0206177 0.777645
0 0.434357 0.495825 0.0127364 0.023688 0.761885
0 0.929368 0.197932 0.0217051 0.0279201 0.745902
0 0.32961 0.647014 0.01703 0.0217293 0.739841
0 0.347021 0.400626 0.0126305 0.0277668 0.72233
0 0.366116 0.594783 0.0111931 0.0227538 0.701864
0 0.963445 0.888525 0.0237377 0.0191302 0.692878
0 0.342251 0.618019 0.0148841 0.0233686 0.680342
0 0.367742 0.567238 0.012732 0.0246834 0.679237
0 0.811103 0.307868 0.0148128 0.0265537 0.677969
0 0.432886 0.54143 0.0121105 0.0244684 0.67605
0 0.705547 0.355976 0.0152023 0.0256991 0.673012
0 0.70211 0.284691 0.011995 0.0215171 0.667637
8 0.495288 0.0438595 0.0399983 0.0854163 0.664586
0 0.297255 0.741058 0.0154743 0.0191654 0.659237
9 0.863307 0.101518 0.0330666 0.0424638 0.641571
0 0.425514 0.578 0.0169958 0.0317614 0.641459
0 0.981803 0.250167 0.0260742 0.0261066 0.640635
0 0.338958 0.50233 0.0138024 0.0230285 0.63191
0 0.587472 0.472563 0.0113834 0.025809 0.627573
0 0.43702 0.906702 0.013822 0.022671 0.627564
0 0.354283 0.525789 0.0157426 0.0234155 0.582807
0 0.374005 0.456812 0.0143226 0.0225329 0.574338
0 0.768638 0.278983 0.0218433 0.025184 0.572734
0 0.710464 0.158016 0.0102499 0.0379559 0.568151
0 0.41799 0.454292 0.0118512 0.0266631 0.562923
0 0.597483 0.631283 0.0119286 0.0217316 0.5548
0 0.800794 0.891749 0.0218451 0.0216843 0.554119
0 0.282037 0.474064 0.0133293 0.0254843 0.550862
0 0.691624 0.424631 0.0142848 0.0234205 0.537937
0 0.736406 0.457785 0.0221495 0.0251733 0.537602
9 0.254291 0.756408 0.0184211 0.0471545 0.534193
0 0.727324 0.38654 0.0143402 0.0216688 0.53169
0 0.240894 0.422843 0.0172237 0.0262 0.508759
0 0.324722 0.363885 0.0157654 0.0263065 0.504415
0 0.44449 0.664408 0.0107189 0.0242693 0.492668
0 0.281115 0.477566 0.0119397 0.0283063 0.491541
0 0.824379 0.906856 0.0178453 0.0263379 0.490462
0 0.599055 0.584002 0.0108694 0.0222417 0.473579
0 0.781177 0.341035 0.017947 0.0224492 0.472403
0 0.697404 0.439627 0.015173 0.029513 0.464722
0 0.278964 0.0285369 0.015609 0.027527 0.464196
0 0.777929 0.39588 0.0195247 0.023397 0.458589
9 0.271325 0.949465 0.0379128 0.0281929 0.453174
9 0.431385 0.129776 0.0118595 0.0482783 0.450668
0 0.739368 0.161745 0.0143862 0.0363254 0.447719
0 0.63664 0.412765 0.0132752 0.0221464 0.41556
0 0.2435 0.39723 0.0131714 0.0313843 0.414616
9 0.75009 0.983501 0.0196001 0.0295788 0.409403
0 0.790235 0.37021 0.0221437 0.0231168 0.405694
9 0.281842 0.896503 0.0321628 0.0233009 0.39675
0 0.251301 0.696799 0.0159662 0.0271779 0.394435
0 0.75031 0.407751 0.0168255 0.0290729 0.39183
0 0.750694 0.348661 0.0139061 0.0265158 0.386471
0 0.737485 0.506466 0.0205417 0.02306 0.377846
0 0.992459 0.308869 0.0150816 0.0256167 0.373378
0 0.712921 0.45776 0.0191435 0.0232185 0.367935
0 0.340455 0.375951 0.00968331 0.0218613 0.364478
0 0.692858 0.428595 0.0149692 0.0306256 0.361665
0 0.39266 0.982995 0.0197876 0.0281707 0.354148
0 0.673608 0.568493 0.0123388 0.0197399 0.350404
0 0.732351 0.45873 0.0207395 0.0261584 0.348957
9 0.438965 0.726972 0.0152683 0.0558579 0.347814
0 0.655541 0.666813 0.0161186 0.0202041 0.345459
9 0.287378 0.867179 0.0362082 0.024611 0.324735
0 0.237244 0.425045 0.0180812 0.0286136 0.324256
0 0.30838 0.770125 0.0175815 0.0217259 0.319343
9 0.276438 0.931855 0.0398127 0.0280204 0.315749
0 0.29115 0.76551 0.0185011 0.0238998 0.310414
0 0.71921 0.3097 0.0163617 0.0215779 0.308585
0 0.749066 0.411061 0.0186058 0.0237821 0.307626
0 0.908104 0.166198 0.0164177 0.0338595 0.305832
9 0.2888 0.861796 0.0352187 0.0210468 0.297776
0 0.467975 0.173459 0.0112845 0.0363373 0.297035
0 0.821716 0.935454 0.0216635 0.0253567 0.28409
9 0.282365 0.917069 0.0346774 0.023405 0.279572
0 0.326884 0.366396 0.01901 0.02718 0.27873
0 0.700428 0.445812 0.0156448 0.0287102 0.271074
9 0.28505 0.886171 0.0371985 0.0249737 0.267877
0 0.614679 0.664829 0.0126379 0.0224289 0.267738
0 0.730498 0.21696 0.0145691 0.0272251 0.258225
9 0.458328 0.135645 0.0126196 0.0425852 0.257181
