0 0.220106 0.771581 0.00912709 0.0176798 0.653809
0 0.215994 0.825151 0.0157334 0.0174826 0.636627
0 0.258831 0.913073 0.00985003 0.02096 0.622122
0 0.265943 0.400163 0.00628566 0.0165683 0.508965
9 0.542001 0.86569 0.0284383 0.0237164 0.475031
9 0.608686 0.977351 0.0132238 0.0320682 0.474276
0 0.583646 0.463288 0.00705532 0.0272073 0.471775
7 0.602657 0.578302 0.0209399 0.0560554 0.46092
0 0.572417 0.537654 0.00797433 0.0254763 0.454544
0 0.245566 0.724689 0.00782606 0.020036 0.433833
0 0.232067 0.710462 0.0107292 0.0255206 0.416557
0 0.16964 0.907188 0.00836613 0.0167381 0.411068
0 0.256184 0.584696 0.0113074 0.0146139 0.402279
9 0.545377 0.930159 0.0312859 0.0228827 0.39803
9 0.540265 0.894871 0.0277213 0.0229422 0.391555
9 0.535956 0.785057 0.0267592 0.0236988 0.391284
7 0.531935 0.392702 0.0297218 0.0323966 0.38781
0 0.573128 0.540261 0.0073764 0.0253954 0.371733
0 0.279913 0.497013 0.0102788 0.0194253 0.368384
0 0.383521 0.303953 0.00954019 0.0168672 0.366639
9 0.541382 0.913727 0.0271207 0.0196792 0.336958
0 0.305931 0.428224 0.00866571 0.0222815 0.33045
0 0.248896 0.535752 0.0102939 0.0153669 0.326841
0 0.583633 0.99146 0.0122104 0.0170792 0.322935
0 0.572827 0.544024 0.0086482 0.0290226 0.315879
9 0.589785 0.744273 0.0116013 0.0428744 0.30817
7 0.58318 0.237266 0.022804 0.0349868 0.307121
3 0.601108 0.214757 0.0243065 0.0334155 0.296077
0 0.272082 0.515633 0.0155628 0.0174734 0.287403
0 0.5599 0.533423 0.00826817 0.0250235 0.270344
0 0.59008 0.466491 0.0074438 0.0259669 0.268321
0 0.251275 0.535467 0.00999595 0.014884 0.265519
0 0.271156 0.768483 0.0141215 0.0187053 0.25454
7 0.601508 0.216296 0.0244759 0.0331778 0.253937
7 0.534691 0.363867 0.0215758 0.0232479 0.253081
