0 0.52124 0.450142 0.0128084 0.0196763 0.502576
9 0.528232 0.758462 0.0273112 0.0300919 0.472458
0 0.527282 0.557182 0.00967695 0.0165523 0.44001
0 0.494949 0.427441 0.00943089 0.0268119 0.409233
0 0.478342 0.590755 0.010474 0.0257364 0.330271
3 0.797357 0.571531 0.0835017 0.0670095 0.32475
0 0.454857 0.244428 0.0104056 0.0217408 0.313816
0 0.46772 0.56801 0.00764505 0.0218567 0.313438
0 0.502202 0.612287 0.00927547 0.0296085 0.307366
9 0.526217 0.764301 0.0256408 0.0390502 0.281506
0 0.466258 0.567583 0.00779323 0.0212529 0.274142
0 0.547898 0.954439 0.00919054 0.0220175 0.261704
0 0.488809 0.74831 0.0101696 0.0189042 0.260448
0 0.46968 0.741376 0.0101103 0.0235195 0.252963
