3 0.504913 0.898049 0.0389946 0.150277 0.893728
3 0.56914 0.703944 0.0392143 0.105017 0.893049
3 0.524316 0.330842 0.0239371 0.0519773 0.858185
3 0.525757 0.423598 0.0280272 0.0736305 0.854374
4 0.53063 0.637825 0.0279308 0.0841365 0.851623
3 0.464406 0.122746 0.0168804 0.0293937 0.79847
9 0.382814 0.702394 0.0260675 0.0335565 0.771466
3 0.513292 0.195432 0.0199306 0.0382495 0.768982
3 0.519093 0.228056 0.0192045 0.0462564 0.756255
3 0.506209 0.0808164 0.014718 0.0287927 0.726444
9 0.388594 0.629664 0.0242492 0.0310271 0.724275
9 0.657626 0.521191 0.0255152 0.0318395 0.710598
9 0.39132 0.525149 0.0230784 0.0297006 0.678725
7 0.536156 0.524751 0.0208601 0.0827854 0.624045
3 0.511119 0.108469 0.0151838 0.0283883 0.608088
9 0.628647 0.331983 0.0202837 0.0215858 0.607218
9 0.721736 0.8236 0.025857 0.0383797 0.603986
9 0.356518 0.860724 0.0309621 0.0381374 0.598882
3 0.507114 0.138261 0.0165269 0.0359835 0.558389
9 0.594527 0.418186 0.00897045 0.0329161 0.544769
9 0.542743 0.212757 0.00624451 0.0245344 0.527574
7 0.536195 0.796446 0.0237369 0.0892772 0.515564
0 0.352118 0.910161 0.0099838 0.0501311 0.487992
9 0.615514 0.25146 0.0154356 0.0196719 0.479028
9 0.390991 0.51681 0.0253734 0.031225 0.475144
0 0.39861 0.903315 0.01216 0.0310851 0.452157
1 0.595075 0.413278 0.00882474 0.0311024 0.449806
9 0.637944 0.361412 0.0200863 0.0259112 0.444826
9 0.624599 0.328458 0.0194855 0.0228863 0.421399
2 0.684079 0.606468 0.020405 0.0306983 0.418831
7 0.469937 0.0265258 0.00982437 0.022386 0.417387
9 0.389152 0.506653 0.0266725 0.0294649 0.406767
9 0.651988 0.415679 0.0104576 0.0338613 0.392425
3 0.536285 0.796705 0.0241861 0.0889025 0.390429
9 0.644268 0.696208 0.0158531 0.0489026 0.379007
2 0.707639 0.686869 0.0290521 0.0324693 0.3703
9 0.495995 0.470598 0.0107851 0.0394191 0.366762
9 0.706964 0.68679 0.0277041 0.0315199 0.362821
1 0.542768 0.209627 0.00579471 0.023477 0.362515
7 0.536554 0.512941 0.0200979 0.0591022 0.352023
6 0.644202 0.69636 0.0167702 0.048061 0.35114
9 0.596314 0.154531 0.010491 0.0200846 0.336803
9 0.42706 0.161399 0.0133091 0.0203766 0.336257
2 0.60836 0.448586 0.0158126 0.0297527 0.325965
0 0.654917 0.458576 0.00977397 0.0375321 0.324653
9 0.464376 0.377001 0.012182 0.0300584 0.317082
9 0.60616 0.234346 0.0121668 0.0203773 0.315113
7 0.542526 0.0684038 0.0113674 0.0285146 0.309113
7 0.537319 0.0345917 0.00825653 0.0252155 0.306878
9 0.732182 0.768003 0.0301992 0.0295359 0.303239
3 0.504557 0.0763792 0.0128203 0.0276984 0.302366
9 0.654654 0.313164 0.00984112 0.0283445 0.301834
3 0.501093 0.0552672 0.0130779 0.0229182 0.291434
9 0.728678 0.755442 0.0303828 0.0324768 0.286801
7 0.573171 0.26038 0.0128388 0.0351617 0.284698
9 0.726651 0.750205 0.0286924 0.0323747 0.278157
9 0.71935 0.802901 0.0246181 0.0373531 0.266168
9 0.614172 0.249088 0.0171725 0.0208325 0.265988
7 0.486836 0.105731 0.0112112 0.0257923 0.265418
9 0.646034 0.293367 0.0121054 0.0241215 0.261831
9 0.395652 0.39537 0.0163006 0.0296657 0.260935
9 0.331787 0.883601 0.011915 0.0473729 0.256965
2 0.67785 0.576074 0.023768 0.0256748 0.253418
