3 0.565784 0.557581 0.031746 0.0223923 0.855257
3 0.59139 0.607867 0.035261 0.0309162 0.822909
3 0.61399 0.582375 0.035095 0.0253788 0.805488
3 0.80378 0.685767 0.0494231 0.038796 0.788645
3 0.665028 0.612041 0.0429982 0.0286185 0.788179
5 0.509603 0.522386 0.0349451 0.0334756 0.786483
4 0.693013 0.642691 0.0239193 0.0368406 0.774849
3 0.620887 0.651484 0.0355685 0.0384753 0.769801
3 0.708304 0.707259 0.0493143 0.0428162 0.757899
0 0.928608 0.965288 0.013908 0.0358423 0.752855
3 0.766709 0.646482 0.0448242 0.0358196 0.726471
3 0.53978 0.574566 0.0333284 0.0289655 0.710518
5 0.440278 0.48062 0.0412941 0.0354557 0.698243
0 0.832987 0.842603 0.012294 0.0332125 0.693627
0 0.918938 0.929926 0.0145918 0.0338173 0.693296
3 0.56297 0.614568 0.0326988 0.0302195 0.664328
0 0.473481 0.852416 0.00999878 0.0301727 0.658948
3 0.950248 0.762083 0.0702023 0.0498764 0.658424
0 0.0926461 0.774381 0.0125663 0.0273931 0.635691
0 0.915375 0.950413 0.0123646 0.0314439 0.59352
0 0.135622 0.678136 0.00984887 0.0256294 0.590377
3 0.287561 0.411717 0.0127905 0.0129511 0.537079
0 0.140461 0.7091 0.00966703 0.024681 0.529608
0 0.898742 0.879229 0.0241813 0.0389775 0.517278
0 0.113134 0.755135 0.0105368 0.0290916 0.515017
3 0.190858 0.381218 0.0169914 0.0136898 0.47906
4 0.950205 0.763092 0.0702892 0.0510442 0.475766
0 0.0650174 0.540897 0.00837575 0.0209977 0.460817
3 0.47914 0.537809 0.0269657 0.0256644 0.432764
0 0.0394588 0.563642 0.00888059 0.0199393 0.407086
3 0.194185 0.384989 0.0185108 0.0138981 0.387947
3 0.329708 0.42901 0.0206517 0.0182379 0.371023
0 0.0780802 0.626988 0.00950196 0.0227954 0.363893
4 0.849618 0.692092 0.0466757 0.0370304 0.362851
0 0.56066 0.531547 0.00882159 0.0154567 0.349961
9 0.766016 0.621308 0.0138635 0.0167862 0.34568
3 0.728808 0.645012 0.0409641 0.0339614 0.34417
5 0.849572 0.692029 0.0465431 0.0374093 0.328236
0 0.335603 0.826514 0.0096022 0.0263808 0.32003
0 0.0412339 0.54016 0.00792249 0.0173 0.302997
0 0.826542 0.926517 0.0127018 0.0300995 0.300954
3 0.209465 0.372715 0.0121317 0.012538 0.284255
3 0.357175 0.443158 0.0168169 0.0173769 0.270134
3 0.37718 0.452078 0.0210825 0.0175735 0.269776
9 0.26899 0.889048 0.0181848 0.0379089 0.26908
3 0.239606 0.380037 0.0145513 0.0115104 0.267338
0 0.563598 0.53184 0.0103247 0.0150152 0.263867
0 0.341699 0.99132 0.0239899 0.0173607 0.255176
