0 0.300796 0.953715 0.0131168 0.0156585 0.647228
0 0.390367 0.928944 0.00922904 0.0169931 0.637862
0 0.34573 0.747766 0.0123212 0.0239618 0.54435
0 0.221115 0.885065 0.00987758 0.0206689 0.506838
0 0.328738 0.700273 0.00827303 0.0218438 0.499899
0 0.327775 0.698405 0.00805331 0.0203159 0.473507
0 0.329269 0.893769 0.00778595 0.0160495 0.460161
0 0.352678 0.644571 0.0076557 0.0187889 0.367083
0 0.34291 0.746264 0.010931 0.0236618 0.344799
9 0.59704 0.284212 0.0100979 0.0321786 0.311832
0 0.355627 0.041623 0.00704479 0.0287482 0.306188
