3 0.401008 0.525175 0.0466445 0.0357958 0.840747
3 0.44671 0.495602 0.0480908 0.0324519 0.761646
5 0.337814 0.554691 0.0708024 0.0637698 0.725944
3 0.567724 0.426326 0.0289354 0.0227437 0.69988
9 0.72634 0.8762 0.0185576 0.0438168 0.644472
5 0.326148 0.553077 0.0489101 0.0613655 0.589429
3 0.568956 0.341837 0.0235527 0.0192821 0.551428
1 0.866573 0.745759 0.0130661 0.0232506 0.551239
9 0.866024 0.750642 0.0165524 0.027477 0.488558
3 0.566362 0.346264 0.0253636 0.0176031 0.436
5 0.339142 0.565616 0.0701461 0.045048 0.270988
3 0.564085 0.350281 0.0230368 0.0164984 0.262898
1 0.862093 0.747605 0.0116932 0.0231672 0.258659
3 0.759317 0.31712 0.0209344 0.0145381 0.252304
3 0.889736 0.245116 0.0129992 0.0126825 0.251303
