0 0.50807 0.288804 0.00587045 0.026705 0.758893
0 0.853373 0.334961 0.00962298 0.0331097 0.673233
0 0.695082 0.308446 0.00693111 0.0251945 0.659926
0 0.667084 0.320701 0.007773 0.0282463 0.644618
0 0.873644 0.508297 0.0101351 0.0301741 0.621468
0 0.234004 0.764012 0.00938644 0.0311041 0.618911
0 0.216129 0.774738 0.00773492 0.0310997 0.607129
0 0.620833 0.134545 0.00728398 0.0276432 0.602714
0 0.320776 0.178977 0.00581055 0.0241959 0.592122
0 0.751644 0.374379 0.00922477 0.0285557 0.582789
0 0.602991 0.442972 0.00773237 0.0216949 0.581874
0 0.28 0.591418 0.00918998 0.0293242 0.576887
0 0.289327 0.463196 0.00886869 0.0315404 0.555541
0 0.316609 0.197441 0.00625963 0.0233314 0.544728
0 0.557072 0.124514 0.00646707 0.022999 0.536938
0 0.590611 0.445032 0.00986402 0.0318399 0.52153
0 0.963495 0.308213 0.0108241 0.0272137 0.484763
0 0.748903 0.373917 0.0103092 0.0297913 0.480571
0 0.404383 0.356725 0.0070942 0.030206 0.465327
0 0.464679 0.181161 0.00815068 0.021995 0.451054
0 0.688151 0.166676 0.0062088 0.023032 0.44567
0 0.760217 0.198029 0.00793762 0.0220585 0.442667
0 0.743606 0.194669 0.00559875 0.0251518 0.435835
0 0.717748 0.179914 0.0059988 0.0179854 0.434722
0 0.453421 0.175289 0.00610635 0.0206893 0.430864
0 0.247826 0.788283 0.00822316 0.0279916 0.430509
0 0.816958 0.216306 0.00659668 0.0213871 0.424791
0 0.644641 0.138119 0.00666643 0.0273669 0.418957
0 0.567964 0.123008 0.0060543 0.0250177 0.418441
0 0.590888 0.146533 0.00629041 0.0202762 0.410679
0 0.829723 0.21764 0.00601746 0.0223958 0.410232
0 0.903389 0.235415 0.0065291 0.0243213 0.404318
0 0.430977 0.216091 0.00540466 0.020693 0.400469
0 0.418568 0.281406 0.00584508 0.0257757 0.396599
0 0.761396 0.199945 0.00638794 0.0230377 0.388651
0 0.881956 0.223778 0.00775626 0.0229975 0.387353
0 0.246353 0.783605 0.00791626 0.0274789 0.380538
0 0.863217 0.212369 0.00710676 0.0248227 0.378426
0 0.691301 0.168211 0.00551514 0.024121 0.37829
0 0.961216 0.311209 0.0100803 0.0247168 0.377885
0 0.578203 0.117917 0.00626661 0.0275608 0.375965
0 0.587958 0.113984 0.00571843 0.0249509 0.375645
0 0.67878 0.167881 0.00582219 0.0210212 0.374395
0 0.516312 0.0864835 0.00565818 0.0241044 0.365348
0 0.694135 0.160792 0.00582092 0.0250845 0.363808
0 0.235642 0.769165 0.00885202 0.0349467 0.362087
0 0.728374 0.182188 0.00656254 0.0172126 0.35633
0 0.578537 0.122723 0.00559501 0.0284822 0.348915
0 0.522543 0.116042 0.00762364 0.022933 0.345867
0 0.580956 0.0600671 0.0056778 0.0221073 0.335555
0 0.894067 0.2246 0.00865269 0.024146 0.334644
0 0.593977 0.453893 0.00722486 0.0285062 0.32405
0 0.28663 0.462543 0.0107613 0.0313751 0.323574
0 0.589747 0.115787 0.00802878 0.0250495 0.323292
0 0.523887 0.111604 0.00547372 0.0243447 0.31383
0 0.880086 0.175687 0.00712585 0.0267913 0.31022
0 0.90926 0.228328 0.00710414 0.0295867 0.309014
0 0.565874 0.119998 0.00627507 0.0265969 0.301675
0 0.25227 0.637512 0.00799504 0.024898 0.301091
0 0.303151 0.253246 0.00686962 0.0255894 0.291821
0 0.477538 0.128363 0.00744812 0.021937 0.289311
0 0.86517 0.217372 0.00822379 0.0259869 0.288596
0 0.444321 0.182355 0.00624494 0.0231042 0.287759
0 0.64547 0.143538 0.00644797 0.0244734 0.285394
0 0.50739 0.0820906 0.00597765 0.0170405 0.283991
0 0.217271 0.889332 0.00746833 0.0260807 0.283827
0 0.321371 0.110828 0.00549526 0.0227184 0.28338
0 0.404973 0.545443 0.00629826 0.0258817 0.279103
0 0.262157 0.46971 0.00766754 0.0221772 0.278806
0 0.864477 0.207071 0.00859698 0.0236291 0.276133
0 0.513903 0.111516 0.00475577 0.0230591 0.274009
0 0.724755 0.178245 0.00626875 0.0236873 0.273295
0 0.804515 0.133147 0.00574114 0.0200212 0.272604
0 0.49566 0.105605 0.00473214 0.0206779 0.269423
0 0.875408 0.507717 0.0117059 0.0294379 0.263281
0 0.970482 0.515516 0.0124382 0.0254823 0.261759
0 0.48078 0.097592 0.00522635 0.0225887 0.260884
0 0.710109 0.175652 0.007757 0.0190769 0.260428
0 0.441378 0.222125 0.00561467 0.0200113 0.254554
0 0.540821 0.0495889 0.00642478 0.0227447 0.253027
0 0.960865 0.282675 0.00940691 0.0226561 0.252535
0 0.320984 0.184948 0.00822773 0.0256151 0.250794
