0 0.704762 0.311229 0.0104398 0.0280175 0.505902
0 0.259341 0.265262 0.0085301 0.0269277 0.496829
9 0.45317 0.860228 0.0141449 0.0364445 0.414164
9 0.409416 0.294878 0.0108532 0.0346583 0.357003
9 0.700382 0.564453 0.0223024 0.0328115 0.346198
9 0.139271 0.202367 0.00978107 0.0256895 0.328994
9 0.22682 0.194072 0.00886721 0.0305984 0.324833
9 0.319992 0.22759 0.00883721 0.0330556 0.323965
0 0.391821 0.386627 0.00790444 0.0190304 0.287052
9 0.327815 0.236025 0.00711613 0.0279482 0.263773
9 0.419229 0.290721 0.0123354 0.0318337 0.262194
