0 0.28457 0.687219 0.00888909 0.0280814 0.678314
0 0.330972 0.700652 0.00837496 0.032464 0.543632
0 0.32845 0.622918 0.00778717 0.0340556 0.529515
0 0.315346 0.624661 0.007891 0.0328474 0.527537
0 0.359511 0.514079 0.00729313 0.034331 0.521256
0 0.244075 0.75701 0.0104053 0.0341197 0.484563
0 0.305399 0.58227 0.0091978 0.0325424 0.483087
0 0.306496 0.590939 0.00816241 0.0292016 0.474903
0 0.356342 0.510152 0.00756097 0.0331975 0.466099
0 0.345633 0.745812 0.0101756 0.0357496 0.456896
0 0.381189 0.375231 0.00681139 0.0325414 0.400908
0 0.360027 0.562742 0.00771894 0.026284 0.382454
0 0.341317 0.716273 0.00944768 0.0340826 0.358928
0 0.389023 0.342095 0.00629652 0.0272947 0.335234
0 0.361421 0.56633 0.00723363 0.0299397 0.334426
0 0.290181 0.547892 0.00778235 0.0244611 0.319254
0 0.32715 0.62227 0.00712609 0.0314275 0.312056
1 0.196966 0.78569 0.0130327 0.0260224 0.308013
0 0.389921 0.340086 0.00768053 0.0250872 0.307377
0 0.208628 0.989931 0.0178029 0.0201389 0.295242
0 0.313688 0.623871 0.00784855 0.0320583 0.289689
0 0.395946 0.668444 0.00994446 0.0320512 0.281787
0 0.334421 0.705507 0.00777387 0.0331773 0.263049
0 0.325994 0.611325 0.0105964 0.0298159 0.26264
0 0.365903 0.712276 0.00894451 0.0324865 0.251945
