3 0.483693 0.637569 0.0470699 0.0446776 0.842443
3 0.800694 0.733967 0.0417574 0.0514828 0.834365
3 0.782477 0.43974 0.0170229 0.0386609 0.796416
3 0.828655 0.797054 0.0359124 0.0594843 0.792507
3 0.847778 0.551904 0.0233215 0.049097 0.78817
3 0.874059 0.698132 0.0544814 0.0362212 0.769816
3 0.728883 0.347545 0.0140737 0.0443261 0.757082
3 0.775705 0.397791 0.0167408 0.0387959 0.751246
4 0.811563 0.473988 0.020401 0.0504585 0.723779
3 0.824139 0.441956 0.0188361 0.0393485 0.723607
3 0.776323 0.553762 0.0190786 0.0525444 0.710631
3 0.741338 0.456525 0.0170848 0.0446724 0.709579
3 0.82157 0.541582 0.0189546 0.0418066 0.706405
3 0.748439 0.357305 0.0154308 0.0352901 0.684704
3 0.756276 0.198507 0.0134451 0.0309382 0.679793
3 0.836432 0.503166 0.0211162 0.0406113 0.677948
8 0.800267 0.527303 0.026008 0.0755021 0.676691
3 0.739307 0.298861 0.0139322 0.032581 0.635241
3 0.757793 0.807164 0.0327251 0.0820303 0.626753
3 0.78627 0.478534 0.0166544 0.0416821 0.617625
3 0.760842 0.432877 0.016072 0.0390546 0.617506
3 0.736244 0.416472 0.0155892 0.0372327 0.582856
3 0.753222 0.394129 0.0154059 0.0380592 0.576232
3 0.669026 0.0402802 0.00938285 0.0189467 0.569363
3 0.655759 0.0171496 0.00863647 0.0157909 0.455817
3 0.768125 0.490287 0.019754 0.0466665 0.395547
3 0.743385 0.218499 0.0122666 0.0268708 0.394106
0 0.392637 0.892257 0.0073553 0.0211671 0.39313
3 0.655673 0.0688004 0.00822946 0.0171042 0.391898
3 0.753384 0.52956 0.015673 0.0408937 0.380396
0 0.49716 0.486885 0.00682848 0.0192733 0.359253
0 0.218815 0.851004 0.00772572 0.0262332 0.342686
0 0.409725 0.916921 0.00942204 0.0260845 0.340185
0 0.952213 0.746206 0.00829354 0.0239882 0.325064
0 0.584569 0.688183 0.00977182 0.024222 0.263477
0 0.219538 0.85622 0.00801688 0.0327622 0.255685
0 0.943536 0.746938 0.00813677 0.0247876 0.250895
