0 0.553253 0.300693 0.00760707 0.0337272 0.661064
0 0.531619 0.329706 0.00929129 0.0355858 0.651338
5 0.112141 0.213195 0.085947 0.061488 0.592807
0 0.544177 0.265553 0.00824668 0.0295404 0.592006
0 0.545343 0.227382 0.00998906 0.032769 0.572137
0 0.55606 0.255547 0.00805263 0.0332756 0.540837
0 0.492144 0.113881 0.00816576 0.0261651 0.530504
7 0.547312 0.140152 0.0180366 0.0566143 0.525976
0 0.527774 0.253434 0.00781996 0.0306679 0.488428
0 0.54549 0.245401 0.00812251 0.026886 0.43373
0 0.500662 0.101643 0.0111921 0.0340883 0.429636
9 0.496556 0.463909 0.0238726 0.0255912 0.429625
0 0.468647 0.0633145 0.00871456 0.040056 0.352214
7 0.314435 0.0300198 0.0358643 0.0318617 0.346241
0 0.468718 0.0564264 0.00939566 0.036694 0.342576
0 0.462419 0.0214134 0.00850198 0.0350497 0.30164
2 0.49489 0.493377 0.0260858 0.0217306 0.278379
0 0.495441 0.100415 0.0114137 0.0290938 0.274938
0 0.480017 0.0217721 0.00920449 0.032239 0.272197
9 0.601438 0.411371 0.00979244 0.0338547 0.267062
0 0.469859 0.0192339 0.00842887 0.034916 0.255488
0 0.477772 0.168993 0.00975991 0.0256792 0.253953
0 0.601502 0.411511 0.00968018 0.0341323 0.25197
