3 0.808468 0.766032 0.169072 0.12223 0.909723
3 0.914138 0.673149 0.131644 0.0889908 0.894992
3 0.396199 0.657502 0.115552 0.094807 0.892989
3 0.594314 0.664025 0.116717 0.102882 0.880531
3 0.735226 0.610929 0.10976 0.0705005 0.880483
3 0.817361 0.698955 0.136164 0.0976382 0.875961
3 0.196647 0.459626 0.0709292 0.0462859 0.854764
3 0.235542 0.437618 0.0690715 0.0438522 0.854035
3 0.668256 0.548508 0.0905235 0.0596843 0.85167
3 0.452713 0.611881 0.106289 0.082354 0.851448
3 0.356921 0.522322 0.0808814 0.0616986 0.848279
3 0.406735 0.484105 0.0772584 0.0521014 0.844239
3 0.281988 0.486432 0.0739503 0.0532133 0.842548
3 0.448923 0.56294 0.0938175 0.0668541 0.831029
3 0.799929 0.592457 0.105018 0.0814117 0.787151
3 0.635828 0.623512 0.0985614 0.0812192 0.786357
3 0.974844 0.763236 0.0501412 0.100021 0.777984
3 0.320159 0.457639 0.0727315 0.0471259 0.761781
3 0.578532 0.558113 0.096825 0.0653777 0.689602
3 0.958918 0.655392 0.0815231 0.10259 0.662639
3 0.54794 0.51096 0.0905974 0.0607616 0.634237
1 0.0226535 0.521954 0.0202931 0.0405913 0.57323
2 0.0229575 0.525919 0.0224521 0.0410918 0.526464
3 0.97849 0.935401 0.0430195 0.129197 0.318219
4 0.978704 0.934962 0.0425909 0.130076 0.307492
