3 0.288681 0.445518 0.0420127 0.0831475 0.899535
3 0.254437 0.0897796 0.0261017 0.088063 0.890471
3 0.400021 0.0931488 0.0226206 0.0911898 0.86704
5 0.393379 0.304761 0.0295432 0.129552 0.828992
8 0.431124 0.298818 0.0323578 0.243447 0.825365
8 0.337039 0.142215 0.0291188 0.138379 0.801754
0 0.946071 0.871213 0.0168739 0.0154677 0.742429
0 0.962958 0.917633 0.0165145 0.0182379 0.665661
9 0.357206 0.541958 0.0101868 0.0453656 0.653817
0 0.905181 0.531838 0.0136333 0.0145264 0.645857
0 0.742303 0.442822 0.00866037 0.0135919 0.643895
0 0.567846 0.424266 0.00822963 0.0166238 0.627085
0 0.951377 0.491903 0.0140556 0.0151271 0.625864
0 0.847447 0.66389 0.010828 0.0151799 0.623954
0 0.829762 0.666228 0.013047 0.0159615 0.621432
0 0.873193 0.536087 0.0134899 0.0139025 0.621102
0 0.697892 0.426088 0.0104435 0.0148562 0.61521
0 0.952563 0.524425 0.0129411 0.0173271 0.608148
4 0.255651 0.88707 0.0264096 0.0930775 0.607508
0 0.872532 0.60727 0.0155811 0.0161495 0.572281
0 0.505431 0.271693 0.0074646 0.013455 0.568875
0 0.828453 0.548699 0.00907915 0.0158648 0.56533
0 0.671682 0.487287 0.00829869 0.0158589 0.559833
0 0.967658 0.427361 0.0148437 0.0155504 0.559802
0 0.719841 0.515826 0.00920829 0.0126341 0.559673
0 0.0677643 0.931328 0.0151024 0.0160654 0.542818
0 0.615536 0.414001 0.00981158 0.0159233 0.542718
0 0.833469 0.442873 0.0122648 0.0142945 0.538391
0 0.983618 0.901372 0.0157738 0.0183764 0.537614
0 0.666739 0.527763 0.00956783 0.0140324 0.53595
0 0.909028 0.549685 0.0149479 0.0143205 0.53558
0 0.537795 0.957487 0.00979649 0.0177293 0.535555
0 0.860538 0.569662 0.0121338 0.0156466 0.534047
0 0.73332 0.534125 0.0102434 0.0116417 0.503468
0 0.558568 0.353001 0.00706979 0.012446 0.502377
0 0.5967 0.393057 0.00842438 0.013914 0.502121
0 0.973032 0.47961 0.0153271 0.0179566 0.498518
0 0.741851 0.380461 0.00901184 0.0128281 0.496034
0 0.656474 0.391594 0.00874006 0.0165473 0.489472
0 0.759604 0.538708 0.0115969 0.011955 0.487501
0 0.645227 0.447594 0.0113285 0.0127753 0.48543
0 0.874182 0.848877 0.0147559 0.0150737 0.48513
0 0.717347 0.534953 0.0105457 0.0110183 0.482747
0 0.531746 0.359969 0.0103496 0.0135864 0.467602
0 0.986837 0.402425 0.0129358 0.0130467 0.458754
0 0.514438 0.111156 0.00901703 0.0190539 0.456121
0 0.863879 0.569519 0.0156717 0.015845 0.450204
3 0.216128 0.873447 0.0218538 0.0861555 0.448026
0 0.601935 0.363342 0.00950422 0.0160421 0.447262
0 0.669884 0.548904 0.01065 0.0130443 0.445154
0 0.0668732 0.957823 0.0139623 0.0162566 0.429141
0 0.0662346 0.884819 0.021422 0.0162556 0.427784
0 0.0926826 0.934469 0.0188158 0.0166428 0.426154
0 0.647085 0.515414 0.00989001 0.0131317 0.425344
0 0.523708 0.394783 0.00992205 0.0168237 0.415368
0 0.946008 0.571665 0.0134787 0.0144347 0.409302
0 0.615389 0.439939 0.0100063 0.0157947 0.40041
0 0.705447 0.503096 0.00897941 0.0154321 0.40017
0 0.497702 0.0954183 0.00798187 0.0191851 0.396119
0 0.542183 0.538475 0.0100701 0.018285 0.394154
0 0.502103 0.155622 0.0088276 0.0203119 0.393017
0 0.971598 0.4755 0.0155151 0.0182635 0.379219
0 0.492327 0.186247 0.00852278 0.0172205 0.376336
0 0.623307 0.503687 0.00944175 0.0151429 0.376318
0 0.496187 0.257278 0.00670737 0.018515 0.369983
0 0.650907 0.448409 0.0109946 0.0129038 0.367896
0 0.0856206 0.980046 0.0123537 0.013368 0.365794
0 0.547535 0.334876 0.0107348 0.0161763 0.36557
0 0.877242 0.664057 0.0120006 0.0124963 0.362413
0 0.515009 0.0211556 0.00762159 0.0177532 0.359809
0 0.515383 0.246342 0.00708248 0.0154577 0.358984
0 0.627115 0.511391 0.0110352 0.0141573 0.358859
0 0.720895 0.482084 0.00838492 0.0130605 0.355766
0 0.50999 0.201105 0.00749555 0.014715 0.34664
0 0.742335 0.441544 0.0099748 0.0171122 0.341293
0 0.87441 0.605918 0.0143558 0.0160058 0.341102
0 0.491187 0.150246 0.00707428 0.0208442 0.340894
0 0.0648936 0.887455 0.0211797 0.0169194 0.332903
0 0.514669 0.22049 0.00824576 0.0166151 0.330081
0 0.50989 0.0670682 0.007516 0.0173924 0.329869
0 0.486115 0.203896 0.0085512 0.0166482 0.324276
0 0.495085 0.112841 0.00707127 0.0223724 0.31877
0 0.881398 0.939177 0.0159146 0.0147814 0.31628
0 0.977181 0.450386 0.0142125 0.0137871 0.315781
0 0.972156 0.524738 0.016807 0.0167179 0.315301
0 0.185966 0.576397 0.0107605 0.0185821 0.314282
0 0.601925 0.367894 0.00957066 0.0192951 0.312853
0 0.041035 0.94648 0.0130319 0.0210581 0.307045
0 0.836522 0.923969 0.0125996 0.0230016 0.303671
0 0.764042 0.936536 0.0141065 0.019263 0.292365
0 0.0626767 0.964275 0.0176326 0.0143432 0.292356
0 0.558775 0.34668 0.00796949 0.011688 0.291665
0 0.949809 0.524678 0.0151875 0.0166944 0.286476
0 0.615219 0.40928 0.00985509 0.0190685 0.283789
0 0.609042 0.933584 0.0108119 0.0171686 0.275463
0 0.61573 0.917352 0.0085699 0.0154365 0.274377
0 0.514366 0.176193 0.0088729 0.0168707 0.270983
0 0.962953 0.921543 0.0163931 0.022463 0.268223
0 0.976305 0.525294 0.0137682 0.0162982 0.266446
3 0.186746 0.887397 0.02569 0.0868076 0.266149
0 0.935317 0.815418 0.0200146 0.0136026 0.26601
0 0.494731 0.137442 0.00669965 0.019519 0.261913
0 0.0582323 0.968416 0.0119584 0.0174961 0.251945
