0 0.528717 0.718811 0.0098587 0.0285345 0.55727
9 0.961045 0.724459 0.0175666 0.0431451 0.50248
9 0.468599 0.379098 0.0117592 0.0384017 0.464682
0 0.56208 0.647743 0.011711 0.0258337 0.450626
0 0.899565 0.733861 0.0176021 0.0229652 0.449648
9 0.973031 0.71754 0.0170967 0.0447272 0.438861
2 0.53328 0.522045 0.0169073 0.0322197 0.416541
9 0.20996 0.217091 0.0305548 0.0309443 0.383887
2 0.527532 0.496333 0.0168321 0.0269883 0.372998
9 0.963342 0.721005 0.0184517 0.0463353 0.367835
2 0.493582 0.405111 0.0124041 0.029426 0.341931
9 0.426353 0.346504 0.0112196 0.0292466 0.336865
9 0.99357 0.704984 0.0126904 0.043339 0.335087
2 0.519174 0.464415 0.016461 0.0284593 0.327963
2 0.529418 0.459952 0.0172342 0.0308272 0.308145
9 0.264015 0.23235 0.0200675 0.0280434 0.305946
2 0.482132 0.40098 0.0125277 0.0318786 0.305045
9 0.982018 0.708675 0.0134207 0.0391616 0.301029
2 0.527664 0.45478 0.0179332 0.0287392 0.288068
2 0.968802 0.643661 0.0200129 0.0319723 0.27539
9 0.32022 0.272782 0.011286 0.0443737 0.268292
9 0.441848 0.355203 0.00930577 0.031708 0.263318
2 0.501619 0.430745 0.0118086 0.023743 0.256974
9 0.330137 0.273363 0.0120394 0.0397973 0.254778
2 0.354539 0.281274 0.0110799 0.0401151 0.253292
