3 0.125261 0.539454 0.0777303 0.0578611 0.884741
3 0.735022 0.420378 0.0446746 0.0566496 0.868259
3 0.279847 0.300725 0.0497078 0.0418924 0.863422
3 0.791583 0.583056 0.0662891 0.0903982 0.851662
3 0.865992 0.551891 0.0901558 0.057128 0.842539
3 0.633251 0.140891 0.0206417 0.0291995 0.819542
3 0.306406 0.0937216 0.0338218 0.0192164 0.778503
3 0.546312 0.0880945 0.0184265 0.0250668 0.76763
3 0.68806 0.312171 0.0258362 0.0432849 0.762304
3 0.594821 0.14029 0.018385 0.02961 0.76034
3 0.377633 0.118824 0.0194956 0.0323193 0.751202
9 0.906408 0.616762 0.0345711 0.0307164 0.749907
3 0.579199 0.0953033 0.0178041 0.0293188 0.746349
3 0.30795 0.0395525 0.0312134 0.0190561 0.724539
3 0.56043 0.0365539 0.014983 0.022489 0.709392
3 0.42087 0.0883472 0.016859 0.0274912 0.667016
3 0.308775 0.0815603 0.0356593 0.0200458 0.628506
4 0.788218 0.654535 0.0784072 0.132021 0.560468
3 0.614583 0.00695247 0.0143047 0.0135101 0.532642
3 0.525996 0.0867213 0.0164987 0.0217773 0.48876
0 0.606288 0.0245662 0.00492209 0.017301 0.473032
9 0.711651 0.353495 0.0113505 0.0238069 0.458863
3 0.400755 0.0421978 0.0130651 0.0218365 0.397398
3 0.62059 0.0231335 0.0130855 0.021282 0.382113
9 0.719097 0.270961 0.0209454 0.0215528 0.341139
3 0.233371 0.101231 0.036684 0.0214454 0.339011
1 0.688887 0.344633 0.0114996 0.0244459 0.32271
9 0.614619 0.16141 0.0084218 0.0214642 0.290514
