3 0.208841 0.851372 0.0988501 0.155964 0.937835
3 0.0685313 0.773136 0.111097 0.138011 0.93071
3 0.32621 0.744091 0.0740227 0.119872 0.916499
3 0.148494 0.787526 0.0942142 0.131324 0.913249
3 0.274555 0.683587 0.0745811 0.108802 0.902257
3 0.33312 0.55067 0.0544589 0.0752105 0.885911
3 0.224726 0.625386 0.0708823 0.0885849 0.885335
3 0.234646 0.502002 0.0595016 0.068757 0.883526
3 0.161541 0.621353 0.0767473 0.0923953 0.875976
3 0.289162 0.506911 0.0550351 0.0644236 0.875227
3 0.0505065 0.950937 0.101013 0.0981261 0.868018
3 0.386385 0.579997 0.0498737 0.0831281 0.863789
3 0.972203 0.367176 0.0548752 0.0328531 0.740324
3 0.0109272 0.258522 0.0218544 0.0276401 0.701318
0 0.162569 0.983162 0.0324548 0.0333946 0.50176
0 0.616569 0.393723 0.00965101 0.0292055 0.356548
0 0.819177 0.229792 0.00729728 0.0241048 0.356373
1 0.0970234 0.394676 0.013759 0.0239726 0.345684
3 0.817894 0.318246 0.0556637 0.0269877 0.328232
0 0.603807 0.391683 0.00857601 0.0306566 0.311105
