3 0.887343 0.901014 0.155965 0.109538 0.87807
7 0.809444 0.582046 0.0536083 0.0699062 0.864651
6 0.433999 0.417396 0.0373228 0.0452803 0.833439
7 0.67545 0.635583 0.0305399 0.0951934 0.801792
9 0.343886 0.651461 0.0348318 0.0468294 0.773708
6 0.314998 0.913082 0.0795074 0.0892483 0.758655
9 0.805547 0.689273 0.0284531 0.0400791 0.724324
4 0.432764 0.526576 0.05513 0.0686176 0.688427
9 0.394715 0.452681 0.0210761 0.029134 0.678681
9 0.815334 0.661313 0.0384723 0.0408631 0.643495
1 0.558029 0.319876 0.00698891 0.0256427 0.636977
3 0.512839 0.22026 0.0325567 0.0279077 0.609303
4 0.430978 0.371872 0.0264584 0.0605801 0.583285
9 0.557896 0.329051 0.00788003 0.0252045 0.530014
9 0.852066 0.654247 0.0335915 0.0393036 0.50062
3 0.579985 0.146741 0.025656 0.0231545 0.481028
9 0.268057 0.7469 0.0289937 0.0420829 0.456609
9 0.642947 0.340519 0.0152724 0.0222032 0.448301
9 0.907051 0.833037 0.0525524 0.0565309 0.436067
3 0.577155 0.14818 0.0210144 0.0209167 0.398526
6 0.416224 0.573694 0.0473532 0.0500793 0.37814
1 0.631277 0.54747 0.0156097 0.04796 0.371319
6 0.870291 0.738326 0.0551925 0.0521004 0.371247
5 0.258368 0.833376 0.0481411 0.122551 0.363568
3 0.637415 0.14421 0.014537 0.0233642 0.362969
9 0.455598 0.893649 0.0424681 0.0648962 0.357354
6 0.450256 0.847598 0.0661822 0.0751201 0.352891
3 0.570211 0.131478 0.0170201 0.0186516 0.344704
9 0.181591 0.912358 0.0263412 0.0505993 0.334969
6 0.685938 0.572367 0.0562484 0.0499565 0.303054
9 0.823356 0.657692 0.0288906 0.0432375 0.299006
9 0.580868 0.226795 0.00741048 0.0214453 0.296826
9 0.629424 0.549985 0.0184269 0.0486878 0.293026
3 0.588946 0.123978 0.0143592 0.0175018 0.292818
9 0.471902 0.366269 0.0220352 0.0298414 0.290112
9 0.61849 0.326877 0.00821649 0.028053 0.268979
6 0.688304 0.326269 0.0332681 0.0362718 0.263653
9 0.567181 0.283433 0.00783805 0.0250122 0.262897
0 0.656279 0.55067 0.0119113 0.0437224 0.261864
6 0.616212 0.140424 0.00552578 0.0156267 0.256384
6 0.324095 0.735241 0.0570109 0.0595721 0.250255
