3 0.793792 0.630393 0.0367481 0.0754835 0.883805
3 0.708969 0.487138 0.0319994 0.0686952 0.87491
3 0.143889 0.690113 0.0415421 0.0807452 0.873475
5 0.159567 0.449657 0.0347321 0.0907093 0.86374
3 0.758112 0.633869 0.0358633 0.077207 0.862027
3 0.811629 0.14582 0.0262851 0.0515903 0.85084
3 0.569225 0.0933585 0.0443831 0.039406 0.849022
3 0.0464167 0.363423 0.0297165 0.0672307 0.848202
3 0.0133509 0.191414 0.0262912 0.0542663 0.847883
3 0.75803 0.147565 0.0275635 0.0518694 0.846365
3 0.580143 0.111911 0.0412193 0.0393197 0.844717
3 0.0414311 0.446628 0.0307223 0.0630752 0.835223
3 0.612592 0.146267 0.0249639 0.052145 0.832721
3 0.539867 0.0566651 0.0400406 0.0379372 0.831467
3 0.915765 0.1351 0.0315065 0.0509692 0.830027
3 0.0164803 0.375241 0.0294643 0.0585699 0.823168
3 0.686616 0.242896 0.0253094 0.0580292 0.822051
3 0.783799 0.147537 0.0288732 0.0546041 0.793326
3 0.968462 0.124926 0.0316546 0.0452735 0.772767
3 0.554933 0.0743565 0.0378132 0.037539 0.766675
3 0.01242 0.568286 0.0248399 0.0368952 0.75145
3 0.842188 0.706287 0.0385742 0.0814305 0.644378
3 0.515809 0.0105071 0.0405637 0.0210141 0.63883
3 0.992886 0.672323 0.0142281 0.0640948 0.554508
4 0.842346 0.705843 0.0383892 0.080451 0.465864
