3 0.204993 0.703735 0.0864103 0.0903274 0.724222
0 0.580769 0.164595 0.0119815 0.0334 0.686601
9 0.478284 0.316946 0.0289156 0.0353322 0.57215
0 0.576652 0.336748 0.0114108 0.0300126 0.561944
9 0.514995 0.20624 0.0103598 0.0429121 0.558818
9 0.471976 0.657838 0.026879 0.0287124 0.542997
0 0.593809 0.162647 0.0117222 0.0367404 0.529575
0 0.576536 0.300539 0.0123846 0.0299723 0.514314
0 0.560804 0.0193485 0.0120984 0.0377973 0.492231
9 0.485096 0.401255 0.0287844 0.0198674 0.478037
9 0.481439 0.210444 0.0317026 0.0254736 0.476175
9 0.475481 0.383487 0.0306604 0.0249431 0.471377
0 0.56182 0.294097 0.0112606 0.0281373 0.442824
9 0.4808 0.161089 0.0305474 0.0277814 0.434177
0 0.156678 0.611777 0.0173981 0.0207337 0.417814
9 0.464875 0.903778 0.0369814 0.0262275 0.406951
9 0.441823 0.698367 0.0326263 0.0300839 0.404764
9 0.0183413 0.0902397 0.0365722 0.05342 0.40442
0 0.527398 0.281678 0.010673 0.033106 0.396473
0 0.514446 0.279255 0.00923558 0.0375457 0.386522
9 0.449567 0.840584 0.0255299 0.0362495 0.370086
9 0.477993 0.560908 0.0215479 0.0179734 0.362135
9 0.47038 0.780718 0.0227465 0.0218703 0.360836
9 0.480351 0.134672 0.0279361 0.0241607 0.356067
9 0.480378 0.806426 0.0175402 0.0324616 0.355172
9 0.461772 0.962903 0.0237308 0.0360564 0.351796
9 0.492402 0.0697426 0.0330593 0.0306352 0.350492
9 0.481311 0.189354 0.0297211 0.0249568 0.346543
3 0.246052 0.491502 0.0728801 0.0888913 0.345758
9 0.481097 0.165565 0.0299606 0.0254769 0.342553
0 0.527333 0.200389 0.00999996 0.0327421 0.338342
9 0.484561 0.262472 0.0406367 0.0316165 0.335098
9 0.48099 0.183929 0.0307291 0.0243266 0.335039
9 0.451624 0.858638 0.0264338 0.0205473 0.324151
9 0.479912 0.265861 0.0398512 0.0299396 0.31836
0 0.525935 0.812847 0.00953225 0.0222317 0.310665
9 0.481718 0.204417 0.0298168 0.022202 0.304995
9 0.463482 0.655446 0.0433435 0.0294052 0.304329
9 0.427757 0.820102 0.0285869 0.0289609 0.296246
0 0.539386 0.811816 0.008861 0.0237771 0.29345
9 0.453254 0.533808 0.0292712 0.0272956 0.291986
5 0.153749 0.78501 0.111821 0.0802391 0.286467
9 0.494155 0.0173565 0.0356655 0.0292496 0.286066
9 0.473252 0.43056 0.0377573 0.0273965 0.279848
9 0.460748 0.486663 0.0257206 0.0243645 0.278633
9 0.492242 0.0471052 0.0338436 0.0284392 0.27379
9 0.484949 0.52274 0.0145337 0.038253 0.266334
9 0.474541 0.267989 0.0328482 0.0270757 0.265162
9 0.482541 0.814132 0.0163973 0.0241911 0.265079
9 0.48931 0.105559 0.0334986 0.0306943 0.261438
9 0.477452 0.309084 0.0296901 0.0379815 0.260501
9 0.481641 0.169783 0.0305857 0.0249524 0.254147
