0 0.832966 0.226259 0.0119652 0.0399316 0.709228
0 0.706551 0.201147 0.0097212 0.0341217 0.611368
0 0.438924 0.602845 0.0121283 0.0443602 0.52874
0 0.76574 0.128633 0.0108428 0.0316494 0.518107
0 0.871484 0.237909 0.0110771 0.0332196 0.492793
0 0.204586 0.261705 0.0112561 0.0367032 0.462907
0 0.362341 0.484842 0.00980656 0.0307358 0.436476
0 0.6546 0.762543 0.0125895 0.036975 0.361194
0 0.189296 0.294958 0.0104298 0.0290218 0.32197
0 0.175944 0.227834 0.011292 0.0267084 0.319012
0 0.426757 0.810594 0.0122915 0.037394 0.314869
0 0.783457 0.14543 0.00992545 0.0342752 0.313288
0 0.628127 0.76541 0.011412 0.0370713 0.311927
0 0.52027 0.212096 0.00996342 0.0278425 0.307274
0 0.51325 0.451955 0.0114283 0.0401381 0.305619
0 0.507374 0.196471 0.00946542 0.0265677 0.274399
0 0.205245 0.257341 0.0105088 0.0294146 0.273461
