4 0.0274636 0.709051 0.0444874 0.0924499 0.86581
5 0.281712 0.327577 0.0428375 0.0279229 0.819585
3 0.906243 0.822245 0.0663788 0.0641802 0.810901
3 0.921842 0.800242 0.0627297 0.0564984 0.797009
9 0.0474334 0.536644 0.00737576 0.0188721 0.60951
3 0.341699 0.348224 0.0232401 0.0190807 0.575828
3 0.0971451 0.256454 0.00904338 0.0124477 0.572581
3 0.434421 0.31242 0.01965 0.0142031 0.571259
4 0.28989 0.538713 0.021517 0.0415885 0.568598
5 0.0902325 0.420221 0.0815189 0.0564091 0.561549
3 0.277815 0.372383 0.0250464 0.020163 0.513454
1 0.307326 0.397887 0.00495895 0.0150811 0.505196
3 0.0953599 0.229393 0.00726792 0.0121117 0.495461
4 0.0984331 0.4791 0.0297967 0.0315755 0.46802
3 0.745178 0.242923 0.0146608 0.0106046 0.455133
5 0.941439 0.23842 0.0249465 0.0148637 0.3712
3 0.231801 0.393902 0.021396 0.0155121 0.370444
4 0.342137 0.347511 0.0238588 0.018684 0.366654
4 0.060952 0.230289 0.00954609 0.0161497 0.361888
5 0.378373 0.31696 0.0554292 0.0395865 0.355634
5 0.0922429 0.333047 0.0168237 0.0407082 0.330441
1 0.0474585 0.533276 0.00741985 0.0170232 0.304574
3 0.0943283 0.306107 0.0132081 0.0160717 0.303082
3 0.0742934 0.321061 0.0111332 0.0178201 0.289011
3 0.00382654 0.345306 0.00762455 0.0211365 0.285614
3 0.0556982 0.178863 0.0155842 0.00912762 0.274322
