3 0.716703 0.945616 0.03554 0.106765 0.821832
3 0.664384 0.775366 0.0292363 0.117195 0.812194
3 0.584381 0.505881 0.0240883 0.102436 0.809522
3 0.608078 0.348805 0.019375 0.0696886 0.805686
3 0.694233 0.627395 0.0277179 0.104455 0.803072
8 0.47668 0.0668191 0.0277433 0.130619 0.799048
3 0.58135 0.383748 0.0218488 0.0776812 0.793087
3 0.706003 0.762979 0.0313397 0.12859 0.782859
3 0.585779 0.739055 0.0257794 0.102849 0.781527
3 0.613142 0.443807 0.0225122 0.087224 0.769232
3 0.659075 0.661076 0.0245861 0.106237 0.755683
3 0.615859 0.548392 0.0212627 0.0891918 0.755288
3 0.643373 0.357488 0.0240701 0.0724416 0.754789
3 0.584095 0.614494 0.0249171 0.0935051 0.735997
3 0.604032 0.258135 0.0232712 0.0984539 0.719302
3 0.651316 0.531698 0.0248152 0.108338 0.6993
3 0.644258 0.438902 0.0212557 0.0682267 0.604708
3 0.622765 0.663353 0.0242453 0.110365 0.541568
8 0.595623 0.924144 0.0372731 0.147484 0.489961
8 0.678405 0.91531 0.0420643 0.162722 0.381622
8 0.629727 0.817211 0.0351432 0.176117 0.36153
