3 0.25409 0.666871 0.0696986 0.176302 0.914718
3 0.303342 0.395409 0.050894 0.112883 0.905237
3 0.323142 0.605092 0.0572755 0.138473 0.902262
3 0.252098 0.940853 0.0676394 0.114362 0.890784
3 0.208142 0.599163 0.0669553 0.153109 0.890454
3 0.283697 0.518466 0.0600141 0.130912 0.890092
4 0.330328 0.275575 0.0481098 0.112233 0.871456
4 0.449021 0.526568 0.0450745 0.176254 0.860129
4 0.153551 0.158934 0.0760863 0.127361 0.775998
0 0.137503 0.882076 0.0234446 0.0597968 0.768901
3 0.100715 0.173239 0.0522697 0.0906776 0.762732
3 0.170283 0.761466 0.0765029 0.168061 0.753715
3 0.101838 0.673545 0.0961469 0.0867308 0.721573
0 0.587201 0.029096 0.008815 0.0411426 0.653452
0 0.597296 0.0312412 0.0103418 0.0435093 0.614751
0 0.136017 0.848198 0.022986 0.0588104 0.606767
0 0.560574 0.0345943 0.00941642 0.040202 0.576061
0 0.556033 0.0356654 0.00865784 0.0401224 0.511529
0 0.600155 0.031308 0.0129633 0.045399 0.365225
9 0.387434 0.204478 0.0163152 0.0466192 0.313683
