3 0.511661 0.660216 0.0402424 0.0320312 0.797775
4 0.462145 0.933541 0.0258678 0.0759359 0.741167
3 0.688621 0.696197 0.0409929 0.0366614 0.689263
3 0.562878 0.537327 0.0256427 0.0270306 0.679623
3 0.565802 0.507891 0.0140095 0.0221406 0.620052
9 0.621647 0.922245 0.0119904 0.0403404 0.605869
1 0.62126 0.913015 0.0104485 0.0365255 0.558414
9 0.519093 0.826753 0.0288757 0.0324384 0.553066
6 0.702304 0.933531 0.0513201 0.051916 0.536698
3 0.615319 0.528355 0.0137002 0.0269174 0.505962
7 0.635206 0.799766 0.030403 0.0510459 0.471836
9 0.180066 0.79714 0.0145162 0.0285415 0.440518
9 0.507224 0.874031 0.0264169 0.0314958 0.40201
3 0.601714 0.542098 0.00919841 0.0184369 0.397683
3 0.536702 0.43443 0.0225132 0.0178169 0.390882
0 0.524911 0.976775 0.0087042 0.0409546 0.371864
3 0.549088 0.512158 0.0153301 0.0206982 0.370713
9 0.58157 0.86516 0.0165826 0.0303383 0.360316
6 0.575601 0.638614 0.0151049 0.0300608 0.359542
3 0.602501 0.509888 0.0097453 0.0222001 0.355876
6 0.579542 0.918759 0.0149047 0.0567973 0.355313
7 0.543648 0.687011 0.0366136 0.0351122 0.318349
7 0.581548 0.809678 0.0313651 0.0458173 0.309161
0 0.564017 0.977228 0.0117876 0.0424703 0.284603
9 0.208516 0.75966 0.0169104 0.0267845 0.283541
9 0.613489 0.838183 0.0106002 0.033872 0.278665
9 0.68414 0.626331 0.0155459 0.0189176 0.275908
3 0.528004 0.415291 0.0119953 0.0168342 0.275001
0 0.569378 0.787714 0.00957927 0.0295745 0.273527
9 0.58858 0.600243 0.00610256 0.021593 0.269034
6 0.58139 0.809283 0.0318094 0.0455925 0.264233
6 0.519446 0.825132 0.0287595 0.0344169 0.259465
9 0.213347 0.758304 0.018781 0.0271554 0.258922
9 0.589382 0.597673 0.00875905 0.0194631 0.250112
