3 0.447425 0.553688 0.0589739 0.0398261 0.878365
3 0.728147 0.975515 0.0854568 0.0489689 0.878107
3 0.829961 0.978277 0.0981347 0.0434466 0.87314
4 0.43853 0.619762 0.0605548 0.0463597 0.870165
3 0.379803 0.435102 0.0274073 0.0452456 0.843022
3 0.562467 0.426648 0.0215382 0.0344208 0.837649
3 0.558982 0.514434 0.0236562 0.0435158 0.83049
3 0.361421 0.481273 0.0376704 0.0465544 0.828242
3 0.345382 0.527299 0.035549 0.0549989 0.814611
3 0.417735 0.312989 0.0197858 0.028619 0.813064
3 0.562453 0.471279 0.0249681 0.0373246 0.806081
3 0.507387 0.374043 0.0190843 0.0312789 0.788919
3 0.561973 0.39235 0.0202273 0.0303371 0.768116
3 0.388269 0.39693 0.0260456 0.0401012 0.758171
3 0.554987 0.64193 0.026973 0.0566757 0.755616
3 0.40148 0.368992 0.0300228 0.0339737 0.751636
3 0.409389 0.33941 0.0228143 0.0309928 0.732406
3 0.948276 0.981227 0.0910026 0.0375467 0.6504
3 0.562575 0.360333 0.0191198 0.0284692 0.606309
3 0.45518 0.195887 0.0133573 0.0196161 0.599214
3 0.55904 0.575171 0.0271412 0.0631269 0.596671
3 0.428465 0.276859 0.0195289 0.0201057 0.579856
3 0.565902 0.227009 0.0165964 0.0137093 0.499588
3 0.481272 0.22698 0.0233519 0.0167379 0.421647
3 0.452677 0.209614 0.0130528 0.0150214 0.408138
3 0.565024 0.242475 0.0159655 0.0120539 0.28415
3 0.509451 0.196626 0.0245573 0.0165483 0.27484
3 0.503394 0.254164 0.0156752 0.0168401 0.268015
3 0.569508 0.142424 0.0216843 0.0155925 0.254373
