5 0.26177 0.664104 0.0491086 0.117497 0.879561
0 0.13079 0.811598 0.0157798 0.0477245 0.746268
3 0.820475 0.780988 0.0860313 0.070547 0.742682
5 0.427167 0.808625 0.150676 0.148209 0.736799
5 0.746407 0.580077 0.0543436 0.0731677 0.731456
5 0.463363 0.808441 0.223509 0.148443 0.693749
5 0.509666 0.785495 0.321321 0.176705 0.626577
5 0.659359 0.518226 0.0400988 0.0539117 0.618808
0 0.290985 0.682635 0.0118715 0.0459175 0.611753
3 0.706833 0.597063 0.0417841 0.0526924 0.602114
5 0.570182 0.532051 0.0202606 0.0462329 0.578196
4 0.667467 0.619193 0.037801 0.0590568 0.488737
5 0.39035 0.572489 0.0237547 0.0511595 0.464178
5 0.953651 0.583737 0.045738 0.0529117 0.418496
5 0.667 0.619777 0.039475 0.0595429 0.415882
5 0.655388 0.512674 0.0501529 0.0642499 0.401888
5 0.609056 0.553496 0.0534437 0.103185 0.349586
5 0.820319 0.780941 0.0859525 0.0707932 0.327331
3 0.953387 0.58402 0.0457236 0.0526361 0.317358
3 0.649399 0.575296 0.0339238 0.0566217 0.308964
5 0.649293 0.574782 0.0341359 0.0568109 0.268161
5 0.532929 0.776591 0.246171 0.165574 0.252659
