3 0.36364 0.854462 0.0256053 0.0716851 0.852014
3 0.42693 0.336368 0.012659 0.0260156 0.810989
3 0.468974 0.224367 0.00934239 0.0168527 0.742904
3 0.448621 0.247242 0.0119325 0.0217379 0.730104
8 0.404215 0.523688 0.0220224 0.0720475 0.712381
3 0.440437 0.420963 0.0136893 0.0275303 0.70484
3 0.431286 0.222854 0.0109047 0.0189591 0.653748
3 0.478241 0.902229 0.0220818 0.134813 0.563697
3 0.452509 0.136069 0.00881919 0.0154412 0.480664
5 0.523162 0.293487 0.0158255 0.0853484 0.471375
3 0.464249 0.151618 0.00907344 0.0160689 0.35061
8 0.458411 0.186197 0.0117526 0.0338868 0.305668
3 0.561387 0.104134 0.0150463 0.0155493 0.302386
9 0.56767 0.381258 0.00619088 0.0212047 0.295372
3 0.751787 0.125268 0.0104467 0.0161859 0.275397
