3 0.3556 0.663844 0.0723078 0.0426104 0.893913
3 0.298819 0.892414 0.084563 0.0563347 0.862335
3 0.577247 0.588338 0.0352303 0.0961815 0.846518
3 0.330864 0.790462 0.0797952 0.0630097 0.806578
3 0.378165 0.540352 0.0617834 0.0445246 0.794514
3 0.415462 0.247182 0.0508864 0.0347679 0.769083
3 0.38607 0.494326 0.0613832 0.0534243 0.752573
3 0.359145 0.600536 0.0874755 0.0433647 0.749484
5 0.540308 0.0588247 0.0289469 0.0693152 0.712438
3 0.578172 0.188594 0.0229342 0.0403357 0.703843
3 0.411128 0.418031 0.0481976 0.0344236 0.695145
4 0.287749 0.971156 0.100792 0.0576011 0.689599
3 0.402579 0.453124 0.0523897 0.0391091 0.657659
3 0.286556 0.971502 0.0985415 0.0569951 0.601519
4 0.285745 0.640973 0.0568045 0.0517789 0.596704
3 0.41169 0.385093 0.0492277 0.0308664 0.544326
3 0.473165 0.109005 0.019783 0.0344082 0.525776
3 0.417496 0.35229 0.0541274 0.0352507 0.491473
3 0.579378 0.139859 0.0229882 0.0565276 0.40981
3 0.466967 0.0820199 0.0342888 0.025904 0.382785
5 0.578738 0.140504 0.0239704 0.0558228 0.362176
5 0.449969 0.156087 0.0586336 0.0346547 0.285565
