0 0.45989 0.774347 0.00835999 0.0190173 0.502312
0 0.448889 0.578363 0.010291 0.0147688 0.467585
0 0.844153 0.147172 0.00993617 0.0247416 0.445857
0 0.833462 0.132058 0.0110164 0.0243874 0.400429
0 0.478804 0.561599 0.00792685 0.0242556 0.39868
0 0.498095 0.695362 0.0115763 0.0184397 0.397726
0 0.46492 0.593643 0.00934457 0.0191952 0.397406
0 0.417123 0.191722 0.00727378 0.0193812 0.394541
0 0.380375 0.108868 0.00622428 0.0218899 0.382024
0 0.404006 0.244455 0.00915144 0.0228567 0.372227
0 0.470528 0.510927 0.00768306 0.024406 0.354087
4 0.51838 0.757918 0.0247901 0.0266148 0.352262
0 0.428556 0.231585 0.00702458 0.0205019 0.312257
0 0.388055 0.172686 0.00707511 0.0250024 0.30906
0 0.394397 0.124216 0.00776459 0.0218661 0.307295
0 0.406293 0.392153 0.00858786 0.0187752 0.306861
0 0.469777 0.7996 0.00939257 0.0212422 0.299194
0 0.83594 0.129561 0.00966466 0.0247515 0.297522
0 0.460573 0.593127 0.0101872 0.0173491 0.290891
0 0.447228 0.960229 0.0100763 0.0221776 0.284071
0 0.394892 0.120593 0.00845559 0.0214341 0.284064
0 0.701258 0.228282 0.0100454 0.0194673 0.258682
