0 0.391572 0.48865 0.00863578 0.0263699 0.57319
0 0.416583 0.409023 0.00801828 0.022076 0.555386
0 0.333215 0.273352 0.00769782 0.0241153 0.52528
0 0.436601 0.378876 0.00820587 0.0273942 0.477109
0 0.427227 0.382001 0.00883275 0.0256889 0.438611
0 0.407684 0.337918 0.00743465 0.0226233 0.428174
0 0.438161 0.374742 0.0112017 0.0219199 0.414074
0 0.353903 0.303869 0.00715685 0.0195612 0.356042
0 0.426659 0.377808 0.0069877 0.0250715 0.346648
0 0.318397 0.272235 0.00842237 0.0279247 0.33864
0 0.442054 0.58273 0.00736463 0.0268426 0.289907
0 0.440372 0.984641 0.00852958 0.0274074 0.255295
