6 0.591415 0.487971 0.0391988 0.068767 0.914711
3 0.482484 0.610702 0.0490744 0.140177 0.902851
6 0.232383 0.35154 0.0327555 0.0542302 0.879015
3 0.609857 0.301588 0.0327489 0.0656977 0.856852
7 0.295782 0.361166 0.0422326 0.0718455 0.847964
3 0.46337 0.264915 0.0282962 0.0581699 0.840858
6 0.435566 0.447987 0.0221024 0.061456 0.805225
3 0.378832 0.157061 0.0491409 0.0350152 0.80498
6 0.780524 0.498206 0.0598015 0.0664105 0.760573
3 0.0609032 0.55544 0.108804 0.0905251 0.753266
9 0.291765 0.674016 0.0380148 0.0522664 0.751698
6 0.672064 0.614412 0.0576654 0.0581208 0.742486
6 0.22644 0.429669 0.0605712 0.0816486 0.732228
6 0.898136 0.594595 0.067811 0.0840582 0.699902
6 0.487699 0.35146 0.0167505 0.0548894 0.688409
0 0.645553 0.41069 0.0121614 0.0515009 0.678824
9 0.684213 0.538665 0.0265546 0.0452314 0.678262
9 0.279493 0.250636 0.0189741 0.0250886 0.670502
5 0.580839 0.80664 0.0698603 0.213497 0.667281
0 0.65637 0.459696 0.0121986 0.0591849 0.656873
5 0.715504 0.377174 0.0568521 0.102401 0.623479
0 0.242657 0.7238 0.0213648 0.0652128 0.609461
1 0.885812 0.738867 0.0240166 0.0571482 0.602715
6 0.473314 0.214483 0.0155698 0.036449 0.593064
1 0.285014 0.657475 0.0185132 0.0524962 0.5915
9 0.731496 0.31642 0.0225671 0.0226219 0.58869
1 0.745988 0.845128 0.0241033 0.0668127 0.583577
3 0.605023 0.0289475 0.0323196 0.0269828 0.582868
9 0.884517 0.75804 0.034359 0.0788494 0.574731
7 0.561876 0.295542 0.018825 0.0541791 0.537569
5 0.849207 0.924755 0.0918602 0.144985 0.487297
9 0.577646 0.17186 0.00773605 0.0281483 0.47775
6 0.647796 0.300541 0.0194442 0.0488025 0.47102
9 0.744057 0.854654 0.0287973 0.0812769 0.465334
6 0.648681 0.20112 0.0293314 0.0369657 0.44519
1 0.577935 0.167083 0.00715481 0.0235926 0.424921
9 0.893787 0.63107 0.0400448 0.0515278 0.4225
0 0.588302 0.256851 0.00901492 0.0397122 0.409982
9 0.911026 0.613768 0.0444237 0.0499623 0.390455
1 0.667905 0.608223 0.0221161 0.0591107 0.370955
9 0.325626 0.129039 0.0152158 0.0226384 0.369967
6 0.301465 0.171278 0.0274498 0.0298034 0.364989
0 0.0596518 0.841214 0.0168235 0.0563742 0.363292
1 0.541264 0.0533939 0.0060212 0.0207624 0.362802
9 0.697649 0.264576 0.0193335 0.0305045 0.349971
6 0.962337 0.455477 0.0497639 0.0620234 0.336461
6 0.267574 0.333785 0.0264498 0.0454318 0.31967
1 0.601198 0.475081 0.0122053 0.0357656 0.315844
6 0.338228 0.200513 0.0328362 0.030527 0.293152
9 0.706667 0.264237 0.0183896 0.0296329 0.291693
9 0.150596 0.379778 0.0281146 0.0330086 0.271111
6 0.269444 0.328189 0.025789 0.0442102 0.267988
9 0.257089 0.278614 0.0233904 0.0320482 0.267784
9 0.693471 0.200683 0.011835 0.0216768 0.263954
1 0.287978 0.663466 0.0276489 0.0569591 0.258193
9 0.0940024 0.895567 0.0493531 0.0768159 0.258167
0 0.590384 0.256084 0.0116176 0.0398495 0.253605
0 0.759817 0.473859 0.0143319 0.0402447 0.251267
