0 0.536178 0.0162755 0.0122616 0.0325509 0.698003
0 0.45365 0.394948 0.0116884 0.0311204 0.636566
7 0.625154 0.667992 0.0557802 0.0720157 0.636178
9 0.515954 0.175432 0.0155865 0.0430525 0.612368
0 0.497126 0.139335 0.010561 0.0380041 0.610424
0 0.360222 0.686307 0.015173 0.0322981 0.594409
9 0.377416 0.268902 0.0277726 0.0343835 0.589279
0 0.524375 0.265972 0.0110814 0.0385651 0.568119
6 0.683756 0.604996 0.0532437 0.0769694 0.567538
6 0.474692 0.730912 0.0630209 0.0741107 0.556198
0 0.397952 0.45686 0.0105192 0.0329301 0.550043
0 0.332727 0.547543 0.0137773 0.0235846 0.526327
9 0.340743 0.589176 0.0307807 0.0384039 0.518566
0 0.565296 0.0258144 0.0109485 0.0391928 0.516712
0 0.386451 0.450945 0.0104059 0.0270916 0.50814
9 0.21318 0.870766 0.0466434 0.0458388 0.507883
9 0.391795 0.204792 0.0294618 0.0325405 0.485914
6 0.537343 0.561571 0.0682133 0.0929235 0.479387
9 0.201124 0.920133 0.0435718 0.0312994 0.472064
6 0.551612 0.652465 0.0488492 0.0641493 0.469535
9 0.39932 0.167994 0.0328028 0.0431284 0.46718
0 0.395538 0.455395 0.01086 0.0321834 0.459757
6 0.511919 0.879628 0.058668 0.0496241 0.448331
0 0.36278 0.687633 0.0124007 0.0305354 0.445098
2 0.473706 0.146691 0.0107918 0.0477957 0.442247
9 0.363965 0.291275 0.0279816 0.028892 0.442169
9 0.361257 0.311066 0.0282519 0.0315239 0.43817
0 0.344312 0.672137 0.0201089 0.0262806 0.413719
9 0.198162 0.925593 0.0402721 0.0378079 0.409927
0 0.6042 0.151368 0.0142885 0.0439745 0.389374
9 0.327512 0.442861 0.0351906 0.0432324 0.387798
9 0.811294 0.268399 0.0195449 0.0639945 0.37799
9 0.383262 0.233105 0.030877 0.0368273 0.373854
0 0.489437 0.0136174 0.00972063 0.0267872 0.360743
0 0.484476 0.450648 0.00913788 0.029823 0.349979
9 0.274075 0.732377 0.0249195 0.0389921 0.344454
9 0.210089 0.87657 0.0436378 0.0444547 0.336254
6 0.461278 0.517347 0.0423048 0.0958591 0.332876
9 0.375274 0.276461 0.0301463 0.0366184 0.326301
9 0.386821 0.208054 0.035225 0.0330682 0.323212
9 0.322666 0.483009 0.0303136 0.02879 0.318868
9 0.279278 0.983612 0.0260414 0.0312848 0.317655
9 0.418723 0.107447 0.0266458 0.038035 0.317425
7 0.55163 0.652503 0.0482601 0.063487 0.310659
9 0.337659 0.362006 0.0428428 0.0502357 0.30982
9 0.30137 0.507051 0.0316455 0.0305748 0.308248
0 0.33239 0.514604 0.0155017 0.0240153 0.307276
7 0.437258 0.0507528 0.032477 0.0660879 0.301725
9 0.22949 0.717166 0.038985 0.0442293 0.295211
0 0.495884 0.425154 0.012747 0.0316253 0.29291
0 0.317368 0.576517 0.0134407 0.0219878 0.29265
9 0.410142 0.136868 0.034817 0.0396374 0.292559
6 0.444608 0.778395 0.0540413 0.0709636 0.292096
9 0.333816 0.592163 0.0170539 0.0344115 0.289073
9 0.318705 0.446212 0.0254146 0.0376215 0.287968
9 0.249815 0.681433 0.037176 0.0325528 0.287506
9 0.168702 0.949304 0.0461073 0.0440414 0.282983
9 0.384392 0.215591 0.0308011 0.0260116 0.28151
9 0.402211 0.143333 0.0372661 0.0334794 0.280666
9 0.320098 0.473466 0.0275986 0.0274064 0.279752
9 0.341634 0.36721 0.0360679 0.0415497 0.278053
9 0.243406 0.68627 0.0322818 0.0334256 0.274425
6 0.774953 0.219444 0.027165 0.061298 0.274325
9 0.354429 0.338405 0.0267443 0.028458 0.273617
9 0.420659 0.0944607 0.0255806 0.035704 0.254514
