3 0.326638 0.863588 0.0148076 0.0383415 0.816632
3 0.375644 0.850322 0.0133264 0.0349373 0.815207
5 0.338241 0.93472 0.0277881 0.0883677 0.811222
3 0.405809 0.59859 0.00873173 0.0233861 0.809312
3 0.284504 0.959162 0.0204789 0.0456442 0.806818
3 0.442306 0.803519 0.0120196 0.0318525 0.800481
5 0.315016 0.925171 0.0271284 0.0914382 0.800103
3 0.410857 0.653819 0.0104163 0.026311 0.79869
3 0.35186 0.719214 0.0111504 0.029935 0.795586
4 0.308154 0.837513 0.0186391 0.0446976 0.794301
3 0.355332 0.683343 0.0103045 0.0268033 0.792049
3 0.371179 0.513265 0.00802477 0.0183055 0.748105
5 0.356644 0.801382 0.0282212 0.133568 0.743976
3 0.355703 0.586472 0.00904482 0.0196834 0.734757
4 0.297479 0.888398 0.0179335 0.0423373 0.732961
3 0.396289 0.472907 0.00777841 0.0157199 0.732753
5 0.365115 0.637285 0.0162251 0.051546 0.732753
3 0.397992 0.552608 0.00870435 0.0199468 0.703139
5 0.377668 0.681058 0.0276167 0.0934915 0.70059
3 0.302043 0.991629 0.0177042 0.0167418 0.666015
3 0.432744 0.656687 0.0106485 0.0271702 0.66286
3 0.34544 0.645961 0.0113776 0.0258621 0.651676
5 0.389567 0.591919 0.0177034 0.0556482 0.648923
3 0.431855 0.702048 0.0109186 0.025831 0.648284
3 0.491861 0.63617 0.0231218 0.015096 0.619203
3 0.45583 0.792462 0.0100112 0.0303805 0.575751
3 0.368147 0.600031 0.00987207 0.0199364 0.56644
3 0.390944 0.410412 0.0069509 0.0116412 0.565491
5 0.400833 0.506677 0.0135542 0.0492261 0.549354
5 0.441274 0.214593 0.008413 0.0273007 0.510484
5 0.42319 0.548313 0.0139307 0.0436087 0.505236
5 0.338615 0.784591 0.0217906 0.0945134 0.48991
3 0.395253 0.393642 0.00648246 0.0129223 0.488868
3 0.468367 0.814403 0.0179077 0.0168572 0.47831
3 0.425755 0.777846 0.0113837 0.036066 0.46478
5 0.411346 0.445526 0.0154471 0.0585002 0.464496
3 0.0542692 0.710429 0.019433 0.0304149 0.462881
3 0.489065 0.610614 0.0167941 0.0177325 0.418489
5 0.434539 0.237947 0.00667267 0.0143487 0.412436
4 0.331467 0.711638 0.0130773 0.0326411 0.395773
3 0.38514 0.441695 0.00682761 0.0175657 0.379383
3 0.431835 0.409636 0.00665218 0.0147798 0.371732
3 0.389963 0.411272 0.00693294 0.0115262 0.3693
3 0.431664 0.262417 0.0065751 0.00899123 0.353502
3 0.491504 0.633465 0.0226271 0.0172208 0.352288
5 0.443109 0.247893 0.00625859 0.0125763 0.347457
5 0.38023 0.556081 0.0153155 0.0520571 0.341012
5 0.456453 0.146239 0.0064229 0.0160114 0.331462
5 0.446849 0.190965 0.00632342 0.0100719 0.311968
3 0.389387 0.494787 0.00899039 0.0221451 0.299304
3 0.427286 0.27964 0.00944558 0.0094045 0.298965
5 0.340191 0.775321 0.0210564 0.0746695 0.294496
3 0.333748 0.786608 0.0184095 0.0910204 0.291633
3 0.385942 0.513832 0.00940866 0.0207499 0.285705
5 0.470042 0.758024 0.0362601 0.0194505 0.281766
3 0.332294 0.712763 0.012936 0.0322272 0.274706
3 0.383962 0.520335 0.00787789 0.0165952 0.273464
8 0.411842 0.44581 0.0164259 0.0591732 0.268321
3 0.456791 0.174683 0.00439362 0.00751107 0.26394
