3 0.284706 0.932261 0.0889827 0.0594705 0.61165
0 0.538612 0.327643 0.0108973 0.0292671 0.535367
3 0.302761 0.718588 0.0662512 0.091665 0.482263
0 0.575628 0.936135 0.011315 0.0362668 0.401625
0 0.560543 0.925094 0.0111152 0.0323725 0.394397
0 0.579231 0.438768 0.00957184 0.0340915 0.383088
0 0.569123 0.441567 0.00872546 0.0300238 0.373805
0 0.626643 0.338001 0.00958025 0.0304001 0.368249
0 0.234045 0.930569 0.0100435 0.0163446 0.365005
5 0.28029 0.979437 0.0728041 0.0399601 0.332437
7 0.249351 0.447207 0.0643317 0.0716942 0.278232
5 0.0856408 0.150791 0.0836428 0.140122 0.252212
