3 0.39406 0.93859 0.0230131 0.0589553 0.87708
8 0.492608 0.24037 0.023558 0.0705449 0.844324
3 0.427188 0.56899 0.0175069 0.0396267 0.830874
3 0.0131873 0.556864 0.0263682 0.029085 0.805184
3 0.118537 0.487053 0.0226048 0.0408749 0.779532
3 0.516387 0.384848 0.0140498 0.0323884 0.774515
8 0.526154 0.237777 0.0169262 0.04362 0.773565
8 0.498163 0.953785 0.0322552 0.0908271 0.771042
3 0.15982 0.573502 0.0294829 0.0261301 0.769908
3 0.0390636 0.676031 0.0341018 0.0322211 0.761514
3 0.0611877 0.640285 0.0365515 0.0339703 0.753141
4 0.453516 0.540215 0.0189245 0.0436092 0.742677
3 0.536437 0.415335 0.0134942 0.0289933 0.723898
3 0.0385506 0.617215 0.030827 0.0290768 0.714026
3 0.0279578 0.702684 0.0400068 0.0343815 0.691719
3 0.0707133 0.560909 0.0276891 0.0239691 0.683879
3 0.0925287 0.582074 0.0335775 0.0268758 0.65055
3 0.0996138 0.565069 0.0345379 0.028489 0.641434
8 0.614095 0.0837058 0.0126903 0.0343979 0.633662
3 0.151053 0.499738 0.0212903 0.0331797 0.621123
3 0.0813469 0.54258 0.0286511 0.0267955 0.605204
4 0.111824 0.674917 0.0340144 0.0335201 0.601799
3 0.0694883 0.621349 0.0339986 0.0288583 0.594778
3 0.103192 0.487165 0.017479 0.0348221 0.573712
3 0.0910782 0.489033 0.016641 0.0307744 0.559757
3 0.082192 0.488853 0.0213816 0.0290606 0.549366
3 0.582869 0.116004 0.0112248 0.0229792 0.541876
3 0.0892039 0.727598 0.0382585 0.0312813 0.534757
3 0.0836248 0.603034 0.0284553 0.0275807 0.529047
4 0.565146 0.515306 0.0137401 0.0391156 0.503092
3 0.607345 0.0484744 0.00855922 0.0234549 0.48779
3 0.00627047 0.7164 0.0124308 0.0387705 0.48223
4 0.128967 0.640429 0.0304285 0.0280615 0.480344
3 0.511786 0.234188 0.013021 0.029323 0.458459
3 0.0273788 0.868707 0.039816 0.0369106 0.453571
3 0.00685268 0.689978 0.0137054 0.0303688 0.450523
3 0.165806 0.503924 0.0198669 0.0364664 0.424621
3 0.16181 0.501002 0.0181813 0.0330726 0.416108
0 0.590957 0.648302 0.00584486 0.0188723 0.409375
5 0.593042 0.0692918 0.0134746 0.0359779 0.404546
3 0.0683598 0.764806 0.0308867 0.0302803 0.403791
0 0.579528 0.834635 0.005401 0.0188086 0.401271
3 0.0970466 0.570561 0.034136 0.0273884 0.399943
4 0.17478 0.537065 0.0301203 0.0272793 0.396846
3 0.0790862 0.550032 0.0346761 0.0323328 0.396076
8 0.607354 0.114531 0.0113693 0.0370943 0.395977
3 0.540514 0.239865 0.0129557 0.0291071 0.386925
3 0.621486 0.025319 0.0100975 0.0199423 0.386824
3 0.594454 0.121248 0.0099374 0.0242923 0.370937
4 0.101239 0.697482 0.0386976 0.0314907 0.365946
3 0.595739 0.110405 0.0111875 0.032232 0.359517
3 0.0882891 0.487833 0.0247718 0.0314103 0.358388
0 0.612191 0.561733 0.00552595 0.0208906 0.33383
0 0.590338 0.716754 0.00683633 0.0168003 0.331529
3 0.10122 0.699693 0.0367111 0.0328853 0.330399
3 0.0605531 0.594799 0.0228865 0.027637 0.324846
3 0.08587 0.60707 0.0329272 0.0270223 0.321213
0 0.59137 0.816526 0.00585035 0.018343 0.3184
0 0.593091 0.756177 0.00529358 0.019522 0.313635
3 0.0973486 0.719347 0.0348178 0.0257146 0.30623
0 0.602889 0.696767 0.00696481 0.0167778 0.276328
0 0.610184 0.562675 0.00786822 0.0166633 0.267816
0 0.579828 0.649037 0.00620937 0.0201811 0.263433
3 0.0756531 0.545969 0.0305903 0.0278378 0.257386
0 0.589938 0.647309 0.00524052 0.0193864 0.254497
0 0.615041 0.519694 0.00744346 0.0209211 0.253536
3 0.0194735 0.533357 0.0338095 0.0280174 0.252867
