0 0.596682 0.0663448 0.0102032 0.0457725 0.782065
0 0.665947 0.804278 0.0209821 0.0274452 0.779927
0 0.944519 0.195753 0.0244625 0.0367623 0.720692
0 0.608959 0.593652 0.0163297 0.0289396 0.718233
0 0.621975 0.710509 0.0132082 0.0196504 0.707695
0 0.316947 0.531121 0.011137 0.027702 0.680283
0 0.329982 0.553697 0.00979037 0.0273715 0.675838
0 0.633247 0.353753 0.0116131 0.0339903 0.673411
7 0.545258 0.204299 0.0198273 0.0742648 0.636483
0 0.578859 0.0596638 0.00997249 0.0373746 0.627687
0 0.627434 0.67425 0.0184983 0.0279797 0.568915
0 0.645934 0.576084 0.0134729 0.0200065 0.549581
0 0.645315 0.348619 0.00880349 0.0315284 0.526298
0 0.640694 0.653272 0.0140183 0.0225246 0.519059
7 0.444967 0.159036 0.0424741 0.0480979 0.51315
0 0.612573 0.131163 0.0107077 0.0326378 0.507833
9 0.68016 0.271048 0.0261152 0.0275936 0.49926
7 0.387227 0.191399 0.0486971 0.0495008 0.498942
0 0.669283 0.572181 0.0117669 0.0278441 0.482582
0 0.659018 0.575496 0.0152806 0.0245678 0.479499
0 0.55304 0.347276 0.0103384 0.0284877 0.459588
0 0.615691 0.344282 0.0100532 0.0290223 0.455866
0 0.617656 0.312258 0.0112905 0.0261849 0.452617
6 0.445137 0.158904 0.042664 0.0494466 0.446913
9 0.677934 0.237764 0.0301661 0.0277947 0.435673
6 0.432573 0.103473 0.069806 0.0374314 0.428067
9 0.68334 0.338889 0.0273598 0.0244406 0.421564
9 0.678054 0.244657 0.0291586 0.024431 0.416412
0 0.617532 0.627303 0.0171693 0.0167224 0.415594
0 0.607071 0.315346 0.00937212 0.0278619 0.414029
0 0.636589 0.852781 0.0297577 0.0354996 0.412436
6 0.387896 0.191587 0.0495026 0.048736 0.409816
9 0.689611 0.383836 0.0303624 0.0241473 0.382934
9 0.683306 0.298927 0.023888 0.0215462 0.367306
0 0.533584 0.274097 0.0100332 0.0301609 0.35166
6 0.352684 0.27138 0.0475748 0.0517738 0.345182
9 0.683743 0.311446 0.0250848 0.0232399 0.332255
0 0.625397 0.965564 0.0179027 0.0319898 0.33026
6 0.461006 0.0661691 0.107535 0.0585791 0.328691
9 0.679477 0.259069 0.0262595 0.0278745 0.31629
9 0.682471 0.29517 0.0246452 0.0236739 0.313674
9 0.680967 0.275999 0.026476 0.0250261 0.310142
9 0.692333 0.402796 0.0291931 0.0240649 0.306552
9 0.636133 0.847183 0.0313403 0.0461173 0.291648
0 0.548446 0.371857 0.0106138 0.0248013 0.282148
0 0.523411 0.270429 0.0093767 0.0276892 0.267282
0 0.644431 0.124948 0.0104452 0.0336558 0.267277
7 0.399865 0.129524 0.0485032 0.0525034 0.264817
9 0.655166 0.355038 0.0108129 0.0376578 0.260861
0 0.542809 0.292134 0.00843772 0.0261606 0.259421
9 0.678712 0.220023 0.0404629 0.0368673 0.250211
