4 0.388094 0.407787 0.121536 0.109652 0.910045
3 0.243276 0.418994 0.125068 0.0862149 0.908335
3 0.950362 0.417958 0.0992761 0.0862019 0.894427
3 0.842713 0.423241 0.117946 0.0804795 0.887645
4 0.0981486 0.407722 0.131621 0.105035 0.883024
3 0.552593 0.419698 0.121336 0.0868394 0.877956
3 0.679798 0.414083 0.114343 0.0822297 0.871406
3 0.785616 0.311458 0.0993217 0.0705363 0.856717
0 0.459965 0.522347 0.0177393 0.0711123 0.835622
3 0.232593 0.204004 0.0505937 0.0728322 0.831836
3 0.0796196 0.299444 0.10174 0.0696234 0.82655
4 0.357389 0.299861 0.0826698 0.0803099 0.765333
4 0.578914 0.342206 0.109288 0.0923557 0.76298
3 0.176424 0.301136 0.0925141 0.0735665 0.750106
3 0.985014 0.222175 0.0299721 0.0626877 0.731717
2 0.634503 0.461955 0.0397818 0.0469306 0.72496
0 0.702273 0.4593 0.0186861 0.0597834 0.704703
4 0.952829 0.172489 0.0644379 0.0669945 0.698747
4 0.916845 0.108428 0.0735821 0.0667607 0.690795
3 0.578183 0.341117 0.107656 0.0918074 0.674448
0 0.052103 0.455001 0.0169648 0.0516111 0.544213
2 0.320502 0.518906 0.0376909 0.053411 0.542881
4 0.972489 0.151058 0.0535896 0.0603952 0.524133
0 0.545467 0.465362 0.0188641 0.0613324 0.505164
4 0.365658 0.181388 0.0786047 0.0869412 0.458755
3 0.970508 0.149813 0.0570003 0.0574757 0.427826
4 0.0141447 0.288652 0.0282893 0.0858197 0.365165
5 0.366389 0.183748 0.077182 0.0950463 0.328685
0 0.0794002 0.442604 0.0171007 0.0560835 0.324683
9 0.63407 0.461787 0.0407023 0.0509586 0.269114
