3 0.451606 0.620082 0.0148916 0.0374083 0.824
3 0.57115 0.449416 0.0241901 0.0211958 0.819606
3 0.582021 0.146829 0.0213908 0.0177125 0.777914
3 0.891018 0.54539 0.0245957 0.0181163 0.756371
3 0.93943 0.528982 0.0222947 0.0187726 0.721589
3 0.93939 0.491809 0.0275181 0.0182049 0.6964
3 0.914042 0.539479 0.0231434 0.0186391 0.63301
3 0.96169 0.752489 0.0286594 0.021819 0.617676
3 0.897723 0.559792 0.0258228 0.0201233 0.57643
3 0.486279 0.956976 0.0165771 0.0433307 0.551642
5 0.483153 0.278622 0.0151865 0.0383509 0.456385
5 0.963558 0.398288 0.040432 0.023202 0.380929
3 0.891388 0.521431 0.02677 0.0198311 0.380873
3 0.98522 0.441869 0.0183785 0.020741 0.334738
3 0.879862 0.404356 0.0133929 0.017539 0.333028
3 0.536503 0.346273 0.0253538 0.0220837 0.313048
5 0.968686 0.636113 0.0290267 0.0497464 0.299554
5 0.567459 0.489013 0.0192934 0.0429336 0.293392
3 0.904234 0.430628 0.0238742 0.0235536 0.271934
3 0.370281 0.200578 0.0144789 0.0328135 0.252797
