3 0.634329 0.69836 0.0477612 0.0433001 0.851188
3 0.881804 0.687388 0.0665985 0.0478017 0.838543
3 0.71159 0.675396 0.0472427 0.0395939 0.788293
3 0.609721 0.66516 0.0377895 0.0345761 0.761172
3 0.655774 0.667028 0.0402897 0.038151 0.714542
0 0.329652 0.608703 0.00709924 0.0232879 0.646809
0 0.0653043 0.975101 0.0227096 0.0497984 0.627443
3 0.490746 0.576082 0.0157179 0.0190674 0.624004
0 0.176499 0.827671 0.0153126 0.0735649 0.61057
0 0.33845 0.757415 0.0140445 0.0555743 0.596553
3 0.744301 0.618267 0.0368062 0.023659 0.589175
3 0.446508 0.576342 0.0146331 0.0220471 0.558913
0 0.350503 0.682562 0.0115605 0.0373783 0.550714
0 0.553815 0.59204 0.0057499 0.0206602 0.534489
3 0.776635 0.618675 0.037429 0.0242666 0.53246
3 0.470852 0.575225 0.0159451 0.0222354 0.479046
3 0.471887 0.56146 0.0125238 0.014119 0.476633
0 0.561998 0.591489 0.00623513 0.0201276 0.472741
3 0.809379 0.61561 0.0232064 0.0203771 0.401692
3 0.508604 0.538667 0.011758 0.0126077 0.398244
3 0.341771 0.572741 0.0310364 0.0167323 0.392574
3 0.521505 0.537365 0.0135576 0.0131213 0.390126
2 0.359106 0.720694 0.00905975 0.0252736 0.379327
0 0.959556 0.70523 0.0133161 0.0428505 0.373439
2 0.359572 0.769145 0.0147783 0.0366226 0.354237
3 0.439378 0.552257 0.0106523 0.0142153 0.342259
3 0.330771 0.576961 0.0292786 0.0163162 0.32844
0 0.564138 0.639484 0.0092555 0.0247339 0.321073
3 0.436466 0.553724 0.0166091 0.0144599 0.313487
3 0.416831 0.549947 0.0134074 0.0138539 0.310351
3 0.470433 0.567092 0.0156798 0.0174478 0.307248
0 0.0607694 0.976068 0.027367 0.0478646 0.261479
9 0.86653 0.657199 0.0160675 0.0228299 0.258143
