3 0.472062 0.533684 0.0249832 0.0832115 0.865511
3 0.493813 0.149151 0.0192099 0.0576942 0.853666
3 0.550733 0.654989 0.0239634 0.108092 0.764257
8 0.460987 0.777791 0.0421907 0.185301 0.670746
3 0.544726 0.442426 0.0208397 0.0816241 0.669733
3 0.497993 0.0899858 0.0179104 0.055273 0.599937
3 0.524504 0.189216 0.0157704 0.046579 0.593568
4 0.511116 0.732614 0.027697 0.138081 0.582081
3 0.510523 0.734751 0.0280071 0.135533 0.570371
0 0.392786 0.715407 0.00796182 0.0286363 0.50165
0 0.4147 0.625628 0.00836875 0.034366 0.355855
5 0.461126 0.780219 0.044097 0.189766 0.313662
3 0.498493 0.0220849 0.018792 0.0420247 0.298931
0 0.416507 0.587616 0.00791892 0.0299736 0.27683
0 0.391738 0.731835 0.00848977 0.0351995 0.274354
0 0.416188 0.594454 0.00776969 0.0393404 0.263336
0 0.436568 0.0342609 0.00620605 0.0275242 0.255298
