0 0.503303 0.454337 0.0115345 0.0317428 0.752595
0 0.494982 0.577177 0.0133438 0.0268244 0.744403
0 0.507528 0.320427 0.00969679 0.0366581 0.64074
0 0.528619 0.511893 0.0116714 0.0280618 0.629044
0 0.476483 0.223097 0.0103786 0.0361278 0.60315
0 0.458686 0.822446 0.0142631 0.0211979 0.583282
0 0.544425 0.169896 0.00898477 0.0349842 0.55355
0 0.518236 0.506321 0.0108524 0.0292439 0.547495
0 0.528716 0.207948 0.0148478 0.036591 0.545674
0 0.608439 0.359351 0.0127552 0.026254 0.539496
0 0.582846 0.349848 0.013767 0.0258147 0.525372
0 0.532409 0.651898 0.0141311 0.0218973 0.503577
0 0.523173 0.0127134 0.0142494 0.0244288 0.483219
9 0.507713 0.685901 0.0156529 0.0400523 0.472696
0 0.604282 0.425288 0.0132669 0.021926 0.442884
0 0.455501 0.558076 0.023814 0.0281089 0.425852
0 0.45799 0.527135 0.0131996 0.0251109 0.423871
0 0.525917 0.0121681 0.0158703 0.0243361 0.421477
0 0.461676 0.434176 0.017275 0.0347005 0.389529
0 0.602355 0.449567 0.0158674 0.020706 0.37385
0 0.46506 0.842177 0.0143929 0.0389791 0.370765
0 0.614135 0.730592 0.0177755 0.0204555 0.362996
0 0.553581 0.18252 0.0124316 0.0353255 0.346546
0 0.447785 0.524136 0.0146271 0.0241073 0.327282
6 0.518859 0.1358 0.0206856 0.0700286 0.292569
0 0.524088 0.728574 0.0166258 0.0247103 0.291788
0 0.551469 0.469811 0.0122905 0.0249435 0.285468
0 0.461319 0.826618 0.0171528 0.0258135 0.284005
9 0.581823 0.463038 0.0296623 0.0301471 0.279718
