3 0.540134 0.738214 0.0242963 0.0531955 0.878055
3 0.603142 0.845919 0.0289158 0.0653506 0.873466
8 0.520337 0.908347 0.0505035 0.182516 0.868651
3 0.61416 0.942373 0.0339949 0.0823692 0.868014
3 0.574966 0.685924 0.0226484 0.046361 0.851306
3 0.414419 0.338317 0.0111683 0.0185219 0.789075
3 0.414139 0.363951 0.011157 0.0202878 0.787249
3 0.543821 0.506581 0.0158911 0.0300823 0.776664
3 0.416004 0.304043 0.00995292 0.0191317 0.720715
5 0.473229 0.308652 0.0150934 0.0468538 0.700866
3 0.528284 0.408837 0.0130829 0.0242237 0.666354
3 0.502573 0.258332 0.00878117 0.0140826 0.659082
5 0.472622 0.251518 0.0131017 0.031599 0.632671
3 0.520865 0.367695 0.012072 0.0205913 0.591842
3 0.51575 0.328306 0.0106425 0.0186768 0.573672
9 0.477788 0.458376 0.0069271 0.014078 0.497242
3 0.451698 0.259026 0.00936061 0.0155733 0.490284
3 0.465365 0.17065 0.00876504 0.0118295 0.464603
3 0.488914 0.265143 0.00969317 0.0136766 0.456067
3 0.506772 0.283347 0.0100502 0.018434 0.424365
3 0.489429 0.267141 0.00868208 0.0157243 0.410417
3 0.435629 0.161369 0.0088892 0.0125187 0.405863
3 0.476275 0.160977 0.00999425 0.00928859 0.379505
3 0.495558 0.213637 0.00964212 0.0134591 0.378105
3 0.409332 0.405894 0.0147144 0.0251996 0.363642
3 0.539889 0.191628 0.0119107 0.00989704 0.33855
3 0.436248 0.156956 0.00827297 0.0140668 0.325361
3 0.542051 0.179699 0.018297 0.0109559 0.321864
5 0.466725 0.205783 0.0119084 0.0344351 0.318954
5 0.497741 0.347502 0.0167198 0.0306585 0.316288
5 0.464357 0.145859 0.00909005 0.0118944 0.290895
3 0.580906 0.587706 0.0187105 0.0349276 0.280052
3 0.404203 0.274271 0.0130524 0.013643 0.277942
3 0.461696 0.11929 0.00722351 0.00907195 0.262266
3 0.434366 0.248211 0.00663177 0.0131068 0.256579
