5 0.228091 0.820849 0.126578 0.0880104 0.826452
3 0.242989 0.208749 0.0907064 0.0538226 0.771732
0 0.48199 0.199017 0.0104303 0.036282 0.734058
5 0.220518 0.733921 0.129583 0.099188 0.727554
3 0.228563 0.576899 0.0651788 0.0516579 0.69627
3 0.0158979 0.701685 0.0317957 0.0820116 0.682118
0 0.46703 0.0613593 0.00716923 0.0377789 0.676666
0 0.495418 0.151172 0.00895107 0.0418252 0.641842
5 0.0345289 0.562991 0.0690577 0.0881741 0.628247
3 0.246671 0.103531 0.0773804 0.0451717 0.613448
0 0.48757 0.151709 0.00708439 0.0430822 0.562557
5 0.229317 0.377846 0.101463 0.0667545 0.544448
5 0.233608 0.640114 0.11979 0.0828738 0.531351
5 0.233095 0.317417 0.100259 0.062387 0.493321
6 0.112515 0.172961 0.0731956 0.0530202 0.475557
3 0.0347425 0.638263 0.0694295 0.067758 0.456357
3 0.25716 0.152709 0.0798155 0.06289 0.453782
9 0.479091 0.11136 0.0116049 0.0405784 0.431148
9 0.496799 0.243574 0.0139876 0.0568388 0.427634
9 0.473876 0.131976 0.0105491 0.0321983 0.422952
5 0.228882 0.434392 0.0898011 0.062917 0.417724
3 0.247795 0.0670353 0.0697644 0.0508544 0.40969
6 0.249884 0.0228163 0.0706543 0.0456327 0.394993
7 0.49664 0.259669 0.0176439 0.0897533 0.386287
9 0.486766 0.0725645 0.00902366 0.0367518 0.385964
9 0.590339 0.0383566 0.0207837 0.0305286 0.37795
3 0.249842 0.0230364 0.0695342 0.0460728 0.371669
9 0.509969 0.0555523 0.0109707 0.0422313 0.360805
0 0.503335 0.112448 0.0105507 0.0369958 0.347954
9 0.497063 0.260196 0.0165552 0.0906142 0.331815
6 0.245632 0.0676355 0.0761625 0.0545491 0.330007
7 0.0347226 0.562083 0.0694452 0.0847515 0.329924
6 0.11409 0.122286 0.0808082 0.0623635 0.32745
6 0.243774 0.208456 0.0870176 0.0579826 0.32497
3 0.228453 0.434385 0.0923235 0.062902 0.316869
7 0.107291 0.272005 0.0910272 0.0682127 0.304778
6 0.104474 0.219363 0.0783982 0.0565099 0.300596
9 0.440333 0.215487 0.0249851 0.0336682 0.274567
9 0.445149 0.260039 0.0140802 0.0464204 0.273456
5 0.2445 0.102499 0.0821518 0.0501513 0.272598
9 0.451256 0.163953 0.0221747 0.0346236 0.267827
9 0.51161 0.0481942 0.012274 0.0421615 0.255397
7 0.522713 0.126435 0.0209343 0.0478749 0.252574
7 0.24094 0.484129 0.0763845 0.0601629 0.252281
