6 0.633137 0.45936 0.104882 0.0886897 0.894237
6 0.587136 0.163579 0.0882237 0.0756631 0.658979
6 0.619139 0.288499 0.144627 0.106505 0.63225
3 0.619758 0.289956 0.14167 0.102303 0.596402
6 0.56417 0.115988 0.0854491 0.0924865 0.533945
6 0.605763 0.577825 0.117574 0.073754 0.439279
0 0.236078 0.961712 0.0129958 0.0327155 0.421533
6 0.555093 0.0338157 0.0799429 0.0636675 0.408872
0 0.705526 0.619657 0.0166391 0.0275456 0.402299
0 0.31266 0.59399 0.0147872 0.0216383 0.382659
0 0.343885 0.655133 0.02056 0.0226621 0.361908
0 0.346632 0.660004 0.019104 0.0209172 0.356904
0 0.358132 0.407985 0.0269561 0.0380333 0.307555
5 0.605978 0.577772 0.118864 0.0733308 0.307227
2 0.36252 0.159958 0.0301469 0.0291831 0.298188
9 0.358206 0.40854 0.0275307 0.037688 0.274655
9 0.346615 0.0196116 0.0303717 0.028302 0.268482
9 0.370409 0.235866 0.0257581 0.0249863 0.267887
1 0.318724 0.512891 0.0239964 0.0284391 0.264761
0 0.332258 0.257376 0.0128286 0.0208578 0.257218
