3 0.414868 0.933071 0.0921979 0.132165 0.907983
5 0.648464 0.333603 0.0678947 0.119099 0.888068
3 0.445597 0.582976 0.0584636 0.0681843 0.880008
3 0.542088 0.474484 0.0488068 0.0588287 0.819613
3 0.812366 0.20726 0.0197264 0.0271254 0.741507
5 0.753288 0.247154 0.040308 0.0472124 0.680332
8 0.789101 0.199662 0.0370712 0.0591072 0.641811
0 0.827015 0.884556 0.012384 0.049408 0.622843
3 0.908536 0.146624 0.0162506 0.0185138 0.615881
3 0.857507 0.114493 0.0127141 0.0176341 0.605273
3 0.870488 0.117757 0.0168033 0.0257552 0.574924
3 0.851589 0.15193 0.0167514 0.0199444 0.564095
0 0.815279 0.87815 0.0122288 0.0536123 0.542499
3 0.92765 0.139291 0.0134155 0.0207835 0.520401
0 0.886709 0.618359 0.011583 0.040868 0.492238
0 0.884591 0.622805 0.0121762 0.0434904 0.475711
0 0.872639 0.611322 0.0119236 0.0396172 0.461806
3 0.910138 0.144044 0.014214 0.0228666 0.460535
3 0.946219 0.136556 0.0102528 0.0182914 0.42571
3 0.960626 0.135855 0.0129415 0.0210517 0.42545
3 0.927475 0.148852 0.0137394 0.0181077 0.423764
3 0.956409 0.157343 0.015562 0.0194466 0.416057
3 0.784346 0.240509 0.0231283 0.0253743 0.411517
3 0.942271 0.0937091 0.0127867 0.0159917 0.410092
3 0.913432 0.0799571 0.00891078 0.0153215 0.408194
5 0.885709 0.0940937 0.0170121 0.0316517 0.405138
0 0.851434 0.609377 0.0105419 0.0396731 0.391312
5 0.748989 0.230019 0.0476697 0.0550208 0.322713
0 0.872369 0.618233 0.0117966 0.0435776 0.313875
3 0.948174 0.0747625 0.0105212 0.0173499 0.297271
3 0.936977 0.125517 0.00913164 0.0186161 0.285269
3 0.926299 0.0631963 0.0104077 0.0152931 0.274262
3 0.947569 0.108777 0.00876622 0.0175351 0.260703
3 0.917631 0.139549 0.0136574 0.0239483 0.257763
