3 0.216385 0.569131 0.0625407 0.0701725 0.894793
4 0.061947 0.624325 0.115268 0.0806254 0.863058
4 0.357808 0.873795 0.167839 0.244431 0.861297
3 0.174103 0.482207 0.0667033 0.0477707 0.860264
3 0.267999 0.519151 0.0500158 0.0561642 0.847509
3 0.714943 0.595844 0.100637 0.0677416 0.836917
3 0.0799674 0.880347 0.159659 0.127195 0.833746
3 0.23911 0.470006 0.054221 0.0540361 0.817981
3 0.542294 0.509545 0.0722811 0.0484658 0.814984
3 0.12727 0.447532 0.0547294 0.041525 0.797575
3 0.42982 0.401925 0.0406948 0.0306714 0.797244
3 0.159075 0.402606 0.0327574 0.0309523 0.781734
3 0.437886 0.450417 0.051264 0.0403327 0.756329
3 0.176671 0.423819 0.0396298 0.0350124 0.754923
4 0.0858 0.942871 0.171226 0.113585 0.746383
3 0.103673 0.368202 0.0259249 0.0291745 0.730577
4 0.0638356 0.499291 0.0804846 0.0488409 0.727249
4 0.494188 0.373987 0.0459664 0.0395746 0.71986
3 0.960925 0.718403 0.0777958 0.0699074 0.718485
3 0.393174 0.383691 0.0389394 0.0306115 0.715178
3 0.570662 0.471113 0.0569511 0.0437775 0.711957
3 0.7145 0.43743 0.0434471 0.0336534 0.693832
4 0.627055 0.407296 0.0543196 0.0467596 0.68498
3 0.465662 0.420509 0.0440071 0.0357512 0.679077
3 0.48874 0.401636 0.0461314 0.0358843 0.656352
3 0.588705 0.39611 0.0477473 0.0304394 0.65421
3 0.014872 0.484972 0.0295799 0.0570014 0.653206
3 0.746357 0.44379 0.0525223 0.0437098 0.645261
3 0.314974 0.348194 0.0316435 0.0230507 0.642013
3 0.150529 0.363772 0.0254806 0.0317944 0.63995
3 0.337349 0.359501 0.0336687 0.024865 0.637265
3 0.17697 0.358654 0.0267119 0.0314789 0.625458
3 0.516785 0.468805 0.0586935 0.0436024 0.614957
0 0.360041 0.389698 0.00858603 0.0247615 0.605456
4 0.332684 0.568822 0.103484 0.135973 0.603148
3 0.0992307 0.339658 0.0248695 0.0294378 0.601255
3 0.0600736 0.591177 0.119021 0.0753982 0.593497
3 0.230513 0.306004 0.021075 0.017543 0.583682
3 0.65685 0.416108 0.0410889 0.0319986 0.574074
3 0.0250836 0.364919 0.0500802 0.0296779 0.571245
3 0.503398 0.440178 0.0443372 0.0350084 0.565533
3 0.0745911 0.307518 0.0248626 0.0259454 0.550182
3 0.262385 0.320903 0.0262347 0.0188598 0.548808
0 0.0694782 0.371127 0.00877365 0.0268168 0.538607
3 0.303343 0.325737 0.0327479 0.0209216 0.534473
3 0.784646 0.459949 0.0438689 0.0394515 0.530659
3 0.145465 0.344125 0.0241168 0.0248324 0.530131
3 0.0502739 0.568665 0.100477 0.06576 0.525209
3 0.086145 0.942983 0.17229 0.113309 0.515438
0 0.741396 0.548294 0.0127543 0.0448874 0.502628
3 0.44976 0.384404 0.036169 0.0310707 0.46971
3 0.0144605 0.411951 0.0288272 0.0349762 0.468982
3 0.276828 0.32909 0.0262339 0.0209751 0.468365
3 0.0160303 0.394119 0.0319627 0.0291325 0.457779
3 0.191409 0.291254 0.0233751 0.0154711 0.445705
3 0.0072487 0.437717 0.0144974 0.031823 0.443956
3 0.441378 0.342858 0.0290958 0.0181094 0.441241
3 0.0485797 0.550686 0.0971594 0.0639933 0.435278
3 0.162753 0.292383 0.0183317 0.015011 0.426089
3 0.136904 0.328961 0.0241461 0.0218413 0.425984
3 0.293585 0.336405 0.0275216 0.0216418 0.420324
0 0.815683 0.613963 0.0165191 0.0462121 0.413528
3 0.598146 0.709671 0.126629 0.126546 0.40184
4 0.074244 0.308 0.0240806 0.0254053 0.397156
3 0.300483 0.329515 0.0338482 0.0227904 0.389476
3 0.270944 0.32685 0.0288109 0.0191239 0.389361
4 0.0220108 0.342259 0.0437307 0.0290978 0.383808
3 0.107857 0.308787 0.0175161 0.0232518 0.38249
4 0.177256 0.359223 0.0280471 0.032914 0.38202
3 0.149189 0.28502 0.0133114 0.0144953 0.378961
3 0.945142 0.643529 0.0969965 0.0773913 0.376471
3 0.0391732 0.543966 0.0783464 0.0569052 0.372027
3 0.187841 0.289366 0.0197832 0.0151697 0.365951
3 0.207543 0.294431 0.0253951 0.0192474 0.359712
3 0.570073 0.384672 0.0387006 0.0268159 0.359136
3 0.153936 0.276434 0.0175138 0.0135396 0.356013
4 0.691334 0.421774 0.0438326 0.037042 0.345657
3 0.254087 0.308168 0.0254204 0.0201077 0.344203
3 0.688545 0.422475 0.0447498 0.0382465 0.335102
3 0.0678276 0.27754 0.0162225 0.0183102 0.334372
3 0.247386 0.312647 0.0238755 0.0197091 0.331379
3 0.767766 0.53945 0.0445938 0.0517348 0.330506
3 0.212509 0.296627 0.0208037 0.0196711 0.325843
3 0.128068 0.253306 0.015807 0.0117591 0.321005
3 0.173128 0.277634 0.0170765 0.0135585 0.317231
3 0.285737 0.335232 0.0277649 0.0204203 0.316774
3 0.815183 0.464153 0.0329132 0.0447332 0.313095
3 0.0228422 0.377668 0.0456843 0.0278801 0.302056
3 0.143544 0.267629 0.0181984 0.0153282 0.298382
3 0.216655 0.302325 0.0184588 0.0161196 0.297455
3 0.543391 0.41362 0.0356546 0.0393711 0.294646
3 0.242376 0.310885 0.0228315 0.0171373 0.290589
4 0.487807 0.349087 0.0352888 0.0234806 0.286123
4 0.493706 0.363479 0.0436428 0.0326737 0.281277
3 0.0521618 0.580132 0.103748 0.0646435 0.279402
3 0.353785 0.353069 0.0233247 0.0209984 0.277212
3 0.00672766 0.298289 0.0134553 0.0165001 0.267897
3 0.54499 0.37897 0.039646 0.0252326 0.267651
3 0.0459923 0.287063 0.015437 0.0184938 0.261117
3 0.251932 0.31633 0.0254943 0.0184051 0.260723
3 0.0173172 0.313567 0.0336809 0.0206638 0.258167
3 0.508441 0.435845 0.049061 0.0330638 0.252974
