3 0.421237 0.164155 0.0109924 0.0374329 0.8471
3 0.521592 0.0184475 0.0120857 0.0332218 0.823923
3 0.706095 0.838181 0.0225601 0.021859 0.810456
3 0.306392 0.087056 0.023352 0.0187564 0.810431
3 0.233953 0.527592 0.0247928 0.0243911 0.808515
3 0.604019 0.373028 0.0212883 0.0146405 0.801868
3 0.645225 0.220037 0.0246238 0.0158045 0.794011
3 0.220923 0.342137 0.0119144 0.0302463 0.787001
3 0.301349 0.13475 0.0231083 0.0193933 0.786624
3 0.20492 0.347933 0.014296 0.0290254 0.784159
5 0.156573 0.543488 0.0469392 0.0386986 0.783133
3 0.59806 0.140523 0.0219543 0.0184586 0.779497
3 0.696747 0.902945 0.0208649 0.0215036 0.774595
3 0.326957 0.707654 0.0236574 0.0165642 0.774034
3 0.540868 0.202282 0.0110469 0.0349137 0.769241
3 0.547086 0.346725 0.010827 0.0277246 0.763959
3 0.600113 0.0900487 0.0219189 0.0179452 0.754765
3 0.336538 0.082007 0.0235869 0.0195245 0.753466
3 0.667453 0.830149 0.0214156 0.0212429 0.753014
3 0.645922 0.20246 0.0254575 0.0162995 0.751279
3 0.566462 0.287849 0.0120496 0.0361268 0.75075
3 0.649357 0.353002 0.0228859 0.0156589 0.746245
3 0.566828 0.200355 0.0107068 0.0337795 0.740813
5 0.0432645 0.624231 0.0727144 0.0460235 0.738748
3 0.857728 0.235534 0.0240586 0.0161144 0.737343
3 0.283412 0.314412 0.0129951 0.0310369 0.730471
3 0.8583 0.0862175 0.0268383 0.0173551 0.726908
3 0.270701 0.322262 0.0109254 0.0302055 0.725539
3 0.553801 0.199759 0.0104072 0.0329358 0.725361
3 0.705454 0.80805 0.0200619 0.0214638 0.721434
3 0.663876 0.962442 0.0218453 0.0206034 0.715421
5 0.139164 0.497267 0.0532761 0.0450092 0.712613
3 0.649805 0.302125 0.0244562 0.015727 0.712399
5 0.142794 0.521855 0.0493409 0.0351776 0.711336
3 0.598227 0.122762 0.0217978 0.0199308 0.704683
5 0.0564197 0.684939 0.0655772 0.0512085 0.703
3 0.600955 0.344031 0.021739 0.0147133 0.699943
5 0.176443 0.578416 0.0537816 0.0461457 0.694548
3 0.88202 0.218817 0.024103 0.0177873 0.682822
3 0.222323 0.819658 0.0171111 0.0294269 0.679689
5 0.137505 0.4713 0.0586215 0.0357447 0.679569
3 0.883062 0.0698079 0.0238174 0.0186105 0.672965
3 0.856216 0.154028 0.0249199 0.0156219 0.672955
4 0.456451 0.705142 0.0146732 0.0387301 0.668445
3 0.195373 0.431186 0.0227892 0.0191255 0.66636
3 0.85831 0.104626 0.0239611 0.0168112 0.661115
3 0.859236 0.25267 0.0261557 0.0187126 0.658854
5 0.0254215 0.564865 0.050843 0.040095 0.658123
3 0.857139 0.0688437 0.0282915 0.0161234 0.655965
3 0.712719 0.94571 0.0223085 0.019878 0.65472
3 0.882859 0.169414 0.0223249 0.0171626 0.65101
3 0.858211 0.185163 0.0279019 0.0169287 0.650714
3 0.883451 0.186226 0.0227632 0.0169855 0.64352
5 0.0213095 0.545755 0.0421044 0.0397952 0.642298
3 0.86652 0.285388 0.0390741 0.0184213 0.641239
3 0.881766 0.202714 0.0218384 0.0161375 0.640299
5 0.42054 0.296094 0.0134346 0.0567985 0.639226
3 0.686923 0.871619 0.0208931 0.020516 0.638962
3 0.600342 0.327084 0.0220943 0.0157128 0.634698
3 0.860464 0.269629 0.0296299 0.0184111 0.633932
5 0.17601 0.588484 0.0557212 0.0478716 0.633861
3 0.265062 0.859631 0.0146198 0.0233912 0.633324
3 0.711982 0.940738 0.0219887 0.0169682 0.629668
4 0.302121 0.360931 0.0319031 0.0244602 0.629311
3 0.286513 0.0664161 0.0122842 0.0297127 0.626166
3 0.569985 0.987377 0.0131218 0.0240039 0.624487
3 0.88138 0.25245 0.022862 0.0169742 0.623896
3 0.642498 0.15342 0.0254971 0.0168205 0.61076
5 0.207981 0.499929 0.0496505 0.0394758 0.598593
8 0.386047 0.376043 0.0168207 0.0737143 0.597528
3 0.599428 0.303091 0.0232936 0.0162435 0.595127
3 0.931908 0.222118 0.0272503 0.0187825 0.594468
3 0.675387 0.991201 0.0220844 0.0164689 0.590404
3 0.881625 0.152348 0.0252686 0.018921 0.590402
3 0.643202 0.156224 0.0260492 0.015303 0.585035
3 0.598405 0.168655 0.0234392 0.0166119 0.582202
3 0.677287 0.850702 0.0215441 0.0233977 0.581699
3 0.857203 0.217566 0.0239513 0.0155716 0.580848
3 0.660383 0.946816 0.0190563 0.0181056 0.577016
3 0.194148 0.457503 0.0247096 0.0235741 0.575172
3 0.6621 0.789463 0.0208199 0.0175428 0.571719
3 0.524928 0.482367 0.0124905 0.0410041 0.570964
3 0.598561 0.190708 0.0210707 0.0215093 0.561163
5 0.133615 0.480826 0.0637415 0.0386192 0.556332
5 0.197855 0.480939 0.0543425 0.0354097 0.550586
3 0.812324 0.320307 0.0236951 0.0176515 0.541446
5 0.179311 0.667279 0.0225768 0.0446121 0.540605
9 0.592165 0.836227 0.00697348 0.0175823 0.538388
3 0.161748 0.338639 0.011254 0.0288574 0.533589
3 0.855459 0.321737 0.0243706 0.0162905 0.532107
4 0.107242 0.354411 0.0166403 0.0377638 0.531742
3 0.554411 0.286865 0.0107715 0.0352713 0.527688
3 0.650293 0.895685 0.0219475 0.0205704 0.518633
3 0.861266 0.287044 0.0312381 0.0183523 0.51824
3 0.881867 0.235759 0.02476 0.0160478 0.513668
5 0.174402 0.593593 0.0525642 0.0352877 0.51345
3 0.309061 0.253181 0.0247044 0.017475 0.506621
3 0.649178 0.317845 0.0231882 0.0149022 0.502824
4 0.27228 0.163542 0.0131844 0.0353872 0.501447
3 0.60349 0.360473 0.0216197 0.0131203 0.499011
3 0.877103 0.26858 0.0295322 0.0173533 0.491719
3 0.642077 0.136743 0.0237238 0.0159104 0.488718
3 0.598702 0.187209 0.0207811 0.0165425 0.488235
3 0.232971 0.873577 0.0190775 0.031515 0.486047
3 0.60576 0.388425 0.021876 0.0152185 0.485646
3 0.645998 0.876034 0.0218576 0.0241949 0.482809
4 0.117125 0.350478 0.0140767 0.0382067 0.479929
3 0.883525 0.0874599 0.0241085 0.0171756 0.478205
3 0.654219 0.930454 0.0231784 0.0200589 0.478077
5 0.0471083 0.663459 0.0844917 0.0477252 0.477186
3 0.693412 0.892929 0.0195615 0.018306 0.472161
3 0.599418 0.274794 0.0174019 0.0199032 0.470297
3 0.146135 0.690429 0.0158305 0.0318354 0.47025
3 0.28498 0.159594 0.0110949 0.0319168 0.462279
3 0.875623 0.285434 0.0311897 0.0178812 0.459326
4 0.301141 0.382767 0.0305116 0.0203865 0.459305
5 0.344728 0.4366 0.0129 0.0490346 0.449113
3 0.175605 0.334217 0.0134596 0.0325607 0.442438
5 0.0243143 0.55258 0.0485805 0.0409597 0.439615
3 0.158003 0.683166 0.0191494 0.0320241 0.439125
3 0.250511 0.868468 0.0139874 0.0252034 0.437594
3 0.661925 0.782304 0.021357 0.0172479 0.435544
3 0.194047 0.354474 0.011077 0.0248188 0.434073
3 0.714462 0.950922 0.0234932 0.0210035 0.432749
4 0.0354898 0.375457 0.016856 0.0345547 0.431511
3 0.649183 0.334524 0.0233313 0.0153091 0.431107
3 0.932857 0.250023 0.0259899 0.0167375 0.430718
3 0.883217 0.106132 0.0227482 0.0154082 0.426115
3 0.856689 0.170584 0.0261627 0.0165868 0.421632
4 0.242751 0.335225 0.0179735 0.0404904 0.418253
4 0.307396 0.64714 0.0174456 0.038742 0.403109
3 0.661726 0.94955 0.0213133 0.017255 0.400464
3 0.882213 0.120747 0.0231691 0.0167099 0.392867
4 0.239135 0.336748 0.0167961 0.0378809 0.391209
3 0.594461 0.983171 0.0147882 0.0329335 0.382617
3 0.884127 0.0816796 0.0237646 0.0163715 0.382372
3 0.881177 0.137679 0.0252472 0.0158153 0.381654
3 0.930566 0.193744 0.0265649 0.0125292 0.377835
3 0.679231 0.859743 0.0190553 0.0208687 0.373221
4 0.285022 0.159931 0.0116795 0.0333118 0.371401
3 0.856294 0.208208 0.023624 0.0127498 0.370936
5 0.0472372 0.617095 0.0644815 0.0331195 0.369513
5 0.564378 0.884062 0.02277 0.0432522 0.368842
3 0.644575 0.167361 0.0261721 0.0158683 0.364899
3 0.280175 0.660482 0.0169477 0.040846 0.363923
3 0.649659 0.298488 0.0233271 0.0162573 0.362111
3 0.651784 0.905491 0.0227655 0.0225647 0.353828
3 0.725657 0.795314 0.0198284 0.0222269 0.352298
3 0.811692 0.271202 0.0210924 0.0154612 0.349346
9 0.579343 0.863595 0.00595363 0.0173027 0.344376
3 0.673313 0.981486 0.0225596 0.0191885 0.343319
3 0.669828 0.979526 0.0215938 0.0201216 0.341571
5 0.386054 0.758303 0.016875 0.041848 0.339152
3 0.867576 0.269484 0.0434598 0.0182948 0.335904
5 0.385962 0.376242 0.0176483 0.0743696 0.33206
5 0.0670191 0.363568 0.0187074 0.0402972 0.327194
3 0.641891 0.142197 0.0245579 0.0164194 0.321708
3 0.810562 0.294966 0.0269203 0.0135143 0.320611
5 0.141539 0.467717 0.050895 0.0287907 0.318307
3 0.577077 0.199735 0.0100859 0.0345943 0.317417
5 0.300519 0.384239 0.0308209 0.0211428 0.315792
9 0.543356 0.476668 0.00744568 0.0219792 0.314256
5 0.182888 0.665168 0.0231639 0.0463126 0.304094
3 0.170357 0.33539 0.0133777 0.030914 0.300428
3 0.598354 0.114119 0.0214992 0.0144865 0.292764
9 0.623177 0.852647 0.00896606 0.0160894 0.292071
5 0.0194797 0.668328 0.0385226 0.0381752 0.29189
3 0.857531 0.221519 0.0236013 0.0157004 0.290493
3 0.520124 0.351104 0.011784 0.036313 0.289253
3 0.88443 0.0955444 0.0229354 0.0150533 0.284786
4 0.0925506 0.356195 0.0144432 0.0362672 0.283204
5 0.0572279 0.366705 0.0152426 0.0409928 0.283097
3 0.709385 0.922054 0.0134512 0.0170853 0.275408
3 0.600506 0.279063 0.0193413 0.0127484 0.275372
3 0.298395 0.162389 0.0126086 0.0310929 0.270345
3 0.596497 0.190382 0.019885 0.0259816 0.266575
5 0.0231364 0.674704 0.0443227 0.0344305 0.266534
5 0.141294 0.505583 0.0555171 0.0363055 0.26586
4 0.293516 0.650932 0.0172328 0.0390974 0.257436
3 0.746049 0.772034 0.0170241 0.01896 0.251815
