3 0.499376 0.75283 0.0289003 0.0676319 0.859982
4 0.678086 0.628535 0.0372084 0.0393301 0.813149
4 0.365278 0.831694 0.0405278 0.0813817 0.786225
5 0.607378 0.963459 0.0537285 0.0728462 0.729588
7 0.580974 0.726896 0.0217264 0.0541639 0.721419
0 0.630245 0.766855 0.00922408 0.0370254 0.678385
4 0.389029 0.756106 0.0351392 0.0645328 0.645895
3 0.613854 0.509006 0.0211614 0.0249057 0.568837
3 0.589747 0.503772 0.0160067 0.0242516 0.528034
9 0.609111 0.75876 0.0213046 0.0280673 0.524901
3 0.54235 0.407134 0.00919892 0.0151888 0.516166
3 0.626143 0.471134 0.0271722 0.0190733 0.475435
7 0.379365 0.581578 0.0138048 0.0325484 0.473304
9 0.491277 0.54939 0.00629083 0.021165 0.471439
7 0.653123 0.558465 0.0208193 0.0347817 0.46644
9 0.257886 0.855632 0.0240556 0.0353281 0.431305
6 0.430791 0.71558 0.0353608 0.0317406 0.418673
9 0.336361 0.60279 0.0145203 0.0221666 0.414772
6 0.670646 0.747487 0.0160308 0.0442165 0.379336
9 0.716817 0.728497 0.0218494 0.0263896 0.362754
6 0.440665 0.576246 0.011047 0.0283573 0.34558
7 0.508797 0.591719 0.0169377 0.049708 0.332135
9 0.397151 0.534886 0.0127628 0.016275 0.327284
9 0.701635 0.76403 0.0108251 0.0352905 0.323154
7 0.440179 0.575013 0.0114382 0.0295105 0.28375
3 0.471512 0.385613 0.0143221 0.0159341 0.27985
6 0.395157 0.585868 0.0187216 0.0318481 0.278478
6 0.485254 0.596843 0.0126787 0.027066 0.277385
7 0.634208 0.560571 0.0104574 0.0325389 0.276613
9 0.41258 0.60706 0.00848236 0.0279473 0.276331
9 0.740343 0.769445 0.0180563 0.0249726 0.275829
7 0.511431 0.5391 0.0106068 0.0243738 0.271194
7 0.394737 0.584361 0.0179934 0.0307161 0.270556
3 0.509969 0.372082 0.00745527 0.0131895 0.266979
3 0.623946 0.486796 0.0245956 0.0190752 0.25899
9 0.684851 0.736425 0.0121464 0.0333798 0.253632
