6 0.354353 0.652084 0.0580477 0.062768 0.872597
5 0.518683 0.244888 0.0436446 0.114117 0.82861
9 0.446679 0.564743 0.0200699 0.0718568 0.824611
6 0.476956 0.0272957 0.0219433 0.053512 0.801443
6 0.4027 0.232333 0.0343038 0.0750786 0.782772
6 0.525064 0.758086 0.0612232 0.1046 0.77914
0 0.389665 0.601112 0.0134889 0.0405573 0.770147
6 0.318892 0.799168 0.0825193 0.0768332 0.694941
9 0.385271 0.887285 0.0259436 0.101778 0.611905
6 0.369459 0.229247 0.0207615 0.0762796 0.611642
6 0.506801 0.632876 0.0534958 0.0775986 0.570237
6 0.340336 0.862713 0.0600891 0.0557148 0.565486
0 0.358522 0.208428 0.00905853 0.0435981 0.519589
6 0.392863 0.0391241 0.013625 0.0693624 0.507921
6 0.370768 0.0417368 0.0172609 0.0579504 0.467816
7 0.512714 0.948088 0.03677 0.0997378 0.451553
9 0.376923 0.819634 0.0304769 0.0519596 0.421633
7 0.525603 0.756487 0.0621771 0.107003 0.403299
0 0.351462 0.758006 0.0155812 0.047099 0.331418
0 0.379638 0.185911 0.0156433 0.0559901 0.302845
6 0.362904 0.227171 0.0164511 0.0808148 0.296534
9 0.333822 0.0372264 0.0174274 0.0283769 0.252246
6 0.513033 0.948636 0.0373648 0.0974519 0.250558
