0 0.484645 0.66921 0.00827388 0.03838 0.717745
0 0.465062 0.752064 0.00952092 0.0465686 0.688387
0 0.421718 0.920941 0.0106083 0.048995 0.647029
0 0.451703 0.785196 0.00991573 0.0440511 0.639893
0 0.377045 0.941341 0.0114057 0.0381377 0.630781
0 0.388713 0.889862 0.00999586 0.0487947 0.623446
0 0.532062 0.602237 0.00855752 0.038757 0.611272
0 0.469658 0.329508 0.00693577 0.0376582 0.605805
0 0.503376 0.783732 0.0100623 0.0371211 0.594793
0 0.49735 0.660537 0.00794203 0.038901 0.577182
0 0.517841 0.772514 0.0105764 0.0471309 0.572634
0 0.490735 0.695773 0.00776249 0.0393012 0.564089
0 0.513892 0.627003 0.00984562 0.0368471 0.56036
0 0.492516 0.888338 0.0127722 0.0508419 0.544991
0 0.497862 0.736215 0.00878906 0.0372307 0.542279
0 0.502262 0.978075 0.0122764 0.0403942 0.538444
0 0.502614 0.028367 0.00748692 0.0359044 0.526037
0 0.677653 0.779119 0.0125166 0.0444516 0.509667
0 0.356438 0.918429 0.00946599 0.0355657 0.500946
0 0.501531 0.114239 0.00945971 0.0337492 0.494769
0 0.495527 0.302877 0.00598611 0.0328855 0.486936
0 0.491099 0.0666558 0.00726205 0.0351793 0.482624
0 0.477626 0.32946 0.00741961 0.0337859 0.478634
0 0.478086 0.305811 0.00720093 0.0369362 0.467979
0 0.48357 0.422532 0.00844905 0.0352085 0.467145
0 0.386983 0.891172 0.011469 0.0454254 0.465516
0 0.479824 0.300448 0.00821189 0.0324833 0.458342
0 0.494561 0.890343 0.0110024 0.0499695 0.450053
0 0.511678 0.0243204 0.00796182 0.0369899 0.447395
0 0.462193 0.391992 0.00734501 0.0383108 0.446099
0 0.492779 0.0410039 0.00776938 0.0365552 0.44508
0 0.642918 0.979074 0.0143736 0.0371031 0.444322
0 0.47078 0.397168 0.00760363 0.0369709 0.443357
0 0.493992 0.417025 0.00787279 0.0328718 0.443263
0 0.44041 0.785404 0.00927992 0.0401312 0.440918
0 0.363746 0.936423 0.010209 0.0365073 0.439743
0 0.4815 0.0603032 0.00710506 0.0358505 0.436397
0 0.511895 0.123268 0.00729828 0.0387459 0.424948
0 0.582821 0.6789 0.00904789 0.0365894 0.422953
0 0.503601 0.637787 0.0068869 0.0351631 0.417748
0 0.509741 0.0557426 0.00719391 0.0366359 0.414779
0 0.398311 0.896254 0.00951159 0.0424769 0.406898
0 0.494157 0.299848 0.00712311 0.0330605 0.402816
0 0.688808 0.801266 0.0108831 0.0418003 0.397429
0 0.505152 0.630166 0.00777627 0.0361641 0.392676
0 0.521293 0.018662 0.00627193 0.0343785 0.388816
0 0.667893 0.751305 0.00981925 0.0360552 0.369896
0 0.459081 0.300236 0.00743801 0.03714 0.369073
0 0.490487 0.0898013 0.0079361 0.0361102 0.368974
0 0.827796 0.978119 0.0144028 0.0381691 0.368105
0 0.522274 0.0157197 0.00719317 0.0314394 0.347278
0 0.33607 0.890538 0.0103716 0.0375805 0.345582
0 0.493823 0.263101 0.00856554 0.0356173 0.341487
0 0.427612 0.925376 0.0123851 0.0512299 0.334127
0 0.581845 0.689121 0.00932077 0.0394377 0.328177
0 0.502684 0.304881 0.00744354 0.0297534 0.322378
0 0.464198 0.756981 0.00992423 0.0514266 0.321089
0 0.360262 0.92568 0.00972386 0.049206 0.31952
0 0.54815 0.612782 0.00888232 0.0370267 0.318735
0 0.400779 0.901021 0.0109579 0.0366551 0.314589
0 0.503031 0.042347 0.00705889 0.035325 0.313108
0 0.490385 0.0784712 0.00684043 0.0312039 0.303273
0 0.565173 0.835758 0.012194 0.0439266 0.292036
0 0.461505 0.380636 0.0105114 0.0447675 0.28521
0 0.509994 0.123518 0.0079112 0.038565 0.278971
0 0.513537 0.120237 0.0105378 0.0308681 0.27762
0 0.502335 0.297532 0.00822632 0.0333268 0.276507
0 0.49173 0.0398704 0.00847665 0.032167 0.271172
0 0.522486 0.136767 0.00760415 0.0321854 0.270786
0 0.472477 0.0193839 0.0097542 0.0347784 0.270219
0 0.72005 0.772676 0.0101453 0.046126 0.269466
0 0.58084 0.698934 0.00851728 0.0377911 0.258764
0 0.582128 0.783016 0.0133009 0.0388161 0.254555
