9 0.509317 0.75948 0.0117771 0.0601391 0.613752
0 0.508602 0.0743382 0.00990906 0.0319709 0.594604
0 0.469871 0.053101 0.0097617 0.0326732 0.514538
9 0.437161 0.340065 0.0287452 0.0270819 0.487317
0 0.567212 0.941414 0.0106287 0.0281658 0.474344
9 0.438966 0.294678 0.0277819 0.029019 0.45112
0 0.558526 0.814733 0.012199 0.0188723 0.427112
9 0.49157 0.74153 0.0116865 0.0397641 0.425964
0 0.597985 0.568667 0.0130695 0.0175669 0.42358
0 0.489187 0.463151 0.0119928 0.0260701 0.41704
9 0.48397 0.0427301 0.0126504 0.049953 0.40641
0 0.483457 0.0413568 0.0124041 0.0494349 0.394969
9 0.439899 0.300352 0.0295891 0.0250615 0.394054
9 0.807305 0.495565 0.0333505 0.0241402 0.378228
9 0.502212 0.860581 0.0184648 0.0265555 0.368149
0 0.479045 0.557562 0.00983974 0.0179269 0.358172
0 0.515804 0.194951 0.0104099 0.0333664 0.347881
9 0.429135 0.354234 0.0248411 0.0208987 0.342866
0 0.487066 0.465088 0.0125456 0.0256515 0.333559
0 0.527968 0.553508 0.0103394 0.0157549 0.317053
0 0.818286 0.493189 0.012705 0.0246113 0.310387
0 0.51873 0.497412 0.00968676 0.0188948 0.297925
9 0.565692 0.721251 0.0198295 0.025536 0.276853
0 0.51808 0.55527 0.0104567 0.0167976 0.275953
0 0.776385 0.454263 0.0122957 0.022935 0.257427
