3 0.495113 0.523897 0.0225496 0.0687051 0.852637
3 0.442007 0.166043 0.0172123 0.0452338 0.848036
3 0.508877 0.73671 0.0262707 0.0782664 0.843866
3 0.524031 0.303251 0.0431654 0.0258857 0.770592
3 0.310756 0.982378 0.0286548 0.0343498 0.753474
3 0.990968 0.266911 0.0180641 0.0568793 0.741447
3 0.422094 0.776692 0.0571973 0.0319187 0.731913
4 0.414617 0.979057 0.0414713 0.0418862 0.671033
3 0.444181 0.249051 0.0150373 0.0487431 0.655674
3 0.51327 0.482469 0.0209881 0.0425509 0.584394
4 0.520989 0.986557 0.0286334 0.0268864 0.574738
3 0.521347 0.987039 0.0293245 0.0259223 0.419938
3 0.0763674 0.994104 0.032893 0.0115225 0.337542
3 0.553388 0.979979 0.0234539 0.0400425 0.329476
