0 0.55231 0.112213 0.00792895 0.024597 0.590007
0 0.553608 0.936251 0.00791683 0.0197973 0.540529
0 0.522421 0.217817 0.00734327 0.0173737 0.490754
0 0.540549 0.578123 0.00701542 0.0157862 0.483885
0 0.518918 0.0912544 0.00584603 0.0197466 0.469333
0 0.53044 0.178976 0.00676021 0.0302237 0.439713
0 0.543218 0.933388 0.00656987 0.0192605 0.428059
0 0.539513 0.576426 0.00506308 0.020361 0.372548
0 0.515438 0.750595 0.00711478 0.0134638 0.371527
0 0.54717 0.16436 0.0068951 0.0243469 0.364083
0 0.396291 0.46335 0.0082159 0.0129502 0.36119
0 0.484853 0.858106 0.0074343 0.0181831 0.352774
0 0.460577 0.883846 0.00873269 0.0149285 0.32066
0 0.54256 0.749038 0.00730874 0.0196023 0.320201
9 0.526145 0.860515 0.0107302 0.0414433 0.29537
9 0.586304 0.552503 0.0197908 0.0154758 0.290245
0 0.485705 0.854635 0.00893956 0.0217039 0.290234
0 0.540521 0.747911 0.00644169 0.0208736 0.281599
0 0.50333 0.463105 0.00606384 0.0138821 0.27171
5 0.114288 0.281798 0.0597584 0.041442 0.26888
0 0.530525 0.286575 0.00602216 0.0271104 0.267134
0 0.551954 0.075701 0.00864532 0.0228644 0.256892
