0 0.261265 0.517451 0.00996399 0.0369567 0.657977
0 0.330954 0.444331 0.012429 0.030765 0.585275
0 0.363558 0.214129 0.00834259 0.0316328 0.574172
0 0.259638 0.513065 0.0110859 0.0312679 0.509955
0 0.188692 0.88485 0.0138026 0.0461424 0.40656
0 0.233108 0.668646 0.0110832 0.0350014 0.402023
0 0.317056 0.190053 0.00866231 0.0323516 0.346318
0 0.305171 0.197781 0.00840631 0.0344531 0.321488
2 0.215649 0.769471 0.0118602 0.039095 0.319938
0 0.263584 0.517565 0.0109814 0.0354011 0.288625
0 0.314099 0.186064 0.0103159 0.0301813 0.277519
