3 0.223195 0.952687 0.14738 0.0934636 0.886103
3 0.232306 0.844976 0.133759 0.086218 0.88361
3 0.293145 0.66105 0.092702 0.0626511 0.882195
3 0.322028 0.548062 0.0830486 0.0498216 0.879431
3 0.563885 0.477739 0.039819 0.0749911 0.864841
3 0.336625 0.492663 0.0761752 0.0502033 0.85499
3 0.252104 0.762188 0.102419 0.0673018 0.811895
3 0.356771 0.414539 0.0615221 0.0371053 0.805098
3 0.369557 0.379671 0.0588174 0.0385952 0.757723
3 0.349426 0.447687 0.0629647 0.0420828 0.755112
3 0.37935 0.351528 0.0499694 0.0325237 0.75199
3 0.386921 0.309479 0.0515142 0.0285853 0.622162
5 0.494681 0.0851868 0.020924 0.0350343 0.593658
3 0.539479 0.202207 0.0258433 0.0285425 0.556702
3 0.383198 0.239987 0.0450439 0.0259728 0.555571
3 0.533591 0.171543 0.019483 0.0361664 0.515451
0 0.401869 0.61239 0.0113603 0.0437762 0.507983
3 0.379905 0.243656 0.0445341 0.0291215 0.450184
3 0.383657 0.329975 0.0460018 0.0277403 0.387522
5 0.49423 0.12736 0.0208765 0.042437 0.358359
2 0.563927 0.322557 0.0250996 0.0186077 0.35497
3 0.391071 0.216439 0.0459827 0.026731 0.327476
9 0.569842 0.379754 0.0240918 0.0233096 0.319266
3 0.494554 0.125833 0.0209765 0.0440025 0.316428
3 0.381332 0.279679 0.0518772 0.0290203 0.311257
3 0.454682 0.0372655 0.0158131 0.0144945 0.307453
3 0.375665 0.248238 0.0434165 0.025237 0.29834
3 0.458818 0.0132217 0.015948 0.0137543 0.286179
3 0.432037 0.17787 0.0207499 0.0283653 0.27414
3 0.402367 0.194943 0.0324537 0.0229395 0.267093
