3 0.373516 0.932638 0.12406 0.10305 0.927347
3 0.419821 0.718372 0.0867245 0.0582513 0.901935
3 0.952461 0.697381 0.0917641 0.0488397 0.87904
3 0.314793 0.748645 0.0946245 0.0683301 0.867574
3 0.5187 0.67793 0.0768791 0.0525492 0.849461
3 0.20082 0.744526 0.107974 0.0626633 0.833412
4 0.369517 0.691569 0.0697321 0.0602715 0.803245
3 0.223346 0.979182 0.118874 0.0416349 0.783046
0 0.750997 0.979719 0.0198432 0.0386762 0.733904
0 0.368669 0.627551 0.00886324 0.0324969 0.718104
2 0.655922 0.867303 0.0266428 0.0466955 0.716779
2 0.707197 0.821447 0.0123924 0.0438958 0.69599
6 0.404536 0.783378 0.0602879 0.0488833 0.685557
0 0.794447 0.590623 0.0106524 0.027769 0.678413
0 0.847556 0.570184 0.00980678 0.0294726 0.665531
2 0.73843 0.845978 0.0182433 0.0403005 0.643101
0 0.960737 0.556043 0.0103951 0.0260058 0.642897
0 0.944666 0.554892 0.0102908 0.0245138 0.637252
2 0.755844 0.833943 0.030415 0.0358144 0.634426
2 0.51443 0.715938 0.0254511 0.0255305 0.633618
3 0.134407 0.80556 0.110387 0.092073 0.547513
0 0.969018 0.602002 0.011589 0.0288523 0.524129
0 0.70114 0.991508 0.0197123 0.0169844 0.491494
3 0.705934 0.456055 0.0312551 0.0190149 0.468026
2 0.750855 0.826019 0.0319876 0.0411299 0.462741
2 0.673201 0.844503 0.027261 0.0345327 0.42811
0 0.947024 0.798381 0.020746 0.0432625 0.423389
9 0.746925 0.570189 0.0127419 0.0215116 0.41949
3 0.669428 0.524661 0.0321888 0.0267808 0.416275
4 0.134539 0.805309 0.109945 0.0922803 0.414167
2 0.730096 0.826662 0.0220677 0.0359726 0.408878
0 0.962858 0.555847 0.0117909 0.0250326 0.406439
0 0.934913 0.721902 0.0147965 0.0366803 0.404189
0 0.946118 0.837039 0.0217419 0.0460861 0.391444
0 0.753334 0.511106 0.00793108 0.02212 0.388582
1 0.677611 0.835095 0.0163209 0.0411454 0.381705
0 0.937994 0.721046 0.0145272 0.0359241 0.380146
3 0.712121 0.476371 0.0318079 0.0234695 0.373478
2 0.565787 0.593648 0.0207683 0.0212093 0.373368
1 0.745063 0.566409 0.0117409 0.0223429 0.372515
2 0.731237 0.809532 0.0309705 0.0338303 0.372254
2 0.25524 0.932435 0.0369956 0.046239 0.367654
2 0.512341 0.708802 0.0201439 0.0322327 0.358286
0 0.914738 0.587823 0.0106995 0.0252551 0.320058
9 0.16563 0.703082 0.0201872 0.0381891 0.318123
0 0.990779 0.609973 0.0107029 0.0278567 0.317084
3 0.985542 0.465753 0.0281452 0.0236711 0.314756
2 0.742814 0.818534 0.0201529 0.0369217 0.309873
2 0.251542 0.938746 0.0461454 0.0477743 0.291604
9 0.683063 0.560189 0.0173247 0.02133 0.285667
3 0.714241 0.470098 0.0347016 0.0254987 0.277383
0 0.988431 0.544399 0.0120284 0.0242895 0.274007
0 0.989527 0.613743 0.0097229 0.0284483 0.273783
1 0.251838 0.922327 0.0181112 0.040764 0.272538
0 0.764911 0.518386 0.00827384 0.019399 0.258361
1 0.512336 0.708722 0.0195203 0.0354802 0.256945
3 0.664751 0.522476 0.0333117 0.0294555 0.254677
0 0.925595 0.561807 0.0113245 0.0241244 0.25282
0 0.978508 0.625354 0.0144883 0.0367472 0.252623
