3 0.909989 0.882146 0.136778 0.128062 0.922621
3 0.735935 0.618809 0.0978739 0.0822388 0.900152
3 0.515832 0.451973 0.0585752 0.0757852 0.88341
3 0.66781 0.442512 0.0665311 0.0669532 0.877763
4 0.330758 0.731496 0.0584324 0.193278 0.870742
5 0.289689 0.0876902 0.0300363 0.0933583 0.788533
3 0.947532 0.960307 0.104784 0.0771685 0.750819
4 0.61127 0.369188 0.0438204 0.0659115 0.70901
0 0.769902 0.565756 0.0123587 0.0493357 0.691058
6 0.184493 0.598445 0.0340352 0.0920917 0.541627
4 0.584042 0.382691 0.0433653 0.0683678 0.535941
3 0.584165 0.383511 0.0428636 0.0662873 0.482429
9 0.232609 0.478125 0.0303106 0.0368703 0.478909
1 0.150436 0.666978 0.0219094 0.0348527 0.448936
3 0.521329 0.103709 0.0205099 0.0331619 0.44857
7 0.184404 0.598011 0.0344208 0.0914951 0.443723
7 0.558068 0.109317 0.0247636 0.0287924 0.403952
6 0.432717 0.226767 0.0337124 0.0361172 0.379537
0 0.128548 0.253394 0.00957432 0.0327139 0.368111
9 0.720277 0.178262 0.0158221 0.0213389 0.365753
3 0.610719 0.368576 0.0432783 0.0636885 0.336623
6 0.235839 0.433796 0.0382038 0.0370453 0.312462
9 0.117934 0.335304 0.018076 0.0379427 0.307486
1 0.372846 0.100541 0.00830527 0.0233507 0.276183
1 0.121386 0.289248 0.0147025 0.0323134 0.274557
9 0.237647 0.434142 0.0345841 0.0379408 0.27185
6 0.217222 0.457978 0.0337889 0.0418697 0.262982
