3 0.670913 0.931929 0.0501709 0.0986601 0.893143
3 0.724206 0.923744 0.0486967 0.0896754 0.87133
3 0.634011 0.688704 0.0335602 0.0572593 0.865056
3 0.669628 0.765121 0.0405281 0.0681509 0.862514
8 0.594067 0.666951 0.0756449 0.178982 0.861555
3 0.597257 0.576979 0.0283898 0.0452029 0.842083
3 0.3947 0.492976 0.01921 0.0343718 0.83929
3 0.671951 0.847324 0.0307892 0.0737333 0.838074
3 0.566635 0.49089 0.0246007 0.0395931 0.833409
3 0.614643 0.630105 0.030275 0.0519196 0.833081
3 0.580447 0.528867 0.0276366 0.0397013 0.821675
3 0.213384 0.507943 0.0404084 0.025851 0.818683
3 0.550068 0.533358 0.0231138 0.0388303 0.804125
3 0.417599 0.57667 0.0209924 0.0396048 0.803893
3 0.394849 0.443826 0.0164442 0.0281462 0.784537
3 0.0731476 0.484869 0.0463422 0.0246785 0.768575
3 0.156543 0.605682 0.0553303 0.0342894 0.762824
3 0.393505 0.379538 0.0144677 0.0251391 0.760955
3 0.162882 0.510326 0.0441972 0.0265396 0.75897
3 0.0945743 0.605898 0.0626066 0.0326177 0.749256
3 0.0582715 0.530942 0.0420244 0.0278538 0.7456
3 0.537138 0.416348 0.021935 0.0342142 0.744613
3 0.506248 0.47138 0.0203829 0.036967 0.721703
3 0.312473 0.545693 0.0541287 0.0304859 0.721566
3 0.0359255 0.733127 0.0688432 0.0442912 0.70072
3 0.0212303 0.56537 0.042074 0.0306712 0.698643
3 0.0541485 0.701161 0.0674766 0.0393717 0.692147
3 0.320806 0.47758 0.0388835 0.0221302 0.665578
4 0.0271794 0.54138 0.0540838 0.0355353 0.652153
3 0.111864 0.438426 0.0399566 0.0231567 0.648831
3 0.144879 0.390552 0.0332415 0.0185109 0.648815
3 0.450814 0.49771 0.0172716 0.0340047 0.646995
3 0.0145053 0.585404 0.0289147 0.0340663 0.643681
3 0.584508 0.808367 0.0416076 0.0948377 0.643487
3 0.320778 0.494814 0.0416738 0.0232646 0.643095
3 0.275311 0.34198 0.0260411 0.0150768 0.642316
3 0.0678122 0.668616 0.0688811 0.0389623 0.635426
3 0.198421 0.422498 0.0400904 0.0194334 0.631698
3 0.541493 0.289479 0.0143646 0.0137299 0.618127
3 0.123365 0.419575 0.036499 0.0210291 0.61567
3 0.46417 0.238268 0.0104197 0.0144496 0.611745
3 0.392587 0.344148 0.0131133 0.0198624 0.606469
3 0.283069 0.310609 0.0265135 0.0142795 0.594613
0 0.241935 0.529547 0.00672555 0.020058 0.590761
3 0.216634 0.487777 0.0431405 0.0256169 0.57262
3 0.393378 0.361612 0.0134264 0.0200965 0.558128
3 0.241889 0.341049 0.0263099 0.0157967 0.556937
3 0.174392 0.489268 0.0392728 0.0224971 0.554868
3 0.0876818 0.627807 0.0565068 0.033728 0.554312
3 0.0167283 0.826044 0.0334565 0.046213 0.550658
3 0.08049 0.643493 0.056526 0.0321987 0.545961
3 0.393403 0.298064 0.00987632 0.0161788 0.544988
3 0.137027 0.404237 0.034861 0.0203612 0.52622
3 0.218757 0.388598 0.0319102 0.0172635 0.518849
3 0.311036 0.448264 0.0334812 0.0205745 0.517017
3 0.250045 0.404899 0.0339831 0.0194103 0.504706
3 0.191329 0.44364 0.0365305 0.0198045 0.504321
3 0.22498 0.462951 0.042407 0.0233226 0.504006
3 0.281046 0.315159 0.0286385 0.0164724 0.503109
3 0.303202 0.260479 0.0227296 0.0134193 0.499363
3 0.258153 0.385817 0.0289207 0.0169979 0.49744
3 0.0734729 0.661784 0.0619367 0.0408239 0.490675
3 0.29016 0.295544 0.0265741 0.0137604 0.484319
3 0.392849 0.303708 0.00999089 0.0160908 0.482951
3 0.393997 0.269644 0.00916534 0.0153851 0.480367
3 0.294894 0.277332 0.0226929 0.0145444 0.476097
3 0.211556 0.40448 0.0312782 0.0187218 0.471999
3 0.292706 0.281414 0.0247045 0.0151565 0.470613
3 0.226287 0.368608 0.02512 0.0151136 0.468979
3 0.336723 0.351257 0.0231721 0.0155495 0.467308
3 0.27067 0.352789 0.0261989 0.0148931 0.465382
3 0.231396 0.443067 0.0406176 0.0202736 0.463151
3 0.229385 0.448622 0.0387552 0.0214085 0.461002
3 0.264977 0.365119 0.0264171 0.0165236 0.460614
3 0.392242 0.321811 0.0106021 0.0158476 0.455457
3 0.189297 0.447988 0.037443 0.0209844 0.445714
3 0.227644 0.468104 0.0410511 0.0221351 0.444689
3 0.257248 0.388568 0.0307153 0.0166475 0.443134
3 0.175393 0.484785 0.037599 0.023083 0.43786
3 0.176866 0.479498 0.0366407 0.0207592 0.432632
3 0.260534 0.374972 0.0298852 0.0169158 0.431523
3 0.223139 0.370878 0.0280271 0.0168599 0.428616
3 0.46416 0.207664 0.00971719 0.0116971 0.422738
3 0.241771 0.427161 0.0342751 0.0190454 0.422283
4 0.0262742 0.770229 0.0525254 0.0408346 0.421456
3 0.0840691 0.637518 0.057629 0.0357333 0.419773
3 0.217375 0.392706 0.0326251 0.0181684 0.417701
3 0.267231 0.353899 0.0285755 0.0135643 0.417293
3 0.319086 0.427124 0.0261716 0.0192894 0.416252
3 0.319277 0.490711 0.0429214 0.0239175 0.411279
3 0.232967 0.438787 0.0364944 0.0206187 0.396915
3 0.217674 0.482683 0.0425458 0.0243091 0.395281
3 0.437369 0.18637 0.00745523 0.00994 0.394521
3 0.243178 0.420274 0.0320491 0.0202099 0.392542
3 0.316472 0.467157 0.0375814 0.0237232 0.387883
3 0.34797 0.264359 0.0111449 0.013391 0.381808
3 0.279086 0.317771 0.0282953 0.0147775 0.381807
3 0.25495 0.392154 0.0324775 0.0161985 0.377362
3 0.0781378 0.649646 0.060451 0.0338562 0.376705
3 0.222141 0.376698 0.0294538 0.0164558 0.369364
3 0.208264 0.408756 0.0316932 0.0169962 0.366242
3 0.235018 0.355868 0.0309628 0.0156455 0.366153
3 0.306265 0.250164 0.0203989 0.0130725 0.365905
3 0.0249789 0.769771 0.0499578 0.0432402 0.365573
3 0.186536 0.458049 0.0355159 0.0206994 0.357393
3 0.243337 0.423651 0.0332282 0.0196159 0.354595
3 0.328182 0.403829 0.0303881 0.0195887 0.353817
3 0.30822 0.241197 0.0216781 0.0121395 0.35194
3 0.159442 0.363485 0.0328593 0.0182878 0.351773
3 0.227625 0.364953 0.0317286 0.0164907 0.35136
3 0.392397 0.317761 0.0103331 0.0167182 0.349181
3 0.254046 0.397579 0.0328614 0.017782 0.345624
3 0.357958 0.192875 0.0150802 0.0107735 0.333577
3 0.472131 0.165731 0.00806335 0.0099686 0.328636
3 0.230693 0.361832 0.0343298 0.016106 0.326926
3 0.311208 0.454706 0.0339806 0.0200074 0.325443
3 0.352848 0.230836 0.0108342 0.011906 0.324172
3 0.310475 0.235397 0.0198983 0.0131591 0.324103
3 0.228033 0.455042 0.0406611 0.0201329 0.321943
3 0.34036 0.317478 0.0194112 0.013287 0.320244
3 0.0638919 0.67581 0.0603812 0.0351313 0.317943
3 0.330891 0.330388 0.0273679 0.0155863 0.317394
3 0.283624 0.303482 0.0266956 0.0149513 0.317349
3 0.314714 0.43193 0.0290198 0.0196312 0.315321
3 0.326958 0.40679 0.030597 0.0195363 0.314733
3 0.426659 0.187823 0.00926627 0.00942881 0.313406
3 0.0585475 0.695824 0.060015 0.0369886 0.304259
3 0.469409 0.14548 0.00796016 0.0089571 0.299854
3 0.314811 0.228103 0.0165167 0.0103482 0.295823
3 0.297875 0.270821 0.0218683 0.0109458 0.294596
3 0.127525 0.414104 0.0384231 0.0180228 0.293561
3 0.1848 0.461848 0.0370508 0.0209919 0.288118
3 0.310933 0.232083 0.0190352 0.0141874 0.286798
3 0.238284 0.349007 0.0283249 0.0135864 0.286226
3 0.326013 0.385666 0.0272492 0.0178343 0.279459
3 0.249008 0.411648 0.0325793 0.0185332 0.277943
3 0.321342 0.422286 0.0253826 0.0183361 0.27567
3 0.327474 0.392441 0.0292095 0.017483 0.273183
3 0.401376 0.191252 0.0100046 0.0107073 0.272746
3 0.163487 0.347487 0.0319785 0.0180697 0.266036
3 0.336859 0.348401 0.0229943 0.0168308 0.265435
3 0.347184 0.268558 0.0114448 0.0140854 0.26397
3 0.0233751 0.796907 0.0465699 0.0342397 0.259551
