5 0.194546 0.852029 0.0870431 0.167002 0.90554
3 0.66945 0.557835 0.0225776 0.0455483 0.870984
3 0.779836 0.673886 0.0620312 0.0534407 0.85849
3 0.979218 0.558966 0.0356909 0.0434797 0.847745
3 0.290988 0.595935 0.0490903 0.0396359 0.845219
3 0.171128 0.559916 0.0448732 0.0353591 0.844919
3 0.648508 0.864847 0.0350154 0.109683 0.833736
3 0.0293397 0.530771 0.038683 0.0333063 0.819164
3 0.948181 0.463531 0.0338241 0.0360261 0.809089
3 0.719947 0.466105 0.0185856 0.033992 0.807347
3 0.67153 0.519741 0.0209151 0.0370721 0.782254
3 0.193805 0.688425 0.0582189 0.0521399 0.753206
3 0.590206 0.78146 0.0579106 0.0671784 0.720895
5 0.38951 0.537541 0.0506833 0.0867873 0.677068
3 0.0373645 0.837475 0.0520062 0.10052 0.665287
3 0.9897 0.454612 0.0206006 0.0405236 0.625427
6 0.472574 0.808684 0.0339726 0.0655835 0.620841
3 0.680354 0.373493 0.0134762 0.023627 0.593659
5 0.609025 0.322049 0.0269107 0.0668712 0.580633
5 0.606222 0.164391 0.0147764 0.0279163 0.57077
3 0.572275 0.821316 0.0545268 0.070552 0.551692
4 0.0370874 0.836857 0.0508886 0.0988717 0.515065
3 0.681423 0.399869 0.0155131 0.0287818 0.501609
5 0.588029 0.392723 0.0446574 0.108641 0.485713
3 0.674223 0.477319 0.0177994 0.0371531 0.484394
5 0.622146 0.136919 0.0118262 0.0220871 0.477138
3 0.99247 0.557781 0.01287 0.041828 0.455846
6 0.723526 0.406178 0.00967082 0.0213842 0.42471
0 0.817583 0.685402 0.00988999 0.0484049 0.41783
5 0.639039 0.106968 0.0102982 0.0191555 0.388427
3 0.704445 0.155904 0.00659715 0.012425 0.373099
3 0.460612 0.306833 0.0136402 0.0214995 0.366561
4 0.677905 0.423068 0.0153643 0.0366412 0.3621
5 0.691408 0.178354 0.00936641 0.0195909 0.352481
5 0.674031 0.476778 0.0186982 0.0383848 0.347866
9 0.75921 0.49116 0.0116964 0.015628 0.338614
3 0.641774 0.159552 0.00669972 0.0129918 0.334809
9 0.743232 0.480747 0.00979461 0.0172431 0.33077
3 0.424273 0.312318 0.0165945 0.0195685 0.32195
9 0.516206 0.332759 0.00791492 0.0160411 0.316011
3 0.679061 0.369959 0.0130917 0.0250979 0.303886
3 0.732562 0.358697 0.0133862 0.0272791 0.288747
3 0.67938 0.354589 0.0136195 0.0204807 0.270866
