4 0.476507 0.86085 0.0283541 0.0324782 0.677159
0 0.658944 0.44446 0.00879085 0.0255825 0.487747
3 0.579146 0.474698 0.0179367 0.0308937 0.458179
3 0.576039 0.477037 0.019141 0.0323246 0.440536
0 0.156402 0.942047 0.00792661 0.0188277 0.430348
3 0.521434 0.636139 0.0226222 0.0266131 0.423676
0 0.710041 0.270504 0.00766523 0.0250917 0.39401
9 0.509049 0.88052 0.00843698 0.0262065 0.38583
0 0.717017 0.26419 0.00883436 0.0273725 0.374019
4 0.485811 0.744701 0.0203209 0.0331628 0.348685
0 0.583243 0.658248 0.00886915 0.0179571 0.329367
9 0.657814 0.372677 0.0153664 0.0428951 0.32436
3 0.478549 0.822726 0.024897 0.0244836 0.318997
3 0.484105 0.744381 0.0238072 0.0332233 0.307052
0 0.990803 0.013724 0.0173752 0.027448 0.303499
9 0.767167 0.0826524 0.0138163 0.0308662 0.298726
3 0.476452 0.927173 0.0313908 0.021747 0.297833
3 0.523103 0.616113 0.0210983 0.0297478 0.291272
0 0.667056 0.428085 0.00976637 0.0257317 0.290698
3 0.573596 0.491233 0.0178406 0.0242369 0.274779
0 0.331298 0.79707 0.00808487 0.017558 0.259954
9 0.560534 0.521871 0.0199259 0.0253499 0.250448
