4 0.781285 0.41839 0.0466353 0.115908 0.876218
5 0.264514 0.380778 0.0413069 0.0953029 0.853249
6 0.426022 0.560343 0.032688 0.0837723 0.833517
3 0.562934 0.24119 0.0252079 0.0486112 0.819815
5 0.457057 0.357286 0.0398548 0.0792769 0.804804
3 0.755571 0.124161 0.0435522 0.0300103 0.76459
1 0.590879 0.457267 0.0134319 0.0433876 0.709983
1 0.556132 0.363486 0.0104661 0.0302246 0.705
3 0.528783 0.0779849 0.0190893 0.0317117 0.686971
1 0.44229 0.670075 0.0181334 0.0597166 0.652235
1 0.583989 0.378554 0.0101046 0.0371724 0.637416
9 0.442456 0.688451 0.0180554 0.0714342 0.615883
3 0.684962 0.128952 0.0458837 0.0325014 0.610803
9 0.589628 0.468659 0.0125673 0.0463478 0.54803
6 0.608268 0.199134 0.0168429 0.0367387 0.53513
9 0.583642 0.393368 0.0115425 0.035243 0.521347
5 0.538731 0.162725 0.0243865 0.0670454 0.506881
9 0.555391 0.376585 0.0110307 0.0410892 0.452675
6 0.63128 0.377227 0.0401591 0.047422 0.445014
3 0.684323 0.134944 0.0474441 0.0360147 0.430006
7 0.631236 0.374945 0.0401908 0.0490151 0.423992
6 0.582364 0.162541 0.0127591 0.0296883 0.423376
6 0.842343 0.215608 0.0334476 0.0332697 0.395278
9 0.671516 0.217517 0.0117012 0.0250648 0.367481
6 0.799201 0.119973 0.0253353 0.0233037 0.339973
9 0.304084 0.266018 0.0136188 0.0264099 0.318214
0 0.316151 0.250887 0.00948953 0.0352454 0.314547
0 0.327672 0.253788 0.00869741 0.0320696 0.303483
1 0.573148 0.141142 0.00879696 0.0244895 0.272369
9 0.751685 0.0811754 0.0122109 0.0180229 0.266263
9 0.689631 0.215851 0.0213673 0.0272553 0.256909
0 0.634309 0.188835 0.0070437 0.0299454 0.256137
