3 0.611292 0.661868 0.0350788 0.0983398 0.870862
7 0.532426 0.883045 0.063294 0.07653 0.670532
6 0.532472 0.884039 0.0628313 0.0778135 0.601644
4 0.541485 0.821086 0.0907181 0.102414 0.599105
3 0.602948 0.432671 0.0188537 0.0410765 0.575762
6 0.60326 0.5303 0.0234785 0.0358312 0.502207
2 0.739119 0.777036 0.0141094 0.0487927 0.495899
0 0.590029 0.430307 0.00788558 0.0329066 0.425715
3 0.541474 0.82095 0.0913432 0.100198 0.422946
6 0.603357 0.499303 0.0156045 0.0328635 0.410217
7 0.591182 0.343959 0.01919 0.0354141 0.386386
6 0.595104 0.468053 0.0131302 0.0289124 0.383159
3 0.609955 0.254479 0.0131066 0.0213637 0.3556
0 0.760983 0.66433 0.00966305 0.0358502 0.350376
3 0.573566 0.368818 0.030216 0.0345992 0.309424
9 0.45709 0.939831 0.0252544 0.0603145 0.273355
