0 0.503414 0.604842 0.00818451 0.02098 0.730918
0 0.670689 0.818934 0.00876051 0.0146828 0.664068
0 0.514674 0.581591 0.00829429 0.0247391 0.647843
0 0.383421 0.795569 0.00872271 0.0190745 0.599789
0 0.482404 0.573734 0.00778774 0.0186174 0.592242
0 0.552166 0.693964 0.00847015 0.025905 0.582234
0 0.55775 0.834593 0.010134 0.0206788 0.543767
0 0.34806 0.458978 0.00875044 0.0262412 0.540021
0 0.385074 0.0898594 0.00770939 0.028616 0.53736
0 0.481778 0.602905 0.00850952 0.018691 0.512571
0 0.514783 0.991768 0.00834255 0.015383 0.507731
9 0.872689 0.827847 0.0219904 0.021023 0.497195
0 0.420154 0.757245 0.00965663 0.0218696 0.496498
0 0.682034 0.806786 0.00875514 0.0169641 0.494606
0 0.355206 0.026783 0.00786266 0.0258209 0.485418
0 0.403479 0.812224 0.00956172 0.0190655 0.4773
0 0.368152 0.501322 0.00781906 0.0209123 0.472772
0 0.360808 0.529986 0.00912042 0.0174987 0.459332
0 0.354854 0.0495875 0.00849963 0.0252419 0.448016
0 0.404702 0.80873 0.01142 0.0185548 0.431147
0 0.414113 0.769067 0.00981485 0.0211158 0.42462
0 0.34152 0.715778 0.00812884 0.0215745 0.385497
0 0.851388 0.796981 0.0166843 0.0199058 0.378121
0 0.674639 0.774496 0.0118017 0.0200921 0.364815
0 0.377419 0.502255 0.00812417 0.0218635 0.348738
0 0.499015 0.983009 0.0105453 0.0239128 0.34091
0 0.50101 0.977931 0.0106298 0.0175629 0.334129
0 0.360858 0.67242 0.00922032 0.020462 0.278408
0 0.498107 0.990461 0.00872022 0.0184291 0.273723
0 0.514809 0.986294 0.00842564 0.0183206 0.266817
