3 0.37833 0.433453 0.0769869 0.0715488 0.874873
3 0.293023 0.519993 0.0735782 0.0699561 0.874241
3 0.547519 0.409606 0.066024 0.0665298 0.871014
3 0.525399 0.4891 0.0774026 0.0725394 0.865475
3 0.324972 0.325534 0.0711259 0.0678913 0.858802
3 0.794408 0.498656 0.074264 0.076085 0.852524
3 0.455379 0.366239 0.0689405 0.0601638 0.83336
3 0.196824 0.469509 0.0725492 0.0690224 0.831321
3 0.245996 0.394712 0.0872296 0.0652288 0.817954
3 0.640012 0.539228 0.0787405 0.073823 0.815129
3 0.207258 0.289712 0.0821826 0.0673875 0.805806
3 0.770939 0.590223 0.0769316 0.0777579 0.78765
3 0.880609 0.509108 0.0605018 0.0630008 0.511521
0 0.156514 0.0892568 0.0107352 0.0285756 0.428709
