0 0.385194 0.900353 0.0152743 0.0526456 0.771546
0 0.273968 0.916796 0.0165692 0.0638796 0.699141
0 0.495158 0.508576 0.0103086 0.0488696 0.670657
0 0.659148 0.0668195 0.00687831 0.0270127 0.342355
0 0.711476 0.120817 0.00759391 0.0298494 0.342129
0 0.886879 0.269947 0.0112694 0.0294063 0.33594
4 0.401725 0.576695 0.0256986 0.0704362 0.31254
7 0.401959 0.577349 0.0240776 0.0675486 0.276954
1 0.659465 0.119567 0.00753653 0.0217628 0.275085
1 0.826975 0.176151 0.00999494 0.027902 0.266578
0 0.646137 0.0610539 0.00746477 0.0254744 0.264279
0 0.477584 0.109867 0.0076021 0.0265545 0.263072
