9 0.767889 0.824839 0.0377537 0.0307698 0.638332
0 0.668762 0.786982 0.0115671 0.0220699 0.556837
0 0.685406 0.376079 0.00846662 0.0295417 0.514553
0 0.669098 0.871744 0.011878 0.0277657 0.51429
0 0.370705 0.489561 0.0120673 0.0185781 0.493109
9 0.647799 0.535933 0.0122338 0.039661 0.490275
9 0.772405 0.9541 0.0325216 0.0314386 0.483819
9 0.768391 0.947793 0.0356712 0.0325338 0.474684
0 0.594218 0.200477 0.00832328 0.0279248 0.467758
0 0.618814 0.274868 0.00860081 0.0291688 0.451591
0 0.617537 0.280971 0.0081046 0.030635 0.437493
9 0.775693 0.824934 0.0500026 0.0337554 0.435118
0 0.639523 0.312467 0.00933228 0.0274488 0.429474
8 0.369598 0.318586 0.106624 0.0921486 0.421983
9 0.718183 0.619332 0.0235882 0.0252993 0.420593
9 0.783556 0.823646 0.0381485 0.031803 0.411021
9 0.715203 0.586326 0.0266123 0.026506 0.385288
9 0.772412 0.869661 0.0392287 0.0264147 0.382941
9 0.630261 0.689706 0.0263732 0.0218872 0.381291
9 0.764582 0.48219 0.0295449 0.0313335 0.376178
9 0.61446 0.579108 0.0263119 0.023247 0.373031
0 0.626291 0.302368 0.0104368 0.0311371 0.358763
0 0.693706 0.840348 0.0119696 0.0292875 0.358151
9 0.722991 0.554368 0.0310312 0.0270306 0.354871
0 0.683014 0.850408 0.0104446 0.0231275 0.348106
9 0.733625 0.526472 0.0274016 0.0306114 0.327478
0 0.366639 0.586296 0.0148069 0.0178521 0.323041
9 0.607893 0.554781 0.0230426 0.0214102 0.320888
9 0.706903 0.528202 0.0163559 0.0255895 0.316272
9 0.720543 0.84941 0.0159586 0.0536291 0.316058
0 0.632006 0.298093 0.00814475 0.0309796 0.312849
9 0.618365 0.757249 0.0310363 0.0310821 0.307803
9 0.735809 0.52293 0.0298559 0.0330755 0.299563
7 0.608346 0.147005 0.0176605 0.0492334 0.299053
9 0.619015 0.723879 0.028989 0.0282 0.294226
9 0.626596 0.649039 0.0239734 0.021516 0.279647
9 0.628575 0.666734 0.0225669 0.0209533 0.279421
7 0.825067 0.0170455 0.0327782 0.033317 0.274425
6 0.56332 0.128998 0.0202656 0.0448924 0.270403
9 0.77583 0.904308 0.034137 0.0242969 0.269881
0 0.647684 0.293998 0.00834503 0.0254111 0.267675
6 0.749792 0.635362 0.0390139 0.0536255 0.258203
6 0.641059 0.815088 0.0340998 0.0662367 0.252184
