8 0.508214 0.819438 0.0936808 0.176969 0.895959
8 0.746005 0.499832 0.0520088 0.0974135 0.857071
3 0.625152 0.666049 0.0305899 0.041443 0.825681
3 0.594372 0.710149 0.0316176 0.0446247 0.810634
8 0.842396 0.349046 0.0366979 0.0867383 0.791769
3 0.563989 0.756886 0.0296068 0.0491819 0.785927
3 0.64983 0.908056 0.0363915 0.0756895 0.77227
3 0.432909 0.954832 0.0430445 0.0636131 0.76322
3 0.774693 0.707624 0.0310512 0.0633317 0.751027
3 0.805734 0.376237 0.0176541 0.025273 0.740332
3 0.705688 0.532974 0.0233451 0.0322827 0.736936
3 0.648737 0.622537 0.0286747 0.0414077 0.734284
8 0.945556 0.286118 0.0218792 0.0387031 0.69306
4 0.678665 0.567168 0.0397054 0.064266 0.682313
3 0.917358 0.271123 0.0136528 0.0224973 0.591468
8 0.913635 0.395008 0.036052 0.0763939 0.555288
3 0.781334 0.41346 0.0169188 0.0267481 0.510333
3 0.722741 0.506118 0.0207538 0.0323953 0.501843
3 0.926277 0.257621 0.0127422 0.0207676 0.499719
3 0.604722 0.982018 0.0325744 0.0348577 0.492934
4 0.704929 0.869393 0.0497563 0.11434 0.480299
3 0.744877 0.456765 0.0198389 0.0268166 0.463101
3 0.995064 0.1582 0.00917507 0.0209128 0.46286
3 0.789946 0.398983 0.0150944 0.0241602 0.459962
3 0.898268 0.278961 0.0102539 0.0196585 0.457662
8 0.678573 0.566543 0.0397736 0.0645606 0.457225
3 0.932402 0.239539 0.010886 0.0209057 0.449651
3 0.941714 0.152043 0.0116539 0.0156146 0.448222
3 0.76569 0.434535 0.01907 0.0341898 0.441861
3 0.854741 0.274 0.0152048 0.0238637 0.421238
8 0.70478 0.869526 0.0506069 0.115802 0.413352
3 0.934038 0.171433 0.0156568 0.0192074 0.407467
3 0.785082 0.408618 0.0204905 0.0264482 0.389229
3 0.873688 0.327763 0.0108085 0.0212226 0.328944
3 0.981534 0.157814 0.0152546 0.0199254 0.317189
8 0.82232 0.340094 0.0223154 0.040978 0.311088
5 0.98074 0.0400537 0.0158332 0.0329472 0.305162
3 0.825527 0.139305 0.0145664 0.0192735 0.28601
3 0.82444 0.136773 0.0152516 0.0175606 0.283742
