3 0.161541 0.719434 0.0932333 0.105552 0.909519
3 0.856962 0.749179 0.0755848 0.117249 0.896244
3 0.578727 0.212646 0.0237264 0.0398295 0.820137
3 0.409128 0.2144 0.0204451 0.036645 0.815771
3 0.552175 0.214016 0.0189719 0.0327181 0.81245
3 0.254231 0.225165 0.0456566 0.0302799 0.802396
3 0.656438 0.314086 0.0287714 0.0495729 0.7968
3 0.924865 0.608097 0.088128 0.0676183 0.755119
3 0.614391 0.187473 0.0410072 0.0293529 0.740752
3 0.26033 0.20391 0.045059 0.0275889 0.740445
3 0.263155 0.134694 0.0401747 0.0251382 0.731652
3 0.591622 0.126902 0.0165744 0.0255194 0.721165
3 0.381515 0.0292906 0.0262583 0.0198446 0.704643
3 0.348125 0.278368 0.0241423 0.0488039 0.667972
3 0.652077 0.0706635 0.0146674 0.0239308 0.663426
9 0.829637 0.781684 0.0264046 0.065598 0.659689
5 0.265284 0.106544 0.041355 0.0350561 0.587691
3 0.957568 0.701082 0.0848637 0.0649278 0.585656
3 0.66501 0.102136 0.0150327 0.0276052 0.56789
3 0.755615 0.163807 0.0349542 0.0203007 0.531244
3 0.333681 0.028354 0.0284849 0.0161242 0.504039
3 0.385867 0.1337 0.0180708 0.0244424 0.498501
1 0.72845 0.367177 0.0100779 0.0218704 0.468057
4 0.265373 0.107512 0.0419306 0.0341405 0.452622
1 0.4273 0.172943 0.00814331 0.0157635 0.435675
3 0.649037 0.042099 0.0111165 0.0191785 0.422739
0 0.735027 0.173261 0.00757159 0.0207158 0.415404
3 0.588669 0.101797 0.0162368 0.0305159 0.388883
9 0.428859 0.175152 0.01341 0.0189061 0.378446
3 0.354527 0.074073 0.0174938 0.0224518 0.351401
4 0.387082 0.0137056 0.0281344 0.0231231 0.333337
9 0.804161 0.378586 0.0105797 0.0209203 0.328146
4 0.614202 0.187926 0.0412697 0.0309902 0.328032
4 0.41687 0.0508401 0.0174452 0.0249313 0.314087
3 0.622658 0.223624 0.0282671 0.0358253 0.312942
9 0.98522 0.619032 0.0295246 0.0332779 0.306891
4 0.6227 0.221261 0.0294164 0.0368773 0.290976
3 0.283691 0.0265641 0.0276005 0.0240539 0.274888
