3 0.256029 0.462643 0.0274569 0.0557877 0.516312
0 0.391716 0.338238 0.0065162 0.0216851 0.468808
0 0.442613 0.312517 0.00657693 0.0163654 0.460347
0 0.545557 0.714494 0.00867336 0.0188066 0.430964
0 0.406185 0.336234 0.0050432 0.0160567 0.423497
5 0.227661 0.172296 0.041888 0.0634557 0.417086
0 0.355387 0.20712 0.00693612 0.0203446 0.386781
0 0.365131 0.144733 0.00763742 0.0226873 0.383973
3 0.239431 0.494609 0.0204288 0.0394672 0.37484
0 0.521321 0.703325 0.00704572 0.0152044 0.373892
0 0.429298 0.345824 0.00536281 0.0190527 0.364774
9 0.206972 0.533737 0.0150292 0.0254291 0.357085
0 0.395129 0.0579338 0.00523163 0.0222238 0.354144
0 0.438123 0.343123 0.00590781 0.0168281 0.345823
0 0.386575 0.116378 0.00636466 0.0238244 0.340643
3 0.594247 0.984352 0.0207048 0.0264099 0.33938
0 0.429276 0.342063 0.00547049 0.0179438 0.328245
0 0.452256 0.335052 0.0080229 0.0157937 0.324221
0 0.385016 0.11433 0.00754626 0.0195611 0.318265
5 0.230914 0.181067 0.0484753 0.08246 0.309644
0 0.522233 0.732133 0.00711086 0.0175293 0.308769
0 0.45367 0.429205 0.00589334 0.0165207 0.308183
0 0.52137 0.514398 0.00593615 0.015213 0.305864
0 0.393591 0.0546695 0.00553031 0.0208325 0.291803
0 0.540549 0.771222 0.00800742 0.0266703 0.271731
0 0.50179 0.6885 0.00893175 0.0157952 0.269582
0 0.403506 0.0616487 0.00587311 0.0187899 0.268817
9 0.213611 0.553737 0.012867 0.024446 0.265171
9 0.209612 0.554013 0.0124851 0.0270129 0.257345
